50 18
4
      4843
  3.4  33.9  59.5   1.7
  2.0  24.0  10.0   2.2
  4.7  40.5  30.3   1.6
  3.5  27.3  15.3   1.6
  3.0  38.1   9.3   2.3
  4.5  46.7   7.2   2.0
  2.1  46.0  46.8   2.1
  3.3  40.6  25.8   2.3
  3.6  48.3  78.5   1.6
  1.4  48.1  64.4   1.7
  3.7  14.8  25.4   2.3
  2.3  36.9  66.4   2.4
  3.1  39.8  70.2   2.3
  5.0  11.6  14.9   2.3
  1.4  38.4  60.3   2.4
  3.4  49.8  70.9   1.8
  4.6  49.6  79.4   1.5
  3.6  41.5  84.7   2.3
  1.5  41.9  94.7   2.3
  4.3  30.4  55.5   2.1
  4.8  41.5  14.2   1.7
  1.4  13.4  57.3   2.5
  4.3  49.3  16.1   2.5
  3.8  45.1  64.0   2.5
  1.5  28.0  89.3   2.5
  3.4  36.9  79.2   2.3
  1.7  31.7   8.7   1.9
  1.2  46.3  83.2   2.1
  4.2  23.2  58.1   2.4
  2.1  24.5  55.2   1.7
  2.7  25.7  36.7   2.5
  2.0  37.3  50.4   1.5
  5.0  23.3  17.6   1.9
  2.9  25.6  62.5   2.2
  3.4  46.8  35.5   2.0
  1.8  17.4  17.5   1.7
  1.7  25.0  13.7   2.0
  1.1  20.7  70.0   2.4
  3.1  32.7  60.6   1.9
  1.1  11.0  14.1   2.2
  4.2  39.6  41.0   2.1
  4.3  45.0  78.1   1.7
  1.9  41.5  43.5   2.3
  4.5  49.6  76.1   1.5
  4.0  38.8   6.1   2.1
  2.5  23.5  40.7   2.1
  3.3  44.7  63.3   2.4
  2.8  23.8  47.1   1.5
  3.0  23.4   7.0   2.0
  4.8  40.1  92.0   1.8
  1.7  10.6  25.2   2.4
  3.1  41.7  27.4   1.9
  3.1  26.9  69.0   2.5
  3.8  40.5  91.3   1.8
  4.9  14.5  73.1   1.6
  3.3  40.3  92.2   1.7
  3.6  16.4  26.2   1.6
  3.5  49.6  59.0   2.4
  2.7  37.6  66.9   1.5
  3.9  28.8  63.4   1.7
  1.4  17.8  64.4   2.5
  2.2  43.4  46.8   2.1
  2.3  48.2  91.5   1.7
  4.9  46.9  45.8   1.8
  1.9  26.8  39.4   1.5
  1.2  41.0  12.4   2.2
  4.5  29.7  87.8   2.2
  3.0  14.3  13.1   2.3
  2.7  15.8  38.2   1.8
  4.4  39.6  14.3   2.3
  1.2  41.7  21.4   2.3
  3.2  35.3  13.2   2.0
  4.7  31.9  24.2   2.4
  4.5  16.4  37.3   2.1
  1.4  13.7  69.0   1.7
  2.4  34.8  86.8   2.1
  1.3  45.1  94.9   2.2
  3.2  39.5  62.1   2.0
  1.4  24.6  10.8   2.4
  3.5  18.7  70.5   2.5
  3.0  10.8  94.9   2.0
  2.2  34.6  34.6   1.5
  1.5  15.3  42.5   1.6
  1.7  21.7  21.7   1.8
  4.8  27.4  94.7   2.4
  4.3  42.4  83.2   1.6
  4.5  49.3  36.0   1.8
  4.8  42.7  84.6   2.1
  4.9  21.7  57.3   1.7
  2.9  22.0  67.7   1.9
  1.1  38.4  45.0   1.6
  3.3  20.8  48.3   2.3
  3.8  18.2  19.5   2.3
  4.2  29.9  72.9   2.3
  3.7  42.9  93.4   2.4
  3.5  14.1  50.9   1.6
  4.8  22.1  91.2   1.7
  2.2  30.9  92.4   1.6
  4.2  46.7  62.6   2.1
  3.8  35.8  10.3   1.6
  3.7  21.0  92.5   2.1
  4.7  32.3  66.7   2.3
  2.9  41.1  70.6   1.8
  4.5  50.0  17.7   2.2
  2.4  27.3  84.8   1.9
  4.4  19.9   5.5   2.4
  4.4  33.9  54.9   2.1
  4.4  28.1  33.6   2.1
  2.9  29.4  10.0   1.9
  1.8  13.7  54.2   2.1
  1.6  42.1  26.0   1.7
  4.8  13.1  48.8   2.5
  1.4  18.7  57.2   2.3
  2.2  25.5  40.3   1.9
  4.3  25.6  53.0   1.8
  3.1  49.2  82.2   2.4
  3.9  14.8  82.5   1.5
  3.5  26.7  73.0   2.1
  1.0  43.2  77.3   1.9
  4.0  46.6  18.0   2.0
  1.1  24.9  93.7   1.8
  3.2  23.3  85.1   1.8
  1.4  37.8  89.1   1.6
  3.0  14.8  60.6   1.6
  3.5  37.7  85.1   2.1
  2.2  40.5  78.1   2.1
  2.2  30.5  14.7   2.3
  2.6  13.7  87.7   1.8
  4.7  20.8  45.4   2.2
  1.6  48.4  51.3   1.9
  3.9  29.7  76.5   2.3
  2.7  21.4  15.6   1.9
  3.8  27.0  35.6   2.5
  3.1  23.3  47.2   2.4
  3.3  25.6  13.0   2.2
  1.7  45.3  25.8   1.6
  2.1  16.3  60.6   2.0
  2.6  35.8  87.8   1.9
  2.9  37.2  25.1   1.9
  1.1  18.7  21.9   2.1
  3.8  33.4  27.6   1.8
  3.8  30.6  18.4   2.0
  2.5  27.5  55.6   2.3
  3.7  27.1  64.0   1.5
  2.8  22.7  77.4   1.7
  1.9  38.1  92.4   1.5
  3.0  16.0  84.0   2.4
  4.5  45.9  52.6   2.2
  1.9  18.7  14.0   2.2
  2.8  44.1  19.4   2.3
  2.3  13.8  19.5   2.5
  2.9  48.2  43.9   2.0
  4.7  46.5   7.7   2.5
  1.8  41.8  77.4   1.8
  2.1  18.5  79.5   1.8
  4.6  14.9  35.7   2.5
  4.9  47.7  37.1   2.1
  4.8  49.6  45.7   2.5
  3.0  25.3  62.9   1.7
  2.9  21.0  75.7   2.0
  4.3  41.8  75.1   2.3
  1.4  10.1   6.9   2.4
  1.6  38.5  76.4   1.7
  2.2  37.0  17.4   2.3
  5.0  25.3  14.7   2.4
  2.2  20.5  45.9   1.8
  2.3  16.6  83.3   2.2
  1.9  45.5  39.8   2.5
  1.9  22.6  25.6   1.8
  3.0  40.2  56.8   1.8
  3.4  33.2  36.5   1.9
  1.7  13.3  54.0   2.1
  4.4  32.8  22.4   2.0
  2.3  27.3  36.3   1.5
  2.0  33.1  20.1   2.0
  2.1  25.0  51.7   1.9
  2.9  29.3  59.8   1.7
  2.0  28.7  45.2   2.2
  1.1  34.0  62.1   2.1
  1.6  43.3  48.6   2.2
  4.1  12.6  16.5   1.8
  2.9  34.6  43.9   2.4
  3.7  34.2  80.5   2.5
  4.0  23.3  44.2   1.6
  3.9  45.7  76.2   2.5
  1.4  24.4  73.8   1.9
  2.3  12.8  19.5   2.2
  3.3  42.2  62.9   1.7
  1.8  47.8  70.9   2.3
  2.6  43.2  49.7   1.6
  1.3  21.4  86.5   2.2
  1.8  34.5  59.1   2.1
  2.3  13.1   5.4   2.3
  2.2  43.8  45.0   1.5
  2.9  34.1  62.0   2.2
  4.5  28.9   9.6   1.9
  2.2  24.4  71.5   1.7
  2.6  46.9  94.2   1.9
  4.7  44.9  10.9   1.7
  2.9  28.3  70.3   1.6
  0.2   0.2   0.3   0.3   0.3   0.3   0.2   0.2   0.3   0.2   0.2   0.3   0.4   0.3   0.2   0.3   0.3   0.2   0.4   0.3   0.2   0.3   0.2   0.2   0.2   0.2   0.4   0.3   0.2   0.2   0.4   0.3   0.2   0.2   0.4   0.2   0.4   0.2   0.4   0.2   0.3   0.3   0.3   0.3   0.2   0.3   0.3   0.3   0.2   0.3 
  143   132    75   109    10   111    53   140   160    16    47   158   116   102   144     4    62    61    79    74    72    32   156    13    26    83   128    92    45    64    11    33    64    59    16   156    23    12     5    48    39    78   147    91   116    98    59    39    74   173 
  165    78    41    95   171    45   153    22    18   117    27   150   111    47   125    18   152    24   174    34   114   157   107    89    59    35    54    88   177   109    66   108     6    82    19    81    79   104    97    74    61    24   116    39    58     4     1    97   102    55 
    8    70    70    99    54   173   138   102   109   161   103   146    19    28   147   170   104    97    38   132   145    25    62    13   165    38    96   143    95    40     0   144    31    77   109    31    86    74   133    44   133    80   146   141    58    37    39    57    67   150 
   48    81   101    21    12    69    26    33   146   152   167   114    41    75    30    97    87    26   156   102   164   136    52   167    42    29    54    90    64   152   111   162   126   113    41    14   118   114     9    71     5    66   111    70    30    85    39   171   108   156 
  176    85   139    52    18    54    39    16    88    20   161    57   143   119    63    68   172    86   163   108    10   133    28   168    44    86   107   126    25    34    88   160    53    18    54   171   105   177    59    39    59    88   154   166    42    52   136    54   179   142 
  117    93   163   119   170   149    22    17    26    29    25    48   106    93   133   120   114    46   102   113    51    41    82   127   110    50   130    62   171    41   143    87    39   108    12    80    80   147   178    48    38   115   101    26   177   158     4    77   106   111 
   33    19   134   100   105    80    53   177   168    80   158    91   165    32    86    74   125    60    49   131   158    68   117   106   115   171    25   128    99    64   131    24    72    74    92   171    76    64   104    63    99   161    74    49    65    35    36    80   144    64 
   18   124   126   106   110    63    94    76    49    82    99    73   139   144    85     3    56    73    15   138    35   176     0   177   155    43   159    68    19    39   127    10    53   173     3   115   155    27    69   107   130    26    58   129     6   133    18   170    49    13 
  152   127    24    65   165   101   176   147   157   176    71    53    92   138    47    27    92    67     4   170   172    70    36    13    95    55    90   111    70    32    98    91    85    81    70    43   136    65   145    62    61    67   110    40    58    32   135   178    52   127 
    8    93   151     4   104   169   119   100   103   150     7   142   120     7    44    92   108    15   156     7   134    69   143   100    18   177    59   138    31   116    13   159    83   169   178    68   106    88    28   150   162   125   148    86    61   171   133    86    12     4 
   49    23    71   173   111    73    68   111   115    49   125   105   108   155    89    31   134   151   115    81    99   166   170   107    52   179   165   130    87   107   168    87     3    61    37    43   149   108   145    23   156   159    94    58    61    69    41    90    18     6 
    6    13    92    62    23    27   177    43    28    98   118    62    43     8   107     6    66     9    83    59    16    67    56    70   137    85    38    30    95    17    20   113   125    93    58    49   163    31   179   109   134    70    39    49    59    60   107    48    10   127 
   97    66   104    25    45   158    25   122   121    73     8   120    33   170   103    80    49   147    94    74    68    42    30    73   140   118   126   138    89    25    36   150    44    44    94    67   166   109    57    95     1    98   107    91    54   144   132    23     8    10 
    1   138   136   157   107    63    42    70    74    73   106    45   138   126    10   171     6   148   110    28   128   169    49    98    83   143    73    76    23    46   131   175   135    28    72    35   134    54    43    92    22   146   119   134    64   110    64   104   160    69 
   52   117    66    54   104   127    30    29    17   140    19   136   143    49    15   121   141    37   120    17   141    68   178   140   116   124   157    12    51     1    60    68    92    64   171    61   103    40    73   113   128   119    80    82   133   148   106    58    89   134 
  110    40   127   140    77    97   163    84    19   167    86    28   159   143    41    96   149   163    60   103    87     0    42    77    54     3    94    49   125    30    74    85   123    52    39   146    51   102    20   104    32   121    64     2   100    83    64    13   152   131 
   67   148   171   103    57    83   150   125   158   107   140   178    59   115    40   123    17   106   160     6    95    56   106   174    83    80    20    50    20   122    59   121   100    28    28   148    78    84   146   106   106   166   116    52   173   105    98   158    88   148 
   65    35    71    35   107    11    78   157   156    19    23    15   168   158    61   146   129    98    19    82   104    72   160     2   151    40    86    28   128    96   177   120    35    22   149   130   102   126    96   163   151    97   117    51    17   148   142   122    35    65 
