50 12
2
      8121
  1.7  39.2   7.8   2.4 
  1.6  13.2   5.5   2.1 
  4.8  13.0  35.6   1.7 
  1.3  44.4  18.5   2.3 
  4.4  20.4  14.5   2.1 
  4.4  40.7  87.1   2.5 
  1.8  49.2  50.7   1.5 
  2.6  21.3  60.4   1.5 
  3.0  10.3  22.6   2.2 
  3.2  31.9  14.3   1.6 
  1.8  26.6  89.6   1.7 
  3.9  10.9  57.9   2.0 
  4.0  14.3  10.6   2.4 
  3.5  33.6  55.6   2.3 
  4.0  24.2  31.7   2.5 
  4.0  26.4  55.9   2.3 
  4.1  29.3  25.5   2.2 
  1.5  47.0  60.0   2.4 
  2.4  46.1  76.8   2.3 
  3.1  26.7  13.4   2.5 
  2.6  34.2  26.1   2.4 
  3.3  20.1   9.5   1.6 
  3.6  38.8  42.9   2.1 
  2.7  46.1  67.5   1.9 
  3.6  19.6  86.3   1.9 
  4.0  31.9  18.0   2.3 
  2.7  49.0  82.3   1.8 
  1.3  45.4  36.0   2.0 
  3.6  25.3  49.6   1.7 
  3.8  15.2  69.9   1.6 
  4.4  46.8   7.6   1.9 
  2.4  21.1  65.1   1.9 
  1.8  24.6  20.3   2.1 
  1.3  34.1  49.8   1.8 
  3.1  21.1  40.8   2.5 
  4.7  28.6  85.6   1.5 
  4.4  24.6   5.3   1.6 
  5.0  39.8  73.2   1.9 
  1.1  47.7  56.7   2.2 
  4.0  46.7  25.7   1.8 
  2.6  20.9  68.2   2.4 
  2.2  41.5  41.7   2.2 
  2.5  31.6  94.6   1.6 
  3.8  23.5  46.6   2.3 
  3.9  37.5  78.7   1.7 
  3.1  40.1  29.5   2.5 
  2.7  20.5  49.1   2.1 
  1.1  35.4  74.7   1.7 
  4.7  24.9  14.2   1.9 
  3.3  31.1  31.4   1.8 
  4.8  25.8  48.7   2.1 
  1.6  23.8  47.8   2.4 
  1.6  45.9  24.1   1.5 
  3.2  49.9  54.1   2.1 
  3.1  18.2  28.1   1.6 
  1.9  42.6  89.9   2.2 
  4.5  35.9  59.8   1.9 
  3.9  20.8  93.8   1.9 
  2.2  18.8  22.0   2.1 
  4.2  14.0  82.2   2.2 
  2.0  14.3   8.0   1.5 
  4.2  15.0  22.2   1.8 
  1.8  41.5  69.1   2.4 
  1.3  21.6  17.4   1.7 
  2.1  14.6  53.9   1.9 
  1.4  16.5  73.6   2.2 
  3.1  18.1  68.9   2.4 
  3.0  44.1  68.9   2.4 
  2.3  17.3  33.0   1.6 
  3.4  46.3  49.7   1.5 
  2.8  27.3  51.9   2.4 
  3.6  10.9   5.8   2.3 
  1.3  43.4  68.3   2.5 
  2.9  20.9  66.3   2.0 
  4.3  15.4  85.3   1.8 
  4.2  46.0  87.6   1.5 
  4.0  35.3  30.5   2.4 
  4.8  26.9  13.4   2.1 
  4.2  23.0  18.0   2.1 
  3.3  47.7  40.7   1.7 
  1.2  28.4  30.5   1.6 
  1.0  22.2  45.3   1.9 
  2.3  13.9  80.8   2.5 
  4.5  24.9  49.6   2.2 
  4.8  37.9  81.8   1.7 
  4.5  29.2   9.0   1.7 
  3.2  35.5  44.5   2.0 
  1.8  36.5  20.5   1.7 
  1.3  34.3  50.0   2.5 
  2.0  26.5   5.4   2.1 
  2.0  47.3  31.9   1.8 
  1.0  26.8  77.7   2.1 
  3.3  22.8  69.0   1.6 
  3.8  42.5  56.6   2.2 
  1.1  12.5   6.4   1.8 
  1.4  17.4  89.2   2.2 
  4.9  40.9  30.5   2.4 
  4.6  20.8  81.5   1.9 
  1.1  13.7  61.8   2.0 
  2.6  34.0  93.0   2.3 
  0.2   0.4   0.3   0.3   0.3   0.4   0.3   0.4   0.2   0.2   0.3   0.3   0.3   0.2   0.3   0.2   0.2   0.4   0.4   0.4   0.3   0.2   0.2   0.2   0.2   0.4   0.3   0.2   0.3   0.3   0.2   0.3   0.4   0.3   0.2   0.4   0.4   0.3   0.3   0.3   0.4   0.3   0.4   0.3   0.3   0.2   0.2   0.2   0.4   0.3 
  140    62    97    30    36   160    33   148    46    95   126   139    44   102    42 
  150   161   179    55    64   169   111   136    17    33    64   120   176   175   175 
    5    85    67   145    88   156    74    75   156    92   159    21   115   104   147 
   95    43   149   110     8    39    16   132    40   120    70   142    58    24    36 
   77   144   109   164    73   144    92   149    76   115    75    43    90   178   146 
   69   127   117    94   162    56   104     7    34    46   146   146    55    56    70 
   59    74    57    55    22    17   106   152   120   104    50   150    41    78   140 
  133    75    98    93    98   115   137     0    99   152    45   109    92    32    47 
    1   128    58    58    71    49    20    39   148    67   173   101   130    67    44 
   16    80    24   102    72   120    49    59   104     0    63   155   105   112    44 
   14   173   121   137   135    23    21    38   134    42   130   103    87   156    80 
   17    57    45    43   144   132    68   177   104   116    19     1   177   138   110 
  131    30    93    91    99   167    73    79     6   136    85   149    51    23   101   114    46   129    76     8    49    36   119    70   144   148    79   105   115    93   126     6    61    74   149 
  159     1   177   121    31   121   157   167    21   149   165    96    92   125   144    30   149    67    96    58   147   146    54    58   167   173   104    62    40    85   177     7    92     0    82 
   82    79   170    82   134   179   167   122    38   170   161    73    99    54   149    57   162    94    74   146   147   170    28   121   150   128    41    83    82   157    48    13    14    20   141 
   44   129    16   165    70    61    90     0    29    10     9    22   169   134   129    68    45   160   107   150    59   170    90    40    78    53   127   141    23   114    36    14    89     7    18 
    9   133   179   136   116   136   107    40    54    31   167   112     5   141   120    63   138   179    54   115    69   143   117   179   103    25   106   121    86     7    94   126    69    15    27 
  158    50    59    39    21   152    85   119    79    13    69   179    12    64    94     5   143    27    36   128   168   106   161    34   136    66   109   124    73    91   137    43    98    35   146 
  151    60    49    11   134   137    58   103   125   170    75    33    39   138    29    84    39   105   167    92    80    68    96   123    94    24    59   153   120   101     6    95    56   119     4 
   48    45    83    50   164   135    54    64    43    30   173   167     9   105   169   150    13    33    25    13   109   149   164    96   114   138   175   146   100   105     4    97    91   139    30 
   43    69   136    48    10   134   104   157    41   138   112    77   107   100   160    34    50     3     4   149   162    67   176   159   124    87    48    58     4   100   103    93    97    14   167 
    5   153   102   150     4   164    75   141     0    46    83     4   130   107   145    73    18   179   120    52   112    94    28   146    58    60    53    15    67    86   121   144   144    54   140 
   49   150   156    24    91   167     4    81    87   143     2     7    40    81    93    90    15    90    54    34    71   163   129   123   158    75   102   174   121     9   131   104   145   171     3 
  104    41   148    52     9   100   179   123    49    32     5    87     6    22   120   178    64    75    47    89    10    36    67   111    12    44   122    20   118   130    63   123   123   135   115 
