6 18
4
       567
  1.5  30.3  78.8   2.0 
  2.4  42.5  94.7   1.5 
  1.7  50.0   7.8   2.0 
  1.3  47.3  66.1   1.9 
  4.7  30.9  32.5   1.8 
  3.2  13.3  72.1   2.3 
  2.4  40.3  27.6   1.7 
  3.9  25.5  79.5   2.2 
  1.7  37.8  89.4   1.6 
  4.8  25.2  22.3   2.4 
  2.3  37.5  36.5   2.4 
  2.3  20.7  51.0   2.2 
  2.8  15.8  38.1   2.1 
  2.5  24.6  74.6   1.7 
  4.7  15.5  64.0   1.5 
  1.1  23.1  64.9   2.5 
  3.3  31.4   6.9   1.6 
  1.8  32.8  22.2   2.0 
  2.5  49.0   7.3   2.2 
  3.4  45.4  75.9   2.4 
  3.5  40.4  20.4   1.7 
  4.5  21.6  26.9   2.0 
  3.5  10.6  22.3   2.4 
  2.1  44.6  46.6   2.2 
  0.2   0.2   0.4   0.3   0.4   0.3 
   87    28    73    97   105    38 
    5    85   149    67   161    47 
  179    48    78   152   170   100 
   74    29    38    89    87    60 
   78     8    88   149   169   130 
   24    61   141    31   161    29 
   81    18    74   176     5    95 
   54    58    16     7   109    56 
   11   174    40   122   114   171 
   40    35    96    30   157   147 
  119   144    12   157   105    50 
   68   155    91   152    21    25 
  141    96   153   132   169    76 
  162    64   141   156   102   177 
  122    30    78    67   159   116 
   72    12    44   117    10   108 
   81    35    86   146    36   109 
    3   157    79    34    72    62 
