50 18
2
      8108
  2.0  25.2  42.9   2.3
  4.5  28.3  29.3   1.8
  3.7  23.3  92.9   1.9
  4.4  22.4  34.3   2.4
  2.5  20.1  44.4   2.2
  2.3  23.6  49.4   2.2
  1.1  38.1  39.2   1.8
  3.0  45.7  74.2   1.8
  4.5  40.3  22.0   2.0
  4.8  49.9  22.4   2.4
  4.4  15.6  69.7   1.9
  4.7  46.3  75.9   1.7
  3.7  23.6   8.4   2.5
  1.9  35.7  22.7   2.5
  1.3  38.5  67.9   2.4
  2.7  21.4  62.3   2.0
  2.7  37.7  81.9   1.7
  3.6  34.7  39.0   1.5
  2.0  30.6  62.5   1.8
  2.0  12.7  52.9   1.5
  4.3  47.5  11.8   1.6
  3.3  31.7  30.1   2.1
  3.9  37.8  57.2   1.8
  1.1  40.4  86.8   1.5
  1.1  16.0  31.6   2.1
  2.6  38.2  62.7   1.7
  1.7  48.8  90.0   2.2
  1.1  44.1  71.1   2.4
  2.8  40.7  28.0   2.2
  1.7  13.1   8.3   1.8
  4.3  45.4  45.1   1.7
  2.8  26.1  35.7   2.2
  3.4  39.6  21.5   2.3
  4.0  36.7  36.8   1.7
  1.6  31.0  78.7   2.1
  2.0  32.6  38.1   1.8
  3.5  49.3  46.8   1.9
  2.5  19.5  63.9   2.1
  3.8  27.0  38.3   2.1
  2.9  36.6  35.9   2.5
  1.2  43.6  45.2   1.9
  2.3  45.2  26.2   1.7
  3.7  22.5  13.7   2.2
  3.0  35.4  25.1   2.4
  3.1  16.0  19.0   2.3
  2.1  12.7  63.1   1.9
  2.3  38.6  93.7   2.0
  1.4  31.2  66.4   1.6
  2.9  36.7  92.6   2.5
  3.0  23.4  37.1   2.1
  1.4  18.3  19.0   1.6
  4.4  10.1  75.9   2.0
  2.0  10.1  13.6   2.4
  1.2  49.0  83.8   2.1
  1.1  48.9  54.0   2.4
  2.7  22.0  87.3   2.2
  3.4  35.2  93.9   2.0
  4.2  45.5  79.4   1.6
  2.7  14.9  46.0   1.9
  3.5  26.5  52.7   2.3
  4.2  13.9  23.2   2.3
  4.1  17.9  19.7   2.3
  4.1  20.8  25.6   2.3
  2.5  27.2  82.4   1.9
  2.3  39.3  81.6   2.3
  2.2  10.4  70.6   2.5
  4.2  44.0  12.4   1.9
  2.3  32.1  82.7   2.3
  2.9  23.3  37.5   2.2
  4.2  15.0  45.5   1.8
  4.1  11.8  41.6   1.5
  3.6  42.4  35.9   2.4
  1.8  15.4  89.1   2.3
  2.5  15.3  36.0   2.3
  4.7  46.3  60.0   2.5
  3.4  35.5  20.9   1.6
  2.9  31.2  65.5   1.8
  1.9  28.3  31.0   2.2
  4.7  30.4  75.9   1.5
  3.4  33.9   8.4   2.4
  5.0  31.6  87.4   1.8
  4.1  35.1  88.5   2.0
  2.4  31.3  28.2   2.3
  4.8  43.5  28.0   1.8
  2.8  19.0  68.0   1.6
  3.1  39.6  67.3   1.8
  4.5  10.7  51.0   2.0
  3.6  42.2  85.2   1.6
  3.8  13.4  52.2   1.7
  2.6  49.7  29.2   2.3
  1.2  17.2  72.4   1.8
  3.1  19.5  82.4   2.2
  4.4  26.5  52.0   1.8
  4.5  47.4  27.3   1.9
  3.1  34.0  22.9   1.7
  4.3  23.3  93.7   1.7
  4.5  37.3  54.5   1.6
  4.6  19.2  35.0   1.9
  2.5  46.9  72.3   2.0
  4.1  22.1  28.7   1.9
  0.2   0.3   0.3   0.4   0.3   0.3   0.3   0.4   0.3   0.3   0.2   0.4   0.4   0.3   0.3   0.3   0.3   0.4   0.3   0.3   0.2   0.4   0.3   0.4   0.3   0.3   0.2   0.3   0.4   0.3   0.3   0.4   0.2   0.3   0.3   0.4   0.4   0.4   0.3   0.3   0.3   0.4   0.2   0.2   0.4   0.2   0.2   0.3   0.4   0.3 
   87    64    90    18    86   116    95   107   137   122    46   140   156   104   160 
   72    95    12   122    42    79   156   106    78    15   140    62    74    18   166 
  150    19    66    81    51   100   160    46   148    71     4   146   114    19    71 
   25    52    46     2    25    39    21    71    56    81    62    24   141   163   116 
   34   112   176   104    11    21    12   173    90   122    94   133   166   125    58 
   10     3   121   176    27    65    32    26   165    87   126    79   136    63   176 
  157   166    47   175   115    45    62   122   105    70    77    95    37     5   170 
  160   105    86     6    16    30    86   127   160   148   137   126    28   131   121 
  118   115   166    29   127   117    84    39    41     5   110    19    50   122    53 
   56   173   127    52     6   101   153   162    66    30    18   122    68    22    95 
   42    24   109   154   167    73   167   145   120     5   173   100   101     8    93 
  161    43   136   135   173    55    16   124    61   142    49    30    59   103    26 
  119    74     7    74   146    13    54   169    70    48    37    54    56   139   162 
  105    87   167   152    25     4    71   142    47   120   105    71    72    29    54 
   32   144    67    94    69   111   162   101    66    66    74    82   143    16    79 
   35   128    85    35    90    75    68    20    80   101    46   132   147     9    70 
  159    92    20   141    68    11   178    62    47    88   169   152   113   150   175 
   89    71   171    51    28   106   111    31    34    68    81   168   171   100   179 
    5   113   170    81   149    82     8   161    95    95    47   132   158    53    79   128    43     3    18    42   133   159    52    52    37    89    21     8     3   150   142    96   151    22    80 
   93    19    20   165   141    90    42   104   125    49    75    28    52   145   171    56    43   162   125   144   108    43    84   139   178   118    68    37    10    24   152   145   114   174    36 
  122    46   165    92    39   113    68   112    19    94   113     6   111    31    14   146    55   109    28    61    37    73   145   109    64    10    58    19   126     2    69   117   143    93   173 
   44    98    84    85    58    89    65    50    59     2   107   157   162    79   111   148    27   133    96    33   168    24     6   159   175    74    83   164   149    88   139    90   110    90   159 
  153    72   101   128   118     9    73    99   178   101   169   141    82    48   105    55    27    38   145    77   146   143    44    22    84   152    23   119   116    11    73    53   112   131    98 
   18   134    97   129   141   159    53   100    15   177    14    60   106    57    12    95    71    38     7    26   125   165    86    85    16    73     5   135    55    72    47    40   111    17    81 
   10   151   177    12    53     5    85    32    10   159    15    95    39   108    99    76    52   118   162    21   156    60    45   112   151    33   163   121   171   164   116    53    77   120   146 
   57    85    25   168   101   103    27    23   102     6   170   126    97    32   141   128   169   109    61   174   176    76    74   143    10   163   164   174    52     1    84   133    26   169    79 
   47    12   112   168     2   143   152    49   168   133    48   176   123    74   179    66     3   130    52   165   127    87     4    76    72   152    97   107    61    44     7    13   118     1   168 
  164   106   154    85   107    86    13   136   144   121    30    69   107     3    11    13    10   121   165    10   160   110    77    36   125    71   160   163   102   115   150    94    45   119     0 
  139   110    59    39    39   138    52    73    89    27    74    56    49    20   164   125   111    46     4    22    32    81   163   162    18    75   119    80    85    98    87    27    66    94   131 
   92    81    52    76   134   135     6     5   124    47   143   125    81    92   129   141    65    86     5     6     9    13    22    21    14   104     6   163    67    46   108     5   127   167   172 
  106    14    42   136   111    45   106   129    35    13     0    93    96    42    88    80    21    85   138   175   114   143    13   122   119    22    79   129   169   108    70    52    64   119    82 
    0    58   159    40    94   146    33   153     2    51    25    90   113    30    18   124   169   171   133    59     4    19    63     1    14    80   178   135    41    75    87    77    98    65    83 
  154   171     3    16    22   101   163     1     0   107   144    54    76    13   101    11   144   171    13   113   154   116   138    58    35   111    18    24    72   119   159   178   179    41    94 
   30   177   110    64   132    10    61   177    11    32    19   121     7    18    93   134    71   126   127   174   175     4   168   174   150    40    49    70   134    30    32    21   109    49    38 
   58    89   115    35    16   118    19   117    28     3   128   137    40    10    28    71    36    85    40   166    51    47    34    63   112   117    82   122    87    60    11    37    68    72   136 
  124    81    84   176     4    84   148    28    46    92    24    32     0   174   116    27   132   137   134   114   122    82    88    41    10    45   153    82    10   122   127   118    19   169    24 
