6 18
4
       593
  1.4  27.0  81.9   2.1 
  2.5  39.5  88.0   2.5 
  4.2  48.0  25.9   1.8 
  2.5  43.7  45.0   1.8 
  3.4  19.7  28.5   2.1 
  4.3  39.4  12.3   2.0 
  3.8  25.4  13.7   2.4 
  4.2  28.0   5.2   2.3 
  2.5  35.9  82.8   1.8 
  1.6  43.1  55.1   1.9 
  2.9  13.2  46.4   1.9 
  1.2  46.6  38.1   1.5 
  1.7  11.9  12.8   2.2 
  2.7  31.7  78.2   2.5 
  1.1  47.0  58.9   1.5 
  4.6  15.5   8.8   1.7 
  5.0  31.6  43.7   2.2 
  1.8  29.7  76.7   2.1 
  4.9  32.5  48.5   2.0 
  4.0  28.0  81.5   2.0 
  1.6  19.6  30.2   2.4 
  2.7  41.3  57.8   2.4 
  3.7  22.6  16.0   1.9 
  1.9  13.6  26.7   1.8 
  0.2   0.4   0.3   0.3   0.2   0.3 
   98   133    95    17   169     6 
   84   136   152   159    69    69 
  157   174    24   170    87   173 
   35    65    61   163    36   121 
  144    29   175    35    25    93 
  167   113   169   133    65   119 
  167   141    45     6   132   173 
   75    47   112    96    65   110 
   20    77    81    25    45   105 
  143   140   131    16   145    31 
  125   128    27    35   128    24 
   29   114     2    70    74   127 
  166    19   178    80   155    65 
   68     5   147   149   152    62 
    6   133   166   170   150   142 
  141   114    48    83     4   130 
   72    52   134    45   120   124 
   71    11    91    64    42    23 
