25 18
2
      3974
  4.7  41.3   7.8   2.4 
  4.7  33.9   5.5   2.1 
  4.6  21.3  35.6   1.7 
  2.4  33.3  18.5   2.3 
  2.0  29.8  14.5   2.1 
  2.8  14.1  87.1   2.5 
  2.6  18.5  50.7   1.5 
  1.5  21.3  60.4   1.5 
  3.7  25.0  22.6   2.2 
  3.5  16.8  14.3   1.6 
  3.0  23.9  89.6   1.7 
  3.0  17.2  57.9   2.0 
  1.8  44.1  10.6   2.4 
  4.6  19.8  55.6   2.3 
  1.5  10.1  31.7   2.5 
  3.4  27.5  55.9   2.3 
  1.7  27.8  25.5   2.2 
  4.8  30.0  60.0   2.4 
  1.9  34.1  76.8   2.3 
  4.8  38.1  13.4   2.5 
  2.5  36.2  26.1   2.4 
  4.2  49.1   9.5   1.6 
  1.6  38.4  42.9   2.1 
  2.8  37.9  67.5   1.9 
  1.7  42.8  86.3   1.9 
  1.6  10.1  48.7   2.1 
  2.0  44.4  47.8   2.4 
  1.2  29.6  24.1   1.5 
  1.4  23.3  54.1   2.1 
  3.2  15.8  28.1   1.6 
  3.9  17.4  89.9   2.2 
  2.7  11.1  59.8   1.9 
  2.6  24.8  93.8   1.9 
  2.8  40.1  22.0   2.1 
  5.0  43.7  82.2   2.2 
  3.0  36.2   8.0   1.5 
  4.8  25.9  22.2   1.8 
  4.9  10.7  69.1   2.4 
  1.2  44.5  17.4   1.7 
  3.1  27.6  53.9   1.9 
  4.0  19.9  73.6   2.2 
  3.9  33.0  68.9   2.4 
  3.8  21.6  68.9   2.4 
  1.0  46.6  33.0   1.6 
  2.2  21.9  49.7   1.5 
  2.6  32.3  51.9   2.4 
  1.3  49.8   5.8   2.3 
  2.5  42.7  68.3   2.5 
  3.3  38.4  66.3   2.0 
  2.2  10.6  85.3   1.8 
  0.2   0.4   0.3   0.3   0.3   0.4   0.3   0.4   0.2   0.2   0.3   0.3   0.3   0.2   0.3   0.2   0.2   0.4   0.4   0.4   0.3   0.2   0.2   0.2   0.2 
   43    87   161    50    22    86    77    98   169    49   109    60    48    16   149 
  178   113    12   131   133    92   101   145   150   169   135   124   166    14   109 
   49    48   154    48    19    36    45   161   165   125   165   146    67    17   117 
  130    47   101    91    37    21   116    78     9   167    44   132     6    62    57 
  168    52   179     1   141   166     3   175    82    83    74   123    16   161    98 
   10   144   154    53   110    91   117   135    63   159    71     2   101    85    58 
  100   175    46    39   106   153   129   113    49    86    49    11    94    43    24 
   88    30    94    97    13    62    12    15     0   155    44    95    71   144   121 
  168   131    36    98    52   162   150   159    54    65   167   135   107   127    45 
   51   172   153   141   135    60    76   169    36   100    55    20   140    74    30 
   11    71   138    18    63    32   162    76    65   114   141    33   150    75    55 
   30    25    41    36    49    96    84   116    60   178     1    77     5   128   145 
  139    14   146    74    20    75    49    68    17   134    75    47    95    80   110 
   65    26    33    46   133   105   117   143    14    34    66   177    77   173   164 
  152    62   176    19    73   163    43    58   108   119    97   138    69    57    94 
  144   171   156   130    17    72   149   125   158     3   105     3    59    97    55 
   68    13   116     4    29   108    24    23    66   169    57   114   133   179    93 
   18    28    72   144   141    82   133   102    93    15   125   163     1    67    58 
  102    39    49    40     0   142   105    36     5    16 
  137   144    21    76    42    43    87   146    49   179 
   43    56    68    34   116   146   177    70   104    59 
   36    17   148   120   126   150   102   140    30    49 
   64   115   136    99    64   109   175    47     1    83 
   88    49    75   148   159   101   104    44    79   136 
    8   120   132   104    70   155    24    44   129   102 
   73    23   149   134    75   103   178    80   133   156 
  162   132     7   104   146     1    56   110    50   148 
   22    33   152    95    50    44    78   131    60    91 
   98   111     0    33    45   176    32   159    45   121 
   71    74    39    92   173   115    67    82    69    82 
   72    16    59   120    63    58   112    44   153   165 
  135    92    38   115   130    90   156     9   150   136 
  144   104   177    46    19    55   138   158    41    39 
  160   106    46   104   139    41    42   151    93    11 
  169   137    17   152   120    92   175    48   177    50 
  156    20   156    67    21   130   147    43   170    48 
