50 18
4
      5004
  3.1  15.3  78.8   2.0 
  1.9  17.9  94.7   1.5 
  3.3  26.2   7.8   2.0 
  1.1  33.9  66.1   1.9 
  3.3  21.6  32.5   1.8 
  4.4  17.5  72.1   2.3 
  2.8  34.1  35.5   2.0 
  2.1  36.1  39.9   2.2 
  2.3  27.9  87.8   2.2 
  2.2  48.0  34.4   1.5 
  3.0  32.5  62.3   2.0 
  2.5  36.3  82.8   1.8 
  4.4  19.5  10.8   1.8 
  2.2  43.5   6.8   2.0 
  3.6  25.1  92.2   1.8 
  1.8  39.4  83.9   1.7 
  2.0  49.1  25.1   1.6 
  1.8  21.1  44.8   2.0 
  4.3  14.2  66.1   1.5 
  4.0  19.2  22.4   2.3 
  1.2  48.6  62.5   2.1 
  3.1  40.0  41.3   1.7 
  2.2  10.3  90.6   1.8 
  4.3  40.0  36.3   2.1 
  2.4  34.7  86.2   1.7 
  4.7  19.2  52.9   1.6 
  4.9  39.9  94.4   1.6 
  2.4  39.7  58.4   1.8 
  5.0  25.6  28.3   2.0 
  4.1  13.1  56.2   1.7 
  3.5  41.4  63.3   2.4 
  1.3  33.8  92.0   1.9 
  2.0  11.2  60.4   2.1 
  3.0  17.5  80.5   2.2 
  3.5  43.8  49.0   1.5 
  3.7  43.6  60.4   1.5 
  3.8  18.1  21.5   1.7 
  4.9  30.8  40.9   2.0 
  4.6  10.5  20.5   1.9 
  2.9  33.4  43.4   2.2 
  4.3  15.4  32.7   1.7 
  2.0  17.2  29.5   2.0 
  3.6  32.9  80.3   2.3 
  1.9  40.5  23.1   2.4 
  2.6  31.7  29.3   1.5 
  4.7  41.0  23.1   1.7 
  3.4  16.6  28.6   2.3 
  4.9  42.0  46.6   2.2 
  2.2  17.8  94.5   2.0 
  4.2  46.4  10.8   1.6 
  2.4  47.9  27.6   1.7 
  2.3  32.2  79.5   2.2 
  1.8  31.9  89.4   1.6 
  4.8  14.4  22.3   2.4 
  1.9  32.5  36.5   2.4 
  1.7  23.9  51.0   2.2 
  2.3  43.2  45.8   2.3 
  1.8  32.4  37.8   1.9 
  1.2  33.3  61.5   1.6 
  1.9  29.5  31.0   2.4 
  1.3  40.1  53.7   1.5 
  3.9  10.8   7.9   2.0 
  1.5  49.2  64.8   1.7 
  1.3  16.9  48.0   1.7 
  2.4  35.3  77.1   1.7 
  3.9  46.7  79.6   1.9 
  2.2  45.5  11.4   2.0 
  4.5  31.8  38.7   2.0 
  3.8  48.1  83.9   1.7 
  4.0  35.9  85.8   2.1 
  2.6  45.8  57.8   2.4 
  1.3  36.7  28.8   1.7 
  3.9  25.9  30.2   2.3 
  1.6  34.8  57.9   1.6 
  2.9  34.3  80.3   2.5 
  4.7  40.6  40.9   2.1 
  2.0  21.3  60.2   1.7 
  4.3  41.8  62.4   1.8 
  3.3  35.7  86.6   2.3 
  2.8  33.2  38.9   2.3 
  1.8  40.9  77.2   2.4 
  1.7  10.5  22.9   2.2 
  4.7  42.7  70.3   1.9 
  2.5  16.1  57.7   1.9 
  4.6  38.7  35.9   2.4 
  1.5  30.8  13.8   2.2 
  2.9  33.2  84.0   1.8 
  4.6  17.2  80.0   1.5 
  1.3  46.6  54.9   1.8 
  3.0  39.7  69.5   1.8 
  3.1  36.8  55.6   2.3 
  1.8  14.1  26.5   2.3 
  4.4  30.0  67.2   2.1 
  2.8  40.4  26.5   1.9 
  3.9  26.1   7.5   2.4 
  4.4  34.9  43.0   1.6 
  2.0  21.8  43.7   1.7 
  2.9  22.6  12.0   2.1 
  2.6  27.1  62.2   1.6 
  3.1  29.2  54.2   2.5 
  4.6  39.4  38.1   2.1 
  4.1  22.3  74.6   1.7 
  2.0  16.1  64.0   1.5 
  3.8  45.1  64.9   2.5 
  1.6  49.2   6.9   1.6 
  2.7  25.0  22.2   2.0 
  3.5  14.3  39.0   1.6 
  1.3  45.8  84.6   2.1 
  2.8  46.6  12.1   2.3 
  2.3  41.3  52.1   2.4 
  2.6  42.7  34.7   1.6 
  2.9  44.3  42.2   2.5 
  1.3  24.2  75.6   1.9 
  1.9  48.4  20.0   1.8 
  2.0  41.5  53.2   2.4 
  2.2  36.7  24.2   1.9 
  4.4  21.5  81.9   2.0 
  1.6  40.0  49.6   2.3 
  2.8  15.9  71.1   2.3 
  1.3  25.7  48.9   2.4 
  4.0  16.1  89.6   1.6 
  3.3  42.4  35.3   2.1 
  1.5  44.9  43.1   1.6 
  4.4  31.1  87.8   2.2 
  2.4  48.9  65.1   1.7 
  4.8  22.1  19.2   2.1 
  4.5  19.7  81.3   1.8 
  2.0  46.7  52.0   1.7 
  2.3  47.3  28.3   2.4 
  2.8  12.4  82.4   2.3 
  2.4  14.4  51.4   2.2 
  4.7  17.6  90.8   1.6 
  3.0  17.0  78.9   2.2 
  2.0  23.3  31.9   2.3 
  2.2  24.6  57.7   2.2 
  2.6  18.5  61.0   2.5 
  4.2  27.5  79.2   1.8 
  4.5  11.7  60.8   2.0 
  4.6  35.5  60.9   1.6 
  4.7  12.0  40.7   2.1 
  3.9  39.4  80.2   1.6 
  2.5  17.5  47.8   2.2 
  3.9  43.6  89.9   1.9 
  4.4  11.5  58.6   2.1 
  3.2  40.3  47.7   1.5 
  3.7  38.2  71.0   2.4 
  2.9  35.8  37.6   2.3 
  3.5  22.9  34.5   2.0 
  2.2  34.6  61.8   2.2 
  1.3  28.9  74.5   2.2 
  2.8  24.2   7.3   2.2 
  1.4  18.8  75.9   2.4 
  4.1  40.4  20.4   1.7 
  1.2  35.6  26.9   2.0 
  2.4  32.5  22.3   2.4 
  2.9  48.1  46.6   2.2 
  4.2  38.6  35.8   2.5 
  1.5  11.2  94.9   1.7 
  3.6  20.0  91.0   2.4 
  4.7  38.7  66.9   1.8 
  2.3  37.7  22.1   1.8 
  4.3  15.3  17.2   1.9 
  1.8  45.9  66.3   2.4 
  3.9  37.1  35.8   1.5 
  3.6  36.2  20.1   1.9 
  3.2  35.6  75.9   2.0 
  1.6  17.2  44.2   2.3 
  3.9  43.8  20.7   2.3 
  1.4  49.6  38.5   2.4 
  1.4  49.5  86.0   2.4 
  5.0  40.3  84.9   2.1 
  2.8  40.6  19.6   2.2 
  3.4  12.6  63.1   2.5 
  3.3  15.1  35.1   1.5 
  4.9  42.9  47.7   1.9 
  1.0  19.3  15.1   2.3 
  2.8  19.2  65.6   2.3 
  3.2  41.6  69.4   2.3 
  3.0  42.2  55.8   2.0 
  3.6  40.0  46.7   2.0 
  3.2  17.3  41.1   1.6 
  3.7  36.3  28.8   2.1 
  4.1  23.4  93.1   1.6 
  4.7  32.9  49.0   1.9 
  3.1  21.6  65.2   2.4 
  1.8  25.8  46.6   2.0 
  3.8  31.3  43.2   2.5 
  4.4  33.5  56.5   2.3 
  4.0  46.5  93.1   2.2 
  5.0  11.7  47.8   2.4 
  3.6  41.5  41.5   2.1 
  2.7  13.2  24.2   1.7 
  3.2  40.4  66.7   1.6 
  1.4  35.7  13.8   2.5 
  2.3  18.1  46.7   2.3 
  2.0  28.4  47.3   2.3 
  3.3  46.0  61.7   1.9 
  4.1  20.4  34.8   2.3 
  1.7  25.2  38.7   1.5 
  4.6  46.2  63.3   2.1 
  0.2   0.2   0.4   0.3   0.4   0.3   0.2   0.4   0.2   0.3   0.3   0.3   0.3   0.3   0.2   0.2   0.3   0.2   0.4   0.3   0.2   0.2   0.3   0.3   0.2   0.4   0.3   0.3   0.3   0.3   0.2   0.4   0.2   0.3   0.3   0.2   0.2   0.4   0.2   0.3   0.3   0.4   0.3   0.4   0.3   0.2   0.4   0.4   0.3   0.3 
  153   123     4   146    65   102    50    35   162   163   127   104   133    26   111 
  146    29    83   105   116    90    52     9    18    48    24   140   152    61    10 
  174    78    48   177   106    73   155    15   171    18   119   126    79    11   144 
   57    12    61    75   154   123    27   171    64    40    87   150   164    35    32 
   39    17    99    72   113    36   144     8    61    22   103   110   133    22   110 
   26   106    77   171    32    90    24   138   103     7   171   143   166   109    24 
  138   158   123    48    40   161    30    38     2   152   176   117   128   100    16 
   30   152    92    65   169   135     9    71   157    99   176   152    16    98     5 
  138    77   124    43    14    72    86   142    79   131    87   128   157    40   119 
  169   132   120    14   124    54    81   166    26   128    46   102    79    85   110 
  170   106   132    66    15    60    63    93   176   144   141   152    84   130   104 
   87   134     3    31    34   153   100   162    34    36   110   145    99    57    35 
   67    64     9    34   164   179    47   165    97   159   136   111   136    41   166 
  134    73    37   175   100    64    52    47    41   144   136   133    84    55   150 
  172    12   100    66   156   158    86    83    77    30    92    17   125    13    37 
   35   135     1   175   122   177    29    72   147    49   152   131    33   159   108 
  171   163    34    85   113   105    93    42    93    73   108   124   153   168   121 
   48   141   131    65    35    74   104   134    70   114   159   113    70    40   148 
   95    40    30    97    53   172    70    22   125    27   177   131   116    24   146   158   166    57    47    10    71     7    90   163   138   118    64    17    45    16   175    23    40    70   147 
  124   161   156    46   106    68   159   114   138    50    76   179    18   122    55    30   165   167   103    93   140   176    21   162   163    89    90    80    68   138    77   174    88    44   160 
  135    78    40   130    75   156    11    59    59   135    63   122    51    84   149     6   171    62   131     5    35    72     6    38    72   165     7   158    85    66   132    84   106    42    58 
  179   144    25    24    62    18    46   106   144    61   100    92    34   153     0    68   137    64   148    26    51   131    25    20   134   166    53    25   154   136     2    28    40    49    49 
  146   144    10    16    34    71    49    22   128   158    87    71    43   103   179    14   125   117    48   137    99    31   113    56    26   174   146   127   118   140    90    71   130   124    60 
   25   118   104    17    99   114    31    74   121   118    82   140   108   151    29    89   107    76   148    52   175   156   123   107   112    18   119   130     7    35   176    35    62   131   146 
   18    90    50   110   118    35    84    90    70   157   136   175   132   125   126    82    39   112   154   109   158    47   141   134     1    48   172     6   126    60   146    57    58     8   175 
   27   124    91   157    37    16    29   101    66   159    88    38    62   110    68   123   110   148    84    89    21    79    97     2   141   148    35     3     6   121   167    28   104    85   131 
  172   172     8    28   151    61   122   135   138    20   145    47   147   148    68    58     8   130    46    92    71   163    43   126    67    51    68    69   140    17     6   154   159   162   174 
   32    71    55    78    43    35    61    31   132   140    60    38   145    23    98    57   124    83   176   108   104   153    19    30   128   102    16    73     9   123    73   133   157    13    73 
   69    18   117   126   109   116   172    53    48   119   179   119   130    70    15    31    38    47    99   141   118    25    29   170   167    35    67    41    59   114   144    56   106    81   116 
   13   137   161    21   169   141   170    40    56   153    35    88     5    10   143   112   143    16    21    41   101    79   145    83   126   159   168    63    93   116   122   175    66   110   101 
   44   116   175    42   103   155   141     6   127   159   107    12    40    28    49     0   141    66   119   171    94    84    76   163     8   170     0    46    28   111    21     6    89   156   119 
   92    88    13     7    91   134    72    76    76    85   149    58   100   127    61    17    88   120    21    35   162   122    63   128   177   158    96    61   136   176    47   161   121   114   107 
  106    70   146    76   105    31   130   174    28     6    80    34     1    14     6    31   176    23   129    27   113     8    93    65    20   120   150   162   104   143   116   137    66    74   164 
  112    88   135    26     2   177   168    98   120   165   164    38    68    80    26    44   173    12   145    48   177   102     1   157   138   171   155    27    21   116   143   145   144    23    57 
   58    32   143    59   155    73   133    13    69    94    48    61   121    58   161    66    10    15   152   176    66    94    92    83    65    86    84    67   165   167   119    78   145    71   147 
   71   179    23    70     4   128    97    41   104    57    58   169   109    26   149   138     3   162   161   150   164   162   107   119   167    38   126     3    72     0    21   112   166     1   149 
