25 18
6
      1929
  2.9  13.9  59.5   1.7
  4.5  24.5  66.7   2.3
  4.4  39.3  17.8   2.0
  3.5  26.0  42.8   2.3
  2.9  31.0  22.4   1.8
  4.4  10.2  59.0   2.4
  3.2  10.5  62.9   1.7
  3.0  10.9  90.9   1.7
  1.8  39.5  85.8   2.0
  2.9  10.9  14.9   2.3
  1.2  42.9  53.0   1.8
  1.4  20.1   5.6   2.0
  2.7  28.9  61.6   1.6
  4.2  30.2  63.1   1.7
  4.0  43.9  21.4   2.3
  4.8  33.4  54.0   2.1
  3.8  29.4  57.1   2.2
  2.1  36.8  50.0   2.4
  4.3  47.9   8.7   1.9
  3.9  49.9  87.7   1.8
  2.7  42.8  25.1   1.6
  2.0  46.0  72.8   2.5
  1.4  35.2  24.1   1.9
  2.3  43.2  21.7   1.8
  4.2  10.6  76.2   2.5
  2.3  23.8  25.2   2.4
  4.7  19.9  43.9   2.0
  1.9  38.1  35.0   1.6
  1.2  27.8  35.8   2.4
  1.6  33.5  46.8   2.1
  3.0  10.7  33.6   2.1
  4.4  49.3  20.8   1.5
  4.9  24.1  24.1   2.2
  3.6  11.1  86.8   1.5
  3.5  35.6  45.8   1.8
  1.6  12.9  14.7   2.4
  2.4  31.0  66.0   2.3
  4.1  47.0  94.2   2.3
  3.8  49.1  55.5   2.1
  2.0  46.5  93.7   1.8
  4.1  35.0  91.2   1.6
  2.9  30.2  11.1   1.9
  1.5  13.8  24.6   1.7
  1.3  14.4  94.9   2.2
  1.2  49.2  45.2   2.2
  2.6  49.8  94.1   2.1
  5.0  45.0  30.3   2.3
  2.7  19.2  17.6   1.9
  3.0  44.4  47.2   2.4
  2.5  33.8  26.4   1.6
  2.9  34.7  92.5   2.1
  3.6  42.0  13.0   1.9
  1.4  26.9  65.2   2.5
  2.2  20.1  37.2   2.3
  3.4  28.4  26.2   1.6
  4.2  44.0  45.7   2.5
  1.7  42.2  23.0   2.2
  1.2  25.5  73.9   1.7
  2.9  12.5  70.2   2.3
  3.9  14.0  40.3   1.9
  3.9  33.6  30.1   1.9
  4.2  47.1   7.2   2.4
  4.6  34.7  81.6   1.9
  1.5  23.6  14.3   2.3
  1.5  21.4  36.5   1.9
  5.0  43.9  89.9   1.6
  2.5  13.7   7.7   2.1
  1.8  15.8  79.2   2.3
  1.0  30.5  14.7   2.3
  4.7  22.4  86.1   1.5
  2.5  34.0  37.8   2.2
  3.0  39.3  52.0   1.6
  4.6  15.2  42.5   1.6
  4.0  40.1  44.2   1.6
  3.3  13.7  18.1   1.6
  3.8  16.4  19.5   2.5
  2.8  34.7  92.8   1.8
  3.8  32.2  27.7   1.6
  3.9  46.2   7.2   2.0
  4.0  27.1  54.9   2.1
  4.0  10.4  11.1   1.9
  4.0  35.3  63.4   2.1
  4.6  35.9  46.3   2.3
  4.9  36.2  91.5   1.7
  1.8  12.6  17.4   2.3
  3.4  16.7  70.5   2.2
  3.2  29.2  67.0   2.4
  2.7  37.9  94.7   2.3
  2.7  21.5  18.0   2.0
  4.6  35.7  94.5   2.1
  2.8  48.3  13.2   1.7
  4.8  39.1  23.5   1.8
  4.2  42.5  86.8   2.1
  4.0  23.0  59.8   1.7
  2.5  22.4  89.9   2.1
  5.0  11.5  65.6   2.0
  1.5  22.6  50.4   1.5
  4.2  26.7  35.6   2.5
  4.7  30.1  48.0   2.5
  1.3  31.8  16.9   2.4
  1.3  45.8  65.3   1.7
  1.8  33.3  35.2   2.2
  1.8  14.8  28.9   2.3
  3.5  16.5  92.2   1.7
  4.1  16.4  37.1   2.1
  3.6  11.9   6.5   2.3
  2.3  32.2  49.2   2.0
  1.8  48.3  66.4   2.4
  3.1  24.5  57.2   2.3
  2.0  20.4  87.1   1.6
  1.1  37.2  82.6   1.6
  4.8  46.8  16.2   2.4
  4.0  44.5  38.2   1.8
  1.9  45.0  56.8   1.8
  1.6  43.9  49.7   2.1
  5.0  35.8  46.1   2.4
  2.9  17.7  89.3   2.5
  4.2  23.0  78.1   2.1
  4.8  13.5  59.0   2.2
  3.7  14.2  66.6   1.6
  4.1  30.8  78.1   2.0
  1.7  36.5  34.6   1.5
  1.6  10.1  80.5   2.5
  4.0  47.6  90.0   1.8
  3.5  31.7  38.0   1.7
  3.9  32.1  41.7   1.6
  2.7  18.9  92.3   2.2
  3.0  34.0   9.3   2.3
  4.2  42.4   5.5   2.4
  4.0  32.5  78.0   1.7
  2.8  14.4  44.0   2.2
  2.6  14.3  24.3   2.3
  4.6  45.1  46.8   2.1
  5.0  10.4  76.4   1.7
  4.9  13.0   7.7   2.1
  2.1  22.7  33.0   2.4
  4.0  31.4  84.7   2.3
  5.0  18.3  77.3   1.9
  4.7  33.2  23.3   1.6
  3.4  49.4  29.2   1.6
  4.8  27.2  21.7   1.7
  1.4  28.7  69.0   1.7
  3.7  21.9  51.7   1.9
  1.9  15.7  53.7   2.4
  3.8  19.4  58.4   1.9
  4.9  22.1  36.7   2.5
  4.2  29.8  15.6   1.9
  4.3  19.1  66.6   1.6
  4.2  12.1  70.4   2.5
  2.3  17.2  73.8   2.3
  0.2   0.2   0.2   0.2   0.4   0.2   0.2   0.4   0.4   0.3   0.3   0.3   0.4   0.3   0.2   0.4   0.4   0.3   0.4   0.3   0.3   0.3   0.4   0.3   0.2 
   14    81   157    48    11    70   145   116   149   141   148    27   156     8    93   151     4   104   169   119   100   103   150     7   142 
  150    19    53     5    45    33    32   104   145   125    81    54   171    49    23    71   173   111    73    68   111   115    49   125   105 
  176    16    92   108   122    52   158   144   133    36    57    64   135     6    13    92    62    23    27   177    43    28    98   118    62 
  167   113    85    50    52    93    17    96     6    69    83    82   127    97    66   104    25    45   158    25   122   121    73     8   120 
   98   124    86    65   110    59    65   102   127    78   108    62   116     1   138   136   157   107    63    42    70    74    73   106    45 
   18    46     7   111    77   133    30   177   125    60    69    55    81    52   117    66    54   104   127    30    29    17   140    19   136 
  125   103   163    38    51    59    67    52   105    13    60    94   153   110    40   127   140    77    97   163    84    19   167    86    28 
  151   106    99    27    83   108   158    84    13   155   111   159    87    67   148   171   103    57    83   150   125   158   107   140   178 
  102   121   132   172   110   165   176   122    51   178    18   161    82    65    35    71    35   107    11    78   157   156    19    23    15 
  128    63    70    28   177   172    48    34   148   145    41    74   143   132    75   109    10   111    53   140   160    16    47   158   116 
  157   111    16   149    59    78    28   170   157    89   126   166   165    78    41    95   171    45   153    22    18   117    27   150   111 
  157    52    43    78    21   105    57     5   103   122   155    90     8    70    70    99    54   173   138   102   109   161   103   146    19 
   28   137    84    70    23    70    12     4    48    77    84    60    48    81   101    21    12    69    26    33   146   152   167   114    41 
   91    47   143    91   126   128     3    86   126    53   105   141   176    85   139    52    18    54    39    16    88    20   161    57   143 
   21    67    59     3    76   160    48    54    92   152   156   165   117    93   163   119   170   149    22    17    26    29    25    48   106 
   56    30    17   131   120    37   172     4    34   135   172    38    33    19   134   100   105    80    53   177   168    80   158    91   165 
   77    97    65    88   109    33   146    39   110   129    54    39    18   124   126   106   110    63    94    76    49    82    99    73   139 
   21    12   167   141    85   147    73    73    42   120    92   166   152   127    24    65   165   101   176   147   157   176    71    53    92 
