25 6
6
      2457
  1.9  21.5  42.8   2.0
  4.3  50.3  40.9   1.7
  4.0  93.1  27.5   2.1
  1.8  32.7  13.2   1.9
  2.0  69.3  15.2   2.0
  1.6  66.7  24.6   1.9
  1.1  29.3  48.2   2.4
  2.7  84.5  10.6   2.1
  2.7  61.7  27.3   1.9
  2.9  94.5  10.8   2.0
  3.2  65.2  31.4   2.4
  2.4  24.8  13.6   1.9
  3.2  28.2  44.0   1.9
  3.6  56.6  36.1   1.9
  2.4  42.8  33.5   2.4
  3.9  30.4  16.5   2.2
  3.3  44.5  12.2   1.8
  3.9  50.4  28.0   2.2
  1.1  47.3  49.8   1.6
  4.6  33.1  30.9   1.7
  3.5  26.4  16.2   2.2
  3.6  27.5  36.7   2.3
  3.2  18.8  14.8   1.8
  5.0  71.9  33.4   1.9
  4.6  73.0  36.8   2.4
  2.2  84.0  20.0   1.7
  3.5  78.2  41.5   2.4
  3.4  64.7  45.7   2.2
  4.2  55.6  44.8   1.5
  2.9  21.5  23.5   2.0
  4.8  87.8  45.4   2.1
  4.6   7.5  11.2   1.9
  3.9  74.0  13.3   2.0
  4.1  63.8  28.0   1.6
  1.5  62.2  29.1   1.7
  4.1  56.7  16.7   1.9
  1.8  33.7  31.5   1.7
  1.6  75.7  43.2   2.0
  2.2  24.4  17.7   2.3
  2.5  47.0  47.6   1.6
  3.6  23.3  22.6   2.0
  4.7  63.0  38.8   2.1
  3.2  12.7  43.4   2.0
  4.4  78.9  34.5   1.7
  4.4  11.3  38.6   2.3
  4.1  63.9  41.0   2.1
  4.9  32.7  15.7   2.0
  4.0  70.4  34.6   2.1
  1.9  72.5  21.9   2.3
  1.6  94.2  10.4   1.7
  2.3  79.2  24.7   2.1
  3.3  10.7  31.7   2.3
  2.7  31.4  49.2   1.7
  1.6  80.2  34.0   1.7
  1.9  66.3  28.1   2.3
  1.8  45.1  50.0   1.7
  1.0  47.7  45.3   1.8
  2.9  87.5  20.7   1.8
  2.9  55.6  12.6   1.8
  3.8  61.8  16.6   1.8
  3.6  51.7  18.0   1.6
  3.2  74.4  30.4   1.6
  4.0   6.8  49.2   1.7
  3.2  18.9  45.9   2.1
  4.8  44.6  45.5   2.1
  3.2  12.2  42.7   2.5
  2.0  32.7  11.0   2.4
  4.0  40.1  31.3   1.6
  1.5  82.3  43.9   1.8
  1.7  25.6  28.6   2.2
  3.6  22.0  42.1   1.9
  4.6  80.6  44.5   1.9
  4.4  80.1  39.0   1.9
  3.6  11.6  29.6   1.9
  4.0  53.4  36.2   2.1
  5.0  43.2  11.0   2.2
  2.6  20.5  15.1   1.5
  3.9  59.4  29.7   2.2
  3.3  41.5  39.8   2.3
  4.1  80.3  25.1   1.6
  2.0  55.0  37.8   1.7
  4.2  46.7  47.3   1.8
  4.2  28.6  32.8   1.7
  1.3  51.8  36.6   1.7
  1.1  38.7  23.7   1.5
  1.5  36.0  26.3   2.4
  2.2  14.6  41.4   2.4
  3.4  90.1  37.2   1.5
  4.9  35.8  29.5   2.4
  3.4  34.4  18.0   1.6
  4.6  15.6  15.7   1.8
  4.8  25.0  19.0   1.8
  4.3  35.2  25.9   2.1
  1.9  16.0  36.9   2.3
  4.8  71.1  40.7   1.8
  3.9  69.7  29.1   2.4
  2.2  17.6  48.7   1.9
  1.4  68.8  42.9   2.2
  2.6  13.9  10.9   2.0
  4.0  11.2  49.6   1.6
  4.3  51.7  10.9   1.7
  2.1  54.9  12.0   2.4
  2.6  84.6  44.1   1.7
  4.5  53.0  30.4   2.2
  3.6  67.2  23.7   2.5
  3.4  94.3  15.5   2.4
  1.4  25.7  23.0   2.0
  2.0  43.7  44.6   1.8
  2.3  76.8  41.4   1.9
  2.5  17.3  23.0   1.6
  4.8  85.8  27.4   2.3
  1.9  57.8  20.0   1.9
  1.4  68.7  45.1   1.7
  3.2  82.6  46.0   2.4
  4.3  62.2  18.7   1.9
  1.1  35.3  49.5   1.9
  2.9  33.9  46.1   1.7
  3.8  39.6  16.3   2.1
  4.9  12.9  23.5   2.0
  3.7  63.9  47.5   2.4
  4.7  32.6  16.9   2.0
  1.7  22.5  17.9   2.2
  4.8  44.7  49.2   1.6
  4.9   9.1  45.2   2.0
  3.7  55.8  30.0   2.1
  2.6   6.4  37.3   2.5
  1.4  60.9  18.4   2.2
  2.9  36.3  22.2   1.8
  2.1  80.9  17.6   2.0
  2.7  89.9  39.0   2.3
  1.4  55.9  40.4   2.1
  1.8   9.9  32.9   2.2
  4.2  37.6  11.3   2.0
  2.3  58.9  37.3   2.4
  1.3  91.9  17.9   2.5
  3.9  44.6  29.7   1.7
  2.6  23.4  27.7   2.0
  4.5   8.6  39.4   2.3
  1.7  21.4  34.3   1.5
  1.4  77.5  32.3   1.8
  2.8  10.0  34.1   2.1
  4.1  88.1  43.4   2.5
  3.6  69.4  14.5   2.3
  2.4  22.6  20.8   2.1
  2.5  36.9  31.5   1.8
  3.7  55.3  35.9   2.4
  2.1  83.3  48.1   1.6
  1.6  14.3  36.5   1.8
  4.9  41.9  38.8   1.8
  4.2  45.9  17.1   2.0
  0.2   0.4   0.2   0.4   0.3   0.3   0.2   0.3   0.4   0.3   0.4   0.4   0.3   0.4   0.3   0.3   0.3   0.2   0.3   0.3   0.3   0.4   0.3   0.4   0.3 
  137   157   111   110   148    54    50   133   141   167   104   141    32    34   147 
   55   109   154    87   165     1   156   150   179    91    79    35    11   119    89 
    1    11    94   109    41    41    43   143    70   144    10   139   107   118    31 
  131   150   104    61   165   177    81    45   104   137   117    62    32    46   141 
   71   135    22   174   137   134    41   165   115    14   135    19     2     5    60 
   21    25    63   176   172    44    65    99    57    80   112    98   168   164    88 
   33   103    65    93    36    96     7   164   105     7 
   67   113    95    74    85   177   151   163    91   148 
   27   152    52    38   104    93   105   114   133    24 
   45   161   121    36   145   160   160   136   167    96 
   59   129   151    70    78    32     2   164     8   120 
  166    52    20   125   127   158    13    86   179   130 
