25 18
6
      1814
  2.8  14.4  81.9   2.1
  2.9  45.5  78.2   2.5
  2.0  23.8  32.8   1.8
  3.5  49.8  71.3   2.0
  4.4  34.3  13.7   1.7
  4.2  27.3  53.9   1.9
  3.1  49.2  18.1   2.3
  2.8  31.3  33.4   2.2
  1.5  10.1  77.3   1.7
  4.7  47.0  41.0   1.9
  3.1  46.7  14.9   2.1
  1.9  24.6  61.4   1.8
  4.7  25.5  90.5   2.4
  4.5  10.5  46.8   2.4
  3.1  21.1  69.4   2.3
  3.9  21.7  64.8   2.0
  4.0  33.3  74.2   1.6
  2.7  21.0  59.7   2.2
  4.4  18.8  70.9   2.0
  2.7  21.6  35.9   1.7
  3.8  10.0  33.2   1.8
  4.8  17.4  72.6   1.9
  1.6  15.3  86.4   1.7
  4.6  49.5  44.9   1.9
  1.4  41.5  28.1   1.8
  4.5  38.6  13.7   2.4
  3.1  30.0  81.5   2.0
  4.7  23.4  37.8   1.9
  2.4  24.3  39.0   1.9
  2.1  23.9  69.0   1.9
  1.7  28.7  45.4   2.2
  1.4  31.1  85.6   2.3
  2.5  14.4  71.3   2.3
  3.3  22.1  89.0   2.4
  3.9  21.6  73.1   2.2
  4.2  13.7  71.5   1.5
  1.5  24.6  71.0   2.0
  2.0  22.5  22.9   2.4
  1.8  37.9  37.3   1.8
  2.5  40.9  82.5   1.9
  5.0  44.1  60.4   2.5
  1.2  37.3  28.4   1.7
  1.5  43.0   5.7   1.9
  2.6  12.3  37.9   1.6
  1.9  28.9  13.4   2.3
  2.1  37.9  92.4   2.2
  1.1  22.7  46.4   2.4
  2.1  10.9  63.3   2.2
  1.9  29.3  84.5   2.5
  1.2  26.1  19.6   2.3
  2.8  27.2  12.8   2.2
  1.9  26.1  30.6   2.1
  2.9  15.7  26.9   2.1
  2.7  34.7  49.8   1.6
  2.7  23.4  21.4   1.9
  3.7  25.8  90.5   2.3
  2.2  18.5  43.4   1.6
  2.1  39.2  87.4   1.6
  1.0  35.3  15.4   1.9
  3.8  20.1  37.7   2.5
  4.9  35.9  31.5   2.1
  3.3  11.5   6.1   1.7
  3.0  18.7   8.2   2.2
  2.1  41.2  39.5   2.4
  2.2  11.5  80.1   2.3
  4.6  44.7  20.9   2.1
  4.2  47.8  19.5   1.9
  2.2  22.5  32.2   1.9
  4.6  49.5  19.8   2.3
  2.1  37.2  22.9   2.0
  4.9  15.8  86.9   2.4
  2.8  14.6  95.0   1.9
  2.9  46.8  79.0   2.1
  2.6  12.0  85.5   2.3
  2.0  46.0  19.3   2.5
  1.6  21.3  48.5   2.0
  1.5  34.6  32.0   1.7
  2.5  35.9  89.0   1.5
  3.8  11.5  12.3   2.0
  3.9  32.8  92.3   1.5
  2.1  27.4  63.3   1.9
  2.2  31.8  58.8   2.3
  2.7  47.9  49.3   1.7
  2.8  33.3  67.7   2.3
  2.2  19.5  61.7   1.7
  2.9  37.2  52.5   1.6
  1.8  47.9  78.8   2.5
  2.6  19.3  17.9   2.0
  4.9  47.1  23.4   2.0
  2.0  32.2  65.2   1.5
  1.9  43.1  68.9   1.6
  2.5  13.0  90.9   2.2
  2.3  32.0  73.8   1.8
  1.2  24.6  31.6   2.3
  3.9  47.2  35.5   1.9
  4.0  45.1  50.0   2.0
  1.2  46.2  68.0   1.8
  3.1  11.8  83.4   2.1
  4.8  36.0  54.4   1.7
  2.8  32.0  39.1   1.6
  1.2  19.9  92.2   2.4
  3.9  28.7   8.8   2.4
  1.6  39.8  22.8   2.1
  2.6  12.7  38.1   1.5
  4.1  37.4  38.5   2.1
  3.1  24.2  88.2   1.5
  2.2  41.8  47.8   1.7
  2.6  32.7  13.2   1.7
  3.8  17.3  88.1   1.7
  2.3  36.0  28.8   2.3
  4.6  18.0  17.2   2.3
  2.1  37.2  29.2   2.4
  2.2  42.8  22.9   1.6
  4.1  21.7  37.9   1.6
  4.7  46.0   8.0   1.7
  1.8  34.6  36.1   1.9
  3.9  20.9  20.4   1.8
  4.1  16.2  78.5   1.9
  1.6  11.4  53.7   2.1
  2.2  44.9  38.9   1.9
  4.2  19.7  23.7   2.2
  1.9  22.0  88.6   1.8
  1.7  22.3  76.6   1.8
  2.8  28.4  86.3   1.6
  5.0  15.0  50.6   1.7
  1.5  36.7  77.5   2.4
  2.4  30.2  86.7   2.1
  3.9  40.6  28.5   2.1
  2.7  19.6  76.7   2.1
  4.0  17.2  76.3   2.2
  3.2  22.8  26.7   1.6
  4.9  17.0  94.0   1.6
  1.9  36.3  47.5   2.0
  2.1  36.5   8.4   1.9
  2.6  39.3  75.3   1.9
  1.2  13.7  92.5   1.8
  2.0  44.9  50.6   2.2
  1.9  41.2  45.1   1.9
  2.1  12.2  37.6   2.2
  2.2  13.0  91.7   1.9
  3.3  15.7  70.0   2.3
  2.7  37.8  27.2   2.4
  3.0  48.5  25.8   1.7
  4.7  44.1  84.8   1.5
  2.8  43.7  23.7   2.4
  1.5  28.5  54.3   2.2
  3.9  12.8  46.8   2.1
  1.5  16.1  32.5   2.4
  5.0  29.8  19.0   1.8
  2.9  18.2  26.8   2.1
  0.2   0.2   0.3   0.3   0.3   0.3   0.3   0.3   0.4   0.4   0.3   0.4   0.2   0.4   0.3   0.3   0.3   0.4   0.3   0.3   0.3   0.3   0.3   0.2   0.3 
   61   166    47    17    80    25    79   117    61    34     2    80   136   162    87 
   95   167     4   133   133    87   106    57   172   150    67   164    64   128   163 
    4    62   131    12    83   156    88    49    56    14   179     3    67    45   129 
   36   166    31   108    36     2    80   174   175   158     8    12   160   120    80 
  152   100    12   105   128   169    48    84   172    15   176     8    82   149   147 
  141    84   144    54   143    83   115    46    19   132    21    14   131    64     9 
  110     5   130    28   154    62    80   103    96    69    75    64   121    10   162 
   70   171   128   158    81   131    79    94    87    13   138   133    29   147    19 
   85   137    51   148    35    85   110    73    90   174   146   163    61   158   104 
  174    51   115   163    39   116   126   133   172    19    82    27   138    49   161 
  161    37    45    99    16   163    40   133    85    71   130    20   125    78   100 
  165    64    34   132   173   162    29    13    68   155   132   138    63    87    15 
    2   104    13   131    76    46    65    13    29    44     1    88   171    82    96 
   26   166    31   138    68    62    24   174   146   147    46   102    47   179   140 
    9    61   119   143    44   101    12   124    11   171    63   170    61    36   158 
  146   149   103    95    41   137   157    77   170   103   179   154    22    50   133 
   46    84    42   154    48    62    18    43    88   164   140     9    71   168    59 
  148    43   122    33   113   178    76    79    74    42   113   169    12    59    16 
  131    87    15   166    16    21    28    50    74   175 
   52    23    80   111    53   175    86    78    69   158 
   18    12    19    83   111    79   108    21    86    58 
   69    33    71   145   123    56   161   178   140    79 
  121    53   168    56   170   175    42    46    19   171 
  162    51    96   134    63    62    72    78    66    51 
  155    76   132    16    15     0    79    41   137    23 
    7   141     9   120   137    94   130   178   132    84 
  141    21   165    41    52    80   155   107   127    10 
  114   150   145   159    28    77    85    53    61   125 
   98   162   128    80    17   170   102   105    29    67 
  140     3    73    31   125   166   151    92   152    96 
   99    78   148     4   103    89    68    84    73    15 
   48   125   139    61   136    16    33   125   139   129 
  121   136   126     7   165   128    78   179    85   161 
    4    32   149     8   168    42    18   125   114    33 
   54    47   179    12    37   169   148   120   177    75 
  137    47    27    58   145   168   131   170   122   118 
