25 18
2
     59929
 10.4   3.3  36.4   2.0
 15.0   4.3  17.7   2.2
 11.0   4.8  48.4   2.2
 50.3   1.2  44.4   1.7
 88.6   2.7  43.2   2.4
 30.1   1.6  21.8   2.2
 28.0   2.7  30.9   2.3
 82.4   1.7  40.3   2.2
 77.2   3.8  20.1   1.7
 72.2   4.2  37.7   2.4
 27.7   3.3  49.3   1.7
 86.8   2.7  43.6   2.2
 75.2   2.7  14.5   1.9
 94.0   3.0  42.4   1.6
  7.3   4.4  29.0   1.7
 42.3   3.4  29.6   2.2
 48.2   1.7  45.0   1.6
 77.4   4.0  30.3   2.3
 58.2   3.8  18.0   1.7
 90.6   3.8  46.7   2.0
 34.0   2.6  41.1   2.2
 64.5   4.0  24.8   1.7
 70.3   3.2  36.3   1.7
 14.9   1.9  26.2   1.9
 73.8   1.8  27.7   2.0
 78.2   3.4  23.7   1.5
 85.8   1.8  22.7   2.5
 76.9   1.9  20.6   2.3
 72.4   4.2  18.6   2.3
 91.0   4.3  48.4   2.3
 57.4   3.0  49.8   1.5
  9.8   4.8  32.5   1.9
  5.7   4.9  28.4   2.5
 13.0   3.9  15.4   2.3
 63.7   1.5  48.7   2.4
 87.4   1.4  46.8   1.8
 94.1   3.0  45.0   2.2
 46.7   3.8  20.0   1.8
 53.0   1.2  13.9   2.0
 68.9   2.0  38.9   1.8
 18.2   4.4  24.1   2.2
  5.1   2.9  33.9   2.2
 67.1   2.2  40.6   1.7
 68.7   2.5  36.6   2.0
 20.1   4.8  38.1   1.5
 71.7   4.1  11.7   2.5
 88.4   4.8  14.1   1.7
 39.8   2.4  11.9   2.4
 32.0   2.5  38.7   1.7
 66.6   4.3  46.6   2.5
  0.2   0.2   0.3   0.3   0.2   0.4   0.3   0.3   0.3   0.3   0.3   0.4   0.3   0.3   0.3   0.2   0.2   0.3   0.3   0.3   0.3   0.2   0.3   0.3   0.2 
    6   111    10    36     6   153    22   152   115    84   134   125   165    93   100 
  106   156    80   148    54   169     4    28   147   100    79   145    56     3    64 
   47    97    93   135   161    49   131   128    81   107    69   179    34    20    28 
   13    38   126   166    68    25   174     3   134    13   177   104   127     4   155 
   23     4   121    40    30   160   160   129   120   175    25   163   161   151     8 
  136   135    19    60   148   168    49   165     0    16    71     7    23    28    42 
   92    23    74   159   123    91    58   135   137   162   175    17   117    12    56 
  162    44    99   153    94    45   139    31    87   161    47    83   157   146   137 
    0   134    85   114    50   108     5    98   174    69    69    55    92    74   106 
  146    17    51   162    13   171    62   133     7    50    61   116    17   103    86 
   41    82   109    36     4    27   122   142    58   100    50    67    17    52    21 
  164    99   100   170     7    29   102    28    65    86   116    35    86     9    69 
  125    42    23    72    37    48   179   154    74    90   146   109   137   104   133 
   32    33    84   119    10   163     8    34   161   100   175    60    52   106    19 
  130    27   138   169   139   166    96   148    54   140    44   138   155    38   117 
   82    69    12    31   131   125    99    35   169    99    11    19     6    63   149 
   32     7   138   168    22    98   130    56    89   117   152    50    37    48   159 
   52    24   176    18     1    81   114   171    93    53   158   173    38    53   167 
  104    93   127   168    67    99   122    64    11    90 
   88    23   137   109   117    84    29    78   149    86 
  179    32   122   118     1    68   118   153    71    65 
   60    18    29   101   118   132    81     8    14    98 
  155    53    81    27    79   162   151   161   149   168 
   75    66     0    69    33    77    39    40    28    35 
   84    56   130   138   102    25    84   152   145   167 
  112   178   120   132    11    18   139   141   113   176 
  178    94    23    83   145   114    82    42    52    60 
   53   123   106   164   130   134    30   138    88   141 
  117    20    36    86     5   124   103    89    68   154 
   50    35    88    72    34   107    90   162    10    62 
   47   151   157    38    83   173    53   102   175    65 
  168    25   107     5   151    67   122    48    13   117 
   85   113    91    52    41   178    78    55   171   162 
   70   156   164    54    10   122    33    76   147   127 
  147   172    50    79   154    21   113    24   177   131 
    9    15   118   142     6    85    66   143   177   155 
