6 18
4
       595
  4.7  40.4  64.5   2.0
  1.5  21.0  64.0   2.1
  3.9  18.5  17.5   1.7
  4.0  24.1  94.6   1.5
  4.3  30.3  94.5   2.3
  3.7  23.1  67.4   2.4
  3.6  43.6  35.9   1.5
  2.0  26.2  72.8   2.5
  2.9  22.0  79.6   2.4
  1.8  13.8  74.8   2.0
  1.9  40.6  63.3   2.0
  3.0  46.7  92.0   2.4
  3.7  45.0  67.8   1.6
  1.3  42.4  32.6   1.8
  3.9  13.6  91.5   2.3
  4.5  39.3  41.0   2.0
  3.5  19.1  27.6   1.7
  1.1  38.1  23.5   2.2
  3.1  24.8  94.8   1.7
  3.2  13.9  82.4   1.7
  4.0  29.6  65.3   2.4
  3.4  27.0  39.6   2.1
  1.8  30.3  17.3   2.3
  2.3  37.7  32.3   2.5
  0.2   0.3   0.4   0.3   0.3   0.3 
  139    14     9   174    76    84 
  172    89   134   144    83   144 
    7    79   145   126   126   136 
   24   179   167    15   178   124 
   37   164    77   130    89    54 
   66    10   172   134    96   106 
   31   101   150   144     9   125 
   18   146    50   117     4   127 
   90   107    25    22   152    66 
   35    19   104    45   127   171 
  118   148    88   103    46   123 
  153   161    46   164    74    30 
    8    36    77    17   109   169 
  104    12     9   163    26    58 
   63   172   173    76   154    73 
   72   143   154   178    86   133 
   30    39    33    91    31   138 
  128    90     1   140     0   118 
