50 12
2
    116960
 68.2   2.9  34.8   1.8
 59.3   3.6  18.7   2.2
 89.1   2.5  27.4   1.8
 21.9   3.0  45.6   1.7
 38.7   2.9  10.9   1.9
 39.7   3.7  11.2   1.6
 93.5   4.9  38.8   2.1
 16.0   2.2  35.2   2.1
 35.2   3.8  36.8   1.9
 84.8   4.4  40.5   1.9
 22.5   2.0  17.8   2.5
 24.9   2.1  22.8   2.1
 82.5   2.1  44.1   2.1
 12.9   3.3  28.0   2.2
 24.4   1.5  39.0   2.2
 90.7   1.1  32.9   2.3
 81.9   2.2  38.5   2.4
 23.7   2.9  41.5   1.6
 31.8   4.5  36.6   2.1
 14.6   3.8  11.5   2.1
 28.5   1.7  39.9   2.4
 54.5   3.8  35.1   2.3
 19.9   3.6  12.6   1.6
 22.8   3.7  31.1   2.4
 94.8   4.0  36.4   1.7
 19.5   2.2  29.4   2.2
  8.0   3.4  19.4   2.0
 93.1   2.5  42.1   2.4
 82.3   4.9  41.4   2.1
 59.1   4.6  19.4   1.8
 51.9   1.9  11.5   2.5
  6.7   4.7  28.0   1.8
 26.8   2.6  46.9   2.4
 80.8   4.1  30.5   1.7
 67.5   1.7  26.5   2.1
 94.4   1.4  30.6   1.8
 91.5   2.8  27.8   2.3
 51.7   3.6  26.1   2.2
 92.4   3.7  12.0   2.1
 87.3   3.6  20.7   2.0
 18.6   3.9  11.3   1.9
 84.4   4.6  21.9   1.8
 53.1   4.1  29.2   1.6
  5.4   4.4  24.3   1.8
 81.3   2.3  23.2   2.4
 52.2   2.0  11.1   2.1
 25.5   2.2  46.1   2.3
 71.7   1.5  38.5   2.3
 16.3   1.5  30.6   2.0
 27.1   2.1  32.9   2.0
  7.1   4.0  23.8   1.8
 76.7   4.1  39.0   2.4
 22.6   2.6  33.4   1.6
 83.7   3.3  43.0   1.7
 30.1   4.5  10.2   1.7
 30.1   4.1  14.3   2.4
 84.4   2.7  16.6   1.8
 65.4   2.6  40.9   1.7
 28.5   3.1  13.9   2.1
 84.5   2.5  46.6   2.0
 91.0   4.4  49.5   1.7
 90.8   3.3  40.8   1.7
 34.4   1.2  46.0   2.2
 15.6   3.0  41.7   1.5
 65.3   3.3  32.3   2.4
 84.4   4.5  27.7   1.9
 84.6   4.4  24.6   2.4
 34.3   1.3  42.3   2.1
 86.2   1.4  22.7   1.6
 94.8   2.2  16.8   1.9
 91.6   4.8  21.7   1.9
 48.4   4.5  11.8   2.3
 20.2   4.5  17.5   1.8
 85.7   2.2  25.5   1.7
 43.3   2.4  17.9   1.8
 77.2   3.7  26.5   1.9
 66.4   4.6  16.1   2.2
 67.5   1.0  23.0   2.4
 51.4   4.7  15.6   2.2
 88.4   2.5  12.0   2.0
 21.9   2.5  12.1   2.2
 39.9   2.3  46.7   1.7
 34.4   4.3  30.9   1.9
 86.4   2.9  32.3   1.8
 52.5   2.7  13.5   1.5
  5.4   2.8  28.7   2.5
 83.5   2.5  45.6   2.4
 83.4   3.8  26.4   1.5
  6.1   3.7  14.1   1.5
 26.4   3.2  27.7   1.6
 85.3   4.0  39.9   1.9
 42.8   1.3  36.8   2.0
 76.9   2.7  37.6   2.3
 60.0   1.4  41.0   1.7
 55.4   2.4  18.0   2.1
 54.8   2.6  25.2   1.9
 38.7   3.5  34.5   2.4
 38.5   1.2  37.9   1.7
 40.2   1.5  35.9   1.7
 54.9   2.9  22.6   1.8
  0.2   0.2   0.4   0.3   0.2   0.2   0.2   0.4   0.4   0.2   0.3   0.4   0.4   0.2   0.4   0.3   0.4   0.3   0.3   0.4   0.3   0.3   0.3   0.3   0.2   0.4   0.4   0.2   0.2   0.4   0.3   0.3   0.4   0.3   0.2   0.4   0.3   0.2   0.3   0.3   0.2   0.4   0.4   0.2   0.4   0.3   0.3   0.4   0.4   0.4 
  171   102   110   108   170    50    47    61   175   166    66    20    95    43   171 
   77   144   162    38   172   127   104    16    22   140   115    42    75   148   135 
   63   126    49    77   168    15   107    99   178   157    44   140    36   105    80 
    2   173    72   118   159    94     6    83     8   115    95   154    73   112    71 
   77   176   144    39    87    26   147    62    85   121   168     3   138   139    63 
  149    17     7    16   143   113    10   157    72   114    33    61    35   161     4 
  148    33    26   164    69    80    23   118    61     2   119   136    11    17    69 
   58   123    33   115    42   137   163    63    24    24   159   168   121    94   148 
  135    31    65   156    13    42    77    80    81    64   116   166   139   123    88 
  142   131   157    43   153     5    27   148    94    35    15   134   164   146    48 
  174   147   125    69    64    71    80     4    46   131    94    79     5    37    36 
  166   132   120   178    47   141     5   122     0   129     5   105   105     9    55 
  136   160    77    42   161    67    31     5    52    62   172    67    26    94    29    10   125   109    36     3     7   135   104     0   150    36   163    71    40    21   176     9   102   174   170 
  133    79   101   120     6    34   146   138   124   161    82    47    75    96    65    58   175    60   171    66    45   109   152   133   174    94   125     8   121    48    16    76    33     1   155 
  157    53    51    70    36    74    85    80   131    10   174    19   132   107    23    77   137    74   100    46    90    52   163   127   170    47   149    74    86    75   167    57    45    60    53 
  122   116    68    64    99    17    73   167   127   160    68   109   133   126   125    64   160    59   132    39    41    69   143   106    90   155     4    47    17    83    26    76   144   130     7 
   26   159   178    48   116   161   129   177    44   100    38     6   101    18    26    40   158    49   173    10   118   120   104   137    31    63    39    43    37   118    67   137    85   101   134 
   26    77   112   166   144     1   117   129     3    97    13    29    64    26    80    32    47    75    88    86    54    80    13    86   123   111    30     2     6     9    33   132   132    91   152 
   27    87   123   124   114   131   146    35     9     6   166   156    12    87    22   177     1    61    29    76   163    64    14    25    32   145    17    17    69    39    80   101     1    16   140 
  145    72    39   108    43   128   168   144    94    91   156   116   134    58   156    71   173   163    36   123    86    50   130    61     3   120   139   105   151   177   152    34   134   136   156 
   89    93   173   153   102    23    19    53   119   154   160   166    16    28     6    47    41    86     3   139   167   113   146   154   131    57   144   158    43   121   154    75     2   151     5 
   24   149    21   154   141   123   136   115    31   165    13   138    88    85   144    57    34    72    56    48   105    36    73    31   171    76   123    79    87    26    22    58    84    47   142 
   10    94   150    89   177    71   128    80   158    17    74   173    10    82    35   110   110    22   176    27    70   138   104    55    80    78   131    31   110   154   113   155   176    56    43 
   85   111    59    97   142    74    18     1    79    12    43   115   137    94   169   113    49   129    31   147    76   126    92    22   129    39    78    19    28    60    38    46   130    51    20 
