6 18
4
       755
  4.9  80.7  34.8   1.8
  4.4  68.4  21.6   2.3
  4.6  72.3  17.2   2.3
  2.5  44.8  14.3   2.4
  1.2  75.9  19.7   2.1
  2.3  81.6  40.5   1.9
  3.5  33.8  23.8   1.8
  4.6   7.6  12.9   1.9
  3.9  82.2  10.9   1.9
  4.4  85.8  35.4   1.6
  3.5  77.7  43.2   2.3
  3.2   8.4  46.6   2.0
  1.7  74.4  36.6   1.6
  3.7  45.4  20.6   2.1
  3.2  33.6  10.2   1.7
  3.9  84.2  21.1   2.2
  3.8  61.5  36.8   1.9
  2.7  20.3  48.8   1.9
  4.4  62.3  46.1   1.7
  1.2  76.4  45.6   1.7
  4.3  56.5  14.5   1.5
  2.5  40.1  47.8   1.7
  3.7  11.8  13.9   2.1
  3.3  87.3  17.8   1.7
  0.2   0.3   0.2   0.2   0.3   0.2 
  134     9   159    49    15     8 
   67    38    58    80   139     8 
   52   118    11    33    48    18 
   47    57   107   165    92   112 
  137    35   141   148   179    82 
  112   141   117   158    83    48 
  146   118    25   166    70    13 
    8    87   168    75   136    79 
   53    63    46    93    79    27 
   23    74    42    55   170    76 
   11   174    86    43   160     5 
   50    82     8    92    10    74 
   33    42   132    56   133   134 
   59   117   175   100    72   150 
  164    27     6    22     5    58 
   94     7   124   111    73    53 
   37   160     9    74   130    83 
   69   144   123     6    99   120 
