12 18
2
      2284
  3.3   8.2  47.7   2.3
  2.7   5.5  27.1   2.1
  2.9  64.7  24.8   2.3
  4.2  52.0  19.1   1.6
  4.7  78.2  45.4   1.7
  2.5  65.2  19.0   2.2
  3.7  21.7  48.3   1.6
  1.2  16.8  42.9   2.3
  4.3  90.6  22.5   2.0
  4.4  40.4  46.0   2.0
  2.9  65.2  38.2   1.9
  4.1  38.0  29.3   2.0
  5.0  24.5  23.3   2.5
  4.7  69.2  49.9   2.1
  1.7  74.7  29.4   2.0
  2.1  33.1  18.6   2.0
  1.4  56.7  26.1   2.4
  4.6  48.0  29.8   2.0
  2.5  41.8  23.7   2.2
  2.0  38.7  27.3   2.0
  3.0   9.4  37.7   2.0
  1.4   8.8  32.0   2.4
  4.2  50.5  12.9   2.4
  4.1  43.2  24.5   2.4
  0.2   0.3   0.2   0.4   0.3   0.3   0.4   0.3   0.3   0.4   0.3   0.2 
  111    72    10    99   166   156    83    60   101   103   140    11 
  161    55   113    97   108   106    96    54    81   156   168    63 
  171    47   153    45    95    56    88    44    49    88    54   106 
   95    55     3   148   170   165    81   135     9    62    12   136 
  122   104    95    24   112    19   102    19   168   108   160   146 
  170   114    19    57    31     8    91    13   148   106    64   144 
  161     8    50    79   133   121    19    91    41    41    37   138 
   46    99   151   166   137    29    31   135    37    63    64   120 
  169   178    95    36   165    64   150   153   172   116   103   158 
  168   170     4   139   129    77    43   138   158   155   175   114 
   43    19   143    42    18    86   131    20   105   132   114   144 
  115   104    32   125    90    11   123   168     2   117   179   174 
  106   145    91     8    49    60    98    98    52    14    64   146 
  106    15   136    78    84    78    16   166    70    99    85    15 
  163    27    74    59   122     7    73    15   175   102    32    16 
  179    55   116   150    42    13   125   148   134    50   102    23 
   54    16    42    27   141    18   179    62    12   120    43   113 
   94    17   154   101    94     9   122    75   173     7    67    21 
