6 18
4
      6280
  8.0   3.7  11.3   2.4
 10.6   4.4  18.5   2.2
 40.2   5.0  34.5   2.0
 64.4   4.1  47.7   2.2
 85.1   3.4  24.5   2.1
 33.0   4.6  14.1   1.6
 47.0   3.4  29.4   2.1
 69.1   1.6  11.5   1.8
 31.7   2.6  14.2   2.1
 18.0   3.9  10.2   2.0
 89.0   3.8  16.9   2.5
 92.7   1.4  44.3   2.2
 33.9   1.8  33.4   2.4
 74.5   3.2  28.0   1.7
 53.9   1.1  20.3   1.6
 25.5   4.5  26.4   2.0
 88.5   4.4  17.8   2.2
  6.5   3.0  17.0   2.0
 37.2   4.6  44.2   1.5
 23.0   1.6  16.0   2.3
 81.4   3.3  49.5   2.5
 68.9   4.8  48.6   2.1
 76.8   1.5  17.5   2.1
 42.3   4.4  10.7   2.4
  0.2   0.3   0.3   0.4   0.2   0.2 
   42    12   104    66   153   103 
  170    70    16   120   177   172 
   93   162    60    67     3    90 
    3    59    44    80   161   125 
   24   160    89   135    44    52 
    8   166   101   111     8    41 
  143   140    25    30   155   108 
    1    26    81   179    22     0 
   26     0    18   151     0   164 
  115   165   129    88    96   169 
   75   107    33    62    79   126 
  174    45    71    89   109    51 
  126   154    38   117    78    53 
   24   160    78    89   136    67 
   76    51     5    32    44   117 
  125     7    21   172    30    73 
   98    88    51    71    79   100 
  122    62    72    37   129   145 
