50 12
4
      5849
  5.0  78.2  47.7   2.3
  1.6  36.4  42.7   1.6
  2.9  80.4  22.7   1.7
  3.9  64.2  29.8   2.0
  2.8  85.9  31.5   2.3
  3.7  53.0  46.0   2.0
  2.0  72.5  30.9   1.7
  4.7  83.3  10.2   1.9
  1.2  11.0  21.0   2.0
  2.1  37.6  29.1   2.4
  4.3  72.9  42.6   1.9
  2.5  27.3  36.7   2.0
  4.0  74.4  48.2   2.4
  2.3  64.3  35.6   1.7
  2.1  45.9  20.5   1.8
  2.4  29.0  33.2   1.6
  4.1  57.5  44.1   2.1
  4.7  86.9  17.3   2.3
  4.6   5.7  20.1   2.0
  4.3  62.9  37.9   1.7
  3.2  94.4  31.3   2.1
  2.0  24.5  30.1   1.6
  1.7  91.4  22.7   2.1
  2.7  32.7  12.6   2.0
  4.3  68.5  29.7   2.0
  1.1  17.9  37.5   2.2
  1.3  61.1  19.8   1.8
  4.7  27.2  47.4   1.6
  1.2  39.7  20.9   2.0
  3.1  93.0  10.5   2.1
  4.7   5.7  29.6   2.4
  3.6  92.3  36.1   2.2
  3.0  60.3  22.1   2.4
  3.1  81.2  49.9   2.1
  1.1  69.7  33.6   1.9
  4.1  61.6  48.7   2.3
  1.6  92.0  35.5   2.0
  2.9  14.2  38.8   2.4
  2.2  55.0  29.5   2.3
  1.6  42.7  33.7   2.5
  1.6  52.5  43.1   1.7
  2.8  12.2  42.4   1.6
  3.3  83.4  16.3   2.0
  4.9  49.6  38.5   1.6
  2.1  64.0  33.9   2.0
  4.8  33.4  27.1   2.1
  2.6  26.2  46.7   2.3
  2.3  91.1  45.0   1.7
  4.7  21.4  35.6   1.7
  3.7  66.9  45.7   2.3
  1.4  25.2  23.3   2.5
  3.0  37.9  30.6   1.9
  2.7  62.9  45.4   1.7
  3.5  83.8  13.8   2.5
  4.9  92.4  24.9   1.9
  3.3  84.8  32.0   2.4
  3.9  21.7  44.2   2.0
  4.8  23.1  38.5   2.4
  2.0  54.5  46.7   1.8
  1.6  34.2  17.4   2.2
  4.5  72.9  29.7   2.5
  2.3  29.3  30.2   2.3
  2.0  25.4  37.2   2.0
  3.2  81.4  33.7   2.1
  3.8  48.6  33.2   1.8
  4.2  16.5  13.4   2.3
  3.9  84.9  31.3   1.5
  1.5  26.0  40.3   2.0
  4.8  21.9  15.5   2.3
  4.5  94.2  27.5   1.5
  4.1   7.7  34.9   2.4
  1.5  72.4  28.8   1.8
  2.6  27.0  14.4   2.4
  2.1  34.2  27.4   1.8
  2.6  70.8  32.9   2.0
  1.0  72.7  13.8   2.0
  3.0  70.6  14.4   2.3
  1.7  72.4  47.1   2.0
  5.0  19.4  47.5   1.6
  3.4  49.4  25.7   1.8
  3.2  16.5  34.1   1.8
  4.3  78.8  32.2   1.6
  4.5  24.7  45.7   1.6
  1.8  55.6  29.1   1.9
  3.1  82.1  42.7   2.3
  4.4  84.0  13.5   2.3
  1.2  52.1  13.3   2.1
  2.5  64.6  35.4   2.5
  4.3   7.2  47.3   2.0
  1.0  75.8  29.1   1.9
  3.1  88.5  49.3   1.8
  3.9  56.4  22.0   1.6
  1.2  10.0  32.2   1.7
  2.7  49.6  39.8   2.5
  4.1  44.6  36.4   1.9
  4.0  27.2  29.0   1.8
  3.7  63.8  24.8   2.1
  2.3  49.5  18.6   2.0
  4.5  18.2  35.2   1.6
  3.1  49.4  41.6   2.4
  4.9  49.5  34.6   1.8
  2.8  54.4  47.2   2.0
  2.1  14.4  26.1   2.4
  2.1  63.7  37.2   2.5
  1.6  17.1  22.5   2.0
  2.8  61.6  24.1   2.0
  4.8  84.4  33.4   1.9
  3.4  62.9  36.5   2.0
  1.1  21.5  14.0   2.3
  2.5  43.3  26.4   1.9
  2.1  23.8  43.5   1.5
  4.5  93.0  24.7   2.3
  3.0  29.7  46.0   2.4
  4.8  21.0  49.9   2.4
  4.8  42.4  11.9   2.1
  3.7  14.7  22.2   1.7
  3.4  56.1  21.2   1.6
  1.1  12.1  35.8   1.9
  2.7  40.9  27.7   1.8
  3.0  63.1  43.6   1.8
  2.3  57.8  39.7   1.7
  4.1  15.0  19.5   2.2
  1.4  77.2  36.9   1.5
  4.9  80.9  13.1   1.5
  2.5  75.1  14.4   2.0
  3.3  15.4  37.9   1.9
  2.3  54.9  30.2   1.6
  4.4  93.1  42.9   1.6
  4.3  74.9  19.3   2.3
  1.4  37.5  39.8   2.5
  4.3  54.0  19.1   2.1
  2.6  80.5  21.2   2.1
  1.0  18.6  18.3   1.9
  3.9  54.6  32.9   1.7
  3.6  90.4  40.7   2.3
  2.6  67.6  15.1   1.6
  3.4  84.1  33.5   2.4
  1.7  11.8  35.9   2.1
  4.7  81.6  37.0   2.5
  4.0  64.8  19.7   1.9
  1.5  62.3  23.7   2.5
  3.4  16.9  32.5   1.6
  1.1  30.3  21.6   1.7
  1.5  38.6  22.8   2.2
  3.0  12.5  39.0   2.1
  2.5  46.7  15.4   1.8
  4.6  30.8  34.1   1.9
  2.3  41.6  13.0   2.4
  3.6  11.2  35.1   1.9
  3.5  80.0  16.7   1.9
  4.8  80.6  33.2   1.9
  1.9  33.9  19.1   1.6
  2.6  33.4  38.5   2.2
  1.2  33.9  26.9   1.8
  4.8  59.8  37.7   2.0
  1.4  10.2  46.8   2.2
  3.4  89.1  49.9   1.5
  2.8  15.6  41.0   1.7
  3.7   9.8  25.1   2.1
  1.3  83.6  15.3   1.5
  3.9  58.2  13.7   1.9
  1.4  11.3  27.0   2.3
  3.8   5.4  47.7   1.8
  4.4  23.9  30.9   1.8
  1.3   9.2  49.6   2.1
  4.4  28.0  14.0   1.6
  1.9   7.0  31.2   2.3
  1.7  53.9  44.3   1.7
  1.7  53.1  18.0   2.4
  1.5   5.2  32.6   1.7
  3.0  91.9  46.7   2.3
  3.5  13.1  30.9   2.3
  1.9  73.1  24.3   1.7
  2.8  12.0  12.1   1.6
  4.7  14.7  43.5   1.7
  1.5  63.2  37.2   2.5
  3.1  27.4  44.1   2.3
  2.4  28.3  26.8   1.8
  4.9  83.7  48.2   1.7
  4.6  26.1  48.6   1.6
  2.1  16.5  35.9   1.9
  2.0  36.7  11.7   2.2
  4.9  11.7  33.0   1.9
  1.3  86.8  25.0   1.7
  2.3  16.5  45.3   2.2
  1.0  39.3  14.7   2.1
  1.9  85.1  34.0   1.6
  1.7  43.4  19.4   2.2
  1.5  88.2  19.2   1.5
  2.9  82.3  33.5   2.2
  1.4  41.4  15.6   2.0
  1.1  91.7  18.3   2.5
  3.0  48.7  31.1   1.6
  1.3  28.0  48.7   1.8
  3.0  78.9  25.3   2.4
  4.2  93.9  11.2   1.6
  1.6  30.3  14.4   2.4
  3.2  24.0  46.1   1.7
  1.7  14.6  24.7   1.9
  3.0  47.9  32.9   1.5
  0.2   0.4   0.3   0.2   0.4   0.4   0.2   0.2   0.4   0.3   0.3   0.2   0.3   0.4   0.3   0.4   0.2   0.2   0.3   0.4   0.4   0.3   0.4   0.3   0.3   0.2   0.3   0.4   0.3   0.4   0.3   0.4   0.4   0.4   0.2   0.3   0.3   0.4   0.4   0.3   0.4   0.3   0.2   0.3   0.3   0.2   0.4   0.4   0.4   0.3 
   13    16   166   121    48   146    48    51    81   119    44   167    41    44    74 
  174   146   136   110    78   133    89   137    66   163    93    58   112    22     2 
  124   103   129    23   164   143   138    74   133   178    58    98    82   174     4 
   73   120   138   148   139   134    48     2    21   152    68    13   165    29   125 
   88   173   132   155   174   162    39    92    84    73   127   149   138   127   102 
  166    59    63    93    59    41   145    72    32   178     8   140    97   129    94 
  179    62    79    31    54    83   165   124   121   127   105   109    35   165   107 
   37   165    66    54   129   173    59    71    50    66   147    54    83   154     9 
   30   124   156   122    50    98    45    81   155   137    34    93    98    55    44 
   89   139   133     0   100    46   134    58   129    29   120   159   161    70   170 
   90   131    20    60   146   123   102    11    33    78   172    64   115    52   107 
   87   149    73    26   149   102   127    70   117   168   132   127   159   176    75 
  166    88    33    40   123    77   106   161    23    29   143     5    50    39    86   141    88   159   123    35    28   166    74     7    65   176     7   129    79    51    74    97    64    26    38 
  102   156    34   139   156    31    59    74   173    94   116   122    84   163    28    98   150   112    27   118    93    16    60    79   109    29     4   137    60    84    36    75   107   131    73 
   92    87    13   166   135   158    16   107   129   146    76    95     3    95    52    33   167   109    40   156    95    96    79    68    64    36     4   156    25    11    77   120    82    54    32 
   85   166    43   122     5    99    71   137    67    73   119   176   160    13    31    91   120   163   130    81    44   115    14   156    89    52    57   115   127   162   156   133    92   175   133 
  113   137   107    87   179    72   165    96     5    69    67    54    14   120   131    78    10    63   174   155   113    94    61   179    37   117   172    89     4    33   109    50   133   121    26 
  132    66    20    91    91    12    96   172   119    26   157    43   132    97   103   101   107    72    68    78   108   109   123    66   175    46    20   119     0   101    83   143   160    29    92 
   10   112    59    84   112   119   137   159   165   129    80    72    40     1   155    41   173    97    55    55   134    31    50   138    53    38   112    58   164    68    94    59   133    62   158 
  101   117    95    59    12   154    44    84    83   135    80    43   103    61    92   168   155   110    78   144    78   112   173   146   158    82   126   102    73    18    85    30    39    98    16 
  107    44    13   158    22   108   126   172    78   162    19    75   116    57   112    93    79    21    97    54   166   151    60    45    17     0   125    13   157   139    95    17   103    41    50 
   82    59    97   114    71    29    42    79    88    98    16    74    95   138    75    40   100    94   102   172    66   177     2    89    51   129   152    50   118   100    57   123    12   123    74 
   66   119   108    99   173   108   176    21    68    13   139   121    67   151    71    77    88    49    32    86    82   169    66   137   108    81    92    59    60   115   135    82    35    74   107 
  109   173   171    97   153   115    84    18    55   137     8   171   150    68    13   103   131   157    11    88    51     2     1   142   129   167   154   128    61    68    67    53   124    68   164 
