50 12
4
      5808
  2.7  74.9  39.7   1.8
  2.3  44.4  41.6   2.3
  3.9  86.0  12.7   2.4
  3.7  68.1  28.5   2.4
  4.2  77.9  28.8   1.9
  1.3  14.7  40.4   2.2
  4.6  92.4  43.4   2.5
  4.9  56.1  10.8   2.0
  3.2  27.0  25.2   2.1
  3.7  67.5  47.2   1.9
  3.3  47.6  39.5   1.7
  4.4  65.6  23.4   2.0
  2.5  20.5  10.3   2.5
  2.1  37.8  36.7   2.0
  4.7  26.7  21.6   2.0
  1.4  46.4  46.3   1.5
  4.5  78.1  25.4   2.4
  4.4  14.3  14.6   2.1
  4.8  13.3  41.4   2.1
  1.3  14.1  44.4   2.1
  1.6  73.4  40.3   1.8
  3.7  43.2  23.5   1.8
  3.1  52.4  47.8   1.6
  1.2  24.7  13.0   1.6
  4.3  28.6  17.8   2.0
  4.9  15.3  41.8   2.2
  2.0  20.2  42.9   2.0
  2.1  63.9  31.0   2.2
  3.7  37.4  46.5   2.5
  1.4  72.2  10.9   1.8
  4.5  43.3  24.9   1.9
  4.2  58.1  49.6   1.5
  1.3  23.7  49.6   2.5
  2.6  79.1  29.5   2.5
  4.9  40.8  30.8   1.6
  4.4   8.8  49.4   1.6
  4.9  69.4  25.2   2.4
  1.7  16.7  12.9   2.0
  4.3   9.4  21.5   1.6
  3.4   6.6  34.8   2.2
  3.6  84.6  41.3   2.2
  1.2  30.1  19.5   1.6
  1.8  50.6  18.0   2.1
  3.8  34.1  18.1   1.8
  2.8  32.2  18.3   2.1
  2.7  61.5  15.4   1.9
  4.4  40.0  12.7   2.0
  1.9  58.4  26.9   2.4
  3.8  40.1  12.3   2.3
  3.1  16.3  33.8   2.4
  4.9  31.5  17.9   2.4
  4.7  76.6  46.9   2.4
  2.7  81.8  34.2   2.4
  2.4  94.7  36.2   1.7
  3.3  71.7  29.7   1.9
  4.9  17.3  37.0   2.0
  2.3  85.8  32.9   1.8
  3.5  41.4  44.6   2.3
  1.8  78.9  40.9   1.7
  3.2  25.8  39.3   2.2
  4.8  77.0  49.9   1.7
  2.9  75.1  41.3   2.4
  2.6  89.5  25.7   2.5
  3.0  73.0  25.8   1.8
  3.9  92.6  32.1   1.8
  1.5  28.9  23.1   2.0
  3.3  16.3  11.7   2.3
  2.3  11.3  46.6   1.7
  2.8  76.2  12.6   2.2
  1.4  69.0  27.2   1.7
  2.1  18.7  36.3   2.5
  2.2  75.7  49.6   2.1
  4.4  20.4  23.2   1.7
  3.5  66.9  12.7   2.1
  1.2  43.4  25.8   1.7
  4.9  14.2  27.5   1.9
  4.4  94.1  11.4   1.9
  3.4  77.0  43.9   2.1
  2.7   9.3  11.7   1.8
  2.9  65.8  10.2   2.4
  1.3  15.8  24.7   1.6
  2.1  40.5  10.8   2.1
  2.6  13.9  45.3   1.7
  3.7  14.7  22.4   1.7
  1.7  43.7  18.5   2.2
  3.6   7.7  15.4   2.0
  1.8  92.1  12.9   1.9
  2.3  41.3  44.6   1.8
  3.3  32.9  27.4   2.3
  5.0  31.4  18.4   1.7
  1.3  30.7  41.3   2.4
  4.6  83.3  39.8   2.1
  1.3  32.4  25.2   2.4
  3.2  86.8  32.4   1.6
  3.3  43.1  25.9   2.1
  1.4  34.0  47.7   2.0
  3.5  83.2  45.1   2.0
  1.0  86.5  43.1   2.2
  1.1  35.1  35.8   2.3
  1.2  42.7  13.3   2.1
  1.5   5.4  47.9   2.0
  1.3  56.4  47.2   1.7
  4.2  75.3  48.8   1.7
  3.3  87.7  48.2   2.1
  2.8  25.9  23.9   2.0
  4.4  10.1  49.8   2.2
  2.1  15.6  14.2   2.5
  2.4  77.6  41.5   2.0
  4.5  41.5  15.2   2.5
  3.6  21.4  34.3   2.3
  3.3  10.3  29.5   1.7
  1.6  22.0  22.1   2.4
  3.6  14.6  47.5   1.8
  2.4  52.1  34.0   2.1
  3.7  36.6  35.9   2.1
  1.1  51.4  28.7   1.9
  3.4  83.2  19.7   2.4
  4.5  15.2  39.0   1.8
  2.2  87.5  44.7   1.8
  4.5  39.2  23.9   2.4
  3.1  72.4  24.0   1.6
  1.2  75.4  18.2   1.5
  3.9  13.0  36.7   2.5
  3.6  13.1  49.3   1.8
  4.5  31.3  29.6   2.5
  4.7  28.8  27.9   1.6
  4.4  41.6  17.8   1.9
  1.9  29.1  43.3   2.2
  4.2  86.5  42.6   2.1
  2.1  43.5  45.1   2.3
  3.5  42.0  35.2   2.0
  4.9  60.2  35.8   1.5
  3.3   9.6  19.5   1.7
  4.1  79.5  42.9   1.7
  1.5   5.4  49.0   2.3
  2.0  46.6  45.4   2.5
  2.9  49.6  15.5   2.1
  4.8  62.3  17.2   1.9
  2.7  66.6  35.9   2.5
  4.5  93.1  12.0   2.2
  2.7  23.2  21.6   1.5
  4.4  32.5  26.9   1.5
  2.5  89.6  32.4   1.6
  4.3  66.8  30.7   2.3
  4.5  87.6  23.8   1.6
  2.4  82.6  31.5   1.7
  3.2  47.1  46.0   2.0
  3.3   5.3  38.7   2.0
  2.4  55.0  48.5   1.6
  5.0  79.8  38.6   2.2
  2.2  74.5  31.0   1.9
  1.1   6.5  28.6   2.3
  1.1  34.0  34.8   2.0
  4.5  62.9  23.6   1.9
  1.9  64.0  27.7   1.8
  2.4  38.4  27.4   1.6
  3.8  45.2  49.0   2.2
  3.1  62.5  44.7   1.7
  3.0  48.7  44.4   1.6
  3.0  10.7  35.8   2.3
  1.8  85.0  13.8   2.0
  1.7  70.9  27.3   1.9
  4.2   6.0  36.5   2.1
  4.5  16.3  42.3   2.0
  3.2  71.9  43.2   1.6
  2.0   9.5  42.4   1.8
  2.8  17.2  38.5   2.2
  1.1  65.2  33.5   1.7
  3.7  29.8  47.3   2.1
  1.6  28.1  49.9   2.1
  4.0  74.7  47.9   2.3
  2.4  88.6  19.0   2.4
  2.6  38.7  36.2   2.4
  1.3  92.4  25.0   1.9
  2.6  52.1  17.6   1.6
  3.6  78.0  23.5   2.4
  3.3  14.1  36.2   1.8
  2.7  36.4  25.5   2.2
  3.2  11.8  19.2   2.5
  3.3   7.7  31.6   2.1
  2.4  63.6  31.4   1.9
  4.0  45.7  29.4   1.7
  4.6  56.6  43.4   2.4
  1.4  48.7  41.3   2.1
  3.3  79.2  10.3   1.7
  4.0  45.3  36.3   1.7
  1.4  46.8  32.7   1.6
  3.8  23.3  23.2   2.3
  2.7  18.6  14.7   2.4
  2.6  43.4  16.2   2.0
  4.9  62.3  33.0   2.0
  1.4  18.1  43.6   2.3
  4.9  35.6  25.2   2.1
  3.3  49.5  43.6   2.1
  2.9  22.4  27.8   1.5
  3.6  63.3  19.0   2.0
  3.8  48.9  37.8   2.2
  4.1  52.5  26.1   1.9
  4.0  14.9  26.7   2.2
  2.3  66.2  34.0   2.1
  0.2   0.4   0.4   0.3   0.3   0.3   0.3   0.3   0.2   0.3   0.3   0.2   0.3   0.3   0.3   0.2   0.3   0.3   0.2   0.3   0.3   0.2   0.3   0.3   0.3   0.4   0.3   0.4   0.2   0.3   0.3   0.3   0.3   0.2   0.3   0.3   0.3   0.3   0.3   0.3   0.3   0.2   0.2   0.3   0.4   0.4   0.4   0.3   0.3   0.4 
  114    11    38   116    33    59   172   112    27    23   176   172    63    19    34 
   69    26   127    62    47    85    89   175   156   142   122    86   113   165   133 
   84   163    86   119     0   179    23   101    38    63    98   118    35   135   177 
  142    92    16   134    52    46    68   174   148     0     0    97   169   108   170 
  132    61   170    44   165    25     6   100   135     6   134    29   177    91    61 
   92    42   136    83   136   112    98   135   174   166    48    42    23    97     9 
   77    27    81   123     4     1   145   175    69    36    82   104    10   110   161 
  107    78    11    94   145    90   113    14   163   172    55   144    95   119   176 
   65   151    82    95    37    10   124    41    75    96   120   172   132    90   156 
   41    49   158    90    30    31   106    75   134    92    72    95   156    42    35 
   10   115   123    46    99   129   132   146    36   110   100    85     3    69    83 
   22    65    19    33    47    23   161    92   167   147    58    24    22   124    36 
  172    45   157   171    37    75   117    13    21   156    41    93    73    13    72   142     3   163    52    23    89    76     8   179   162    80   164    23    94   139   145    73    66    45   111 
  103   133    27   155    17   146    39   176   169   171    88   117   156    74    15   150    88    74     6    17    74    76   179    84     5     6   123   136    17    62    32    59   149    48    71 
   10    10   162   156    46   132   120   118    82   114   146   110    85    42     7    19    71   140     1    30    86    48   166    50    32   152    63   107    47   118     6    30   177   112    97 
   73   165   144    63    68   127   168    92   155    22   155   141    53    92    49    60   120    21   147    24   127    12    24   109   144   166    33   170    97    45   116    64    88   115   176 
  118    65   113     0   158   121    89   174    65   150    54    24    69   164    98   165    63    60   118    92   169   106    28   179    55   173   117   148     2    45    43   101   160   105   154 
   10    64   172    62   128   174    70    31    89    66    30     0   121   161   166    20    57    99    40    24    60    94   164    60    60    73   125    61   158   138   151    95    79   142   160 
  171   176    50     4    50   153   168    34   106    38    70   140   153    17   126    68   171   127     3   142    51   171    31    44    15    29   120   145    37    10   178   147    88    38   165 
  100    98    82    28    65    45   158    90   101    92   128    26     3   176    19    55    55    32    66    21    73   151   171   175   110   174    91    86   178   178    53     2    18    85   135 
   83   143    74   173    20   105    63   100   165   130   124    67   171   162   114   134   165    13     6   152   115   157     2   145    43   100    85   120    65     8   112    26     2    59   126 
   37   177    34     5    34   118   139    71   153   146   100    95   128   152   128   105    27   135   140     6   133    23    55    11   123   126   165    99     3    86    21   170    60    48   121 
  161   150    24    41    43   101   143   100   101   133    22    72    87    84   156   125    72   148   163    38    30     0    97   145    36    76   112    76   132   113    40    15    53    41   132 
   82   133   140   104   130   159   120    59    30   126    38    63    46    77   149    96   158    39   101   103    48   112   124    31    85   137   109   176    40   152    12    63    59   169    81 
