12 18
2
      2044
  3.1  38.2  36.4   2.0
  2.0  41.4  17.7   2.2
  3.2  13.8  48.4   2.2
  2.9  32.1  44.4   1.7
  4.0  49.1  43.2   2.4
  1.8  13.6  21.8   2.2
  3.4  43.3  30.9   2.3
  1.9  73.8  40.3   2.2
  1.8  50.7  20.1   1.7
  3.0  87.5  37.7   2.4
  2.3  67.2  49.3   1.7
  1.2  17.3  43.6   2.2
  1.5  29.8  23.7   1.5
  1.3  77.9  22.7   2.5
  3.9  24.2  20.6   2.3
  3.9  13.1  18.6   2.3
  4.0  36.8  48.4   2.3
  4.5  71.0  49.8   1.5
  4.3  50.6  32.5   1.9
  3.5  25.4  28.4   2.5
  3.7  34.5  15.4   2.3
  1.1  68.3  48.7   2.4
  4.1  91.3  46.8   1.8
  1.8  38.2  45.0   2.2
  0.2   0.2   0.3   0.3   0.2   0.4   0.3   0.3   0.3   0.3   0.3   0.4 
   31   101   150   144     9   125    62   146    17    51   162    13 
   18   146    50   117     4   127    19    41    82   109    36     4 
   90   107    25    22   152    66    40   164    99   100   170     7 
   35    19   104    45   127   171    53   125    42    23    72    37 
  118   148    88   103    46   123    65    32    33    84   119    10 
  153   161    46   164    74    30   137   130    27   138   169   139 
    8    36    77    17   109   169    34    82    69    12    31   131 
  104    12     9   163    26    58   123    32     7   138   168    22 
   63   172   173    76   154    73   147    52    24   176    18     1 
   72   143   154   178    86   133     6   111    10    36     6   153 
   30    39    33    91    31   138   106   156    80   148    54   169 
  128    90     1   140     0   118    47    97    93   135   161    49 
   14     9   174    76    84   136    13    38   126   166    68    25 
   89   134   144    83   144   166    23     4   121    40    30   160 
   79   145   126   126   136   169   136   135    19    60   148   168 
  179   167    15   178   124   130    92    23    74   159   123    91 
  164    77   130    89    54   100   162    44    99   153    94    45 
   10   172   134    96   106    69     0   134    85   114    50   108 
