50 6
4
      5861
  4.1  80.2  11.3   2.4
  1.0  13.4  18.5   2.2
  4.2  69.0  34.5   2.0
  3.2  94.6  47.7   2.2
  2.3  17.1  24.5   2.1
  4.6  52.4  14.1   1.6
  1.8  37.4  28.6   2.2
  2.6  41.3  15.8   2.2
  4.2  33.3  31.7   1.9
  1.7  60.9  45.2   1.7
  1.4  29.7  41.9   2.3
  4.3   8.9  44.5   1.9
  2.0  13.5  16.0   1.5
  4.3  57.3  37.2   2.0
  3.6  28.4  10.1   1.6
  3.8  37.3  23.8   2.0
  4.9  36.9  14.1   2.0
  2.0  78.4  26.1   1.8
  2.0  93.0  43.7   2.5
  3.9  57.6  18.3   1.9
  5.0  33.4  10.1   1.6
  1.9  92.6  38.8   1.9
  2.0  27.1  46.6   1.5
  1.2  84.0  42.3   2.1
  1.7   5.7  37.9   2.0
  2.5  81.9  20.9   2.5
  5.0  34.9  16.7   1.6
  3.0  65.8  20.8   2.1
  2.1  80.3  15.7   1.9
  3.6  15.6  44.4   1.6
  4.7  65.6  19.3   2.3
  4.0  87.2  20.8   2.2
  3.4  47.9  18.1   1.6
  2.8  88.8  14.3   2.2
  4.5  76.0  21.0   1.9
  2.2  44.7  18.1   2.0
  4.0  80.0  31.4   1.7
  4.1  28.2  20.1   2.1
  4.7  39.6  28.8   2.4
  4.3  53.2  46.0   2.3
  2.7   7.2  35.8   1.9
  1.1  11.1  46.8   2.3
  1.5  67.5  23.5   1.9
  3.2  58.7  37.9   2.4
  3.7  52.3  49.7   2.1
  3.5  20.2  46.7   2.3
  1.8  41.6  10.4   2.3
  4.1  76.6  42.5   2.2
  3.9  38.7  27.2   1.7
  1.1  94.7  24.9   2.4
  1.1  52.5  29.4   2.1
  1.3  13.6  11.5   1.8
  2.6  42.7  14.2   2.1
  2.5  79.9  10.2   2.0
  3.7  27.7  16.9   2.5
  2.2  51.6  44.3   2.2
  3.0   9.0  22.9   2.1
  4.0  77.3  32.5   2.3
  1.4  62.9  43.9   1.5
  2.6  13.2  47.7   2.2
  1.5  39.2  22.5   1.6
  4.4   5.3  48.0   1.7
  4.5  25.5  26.8   2.1
  4.0  57.4  25.6   1.6
  3.3  81.3  33.9   2.4
  4.6  40.3  13.7   2.1
  3.9  14.7  17.4   2.2
  4.3  59.9  36.7   1.9
  3.6  34.4  23.9   2.0
  2.9  94.0  49.5   2.4
  2.7  21.2  27.6   2.0
  4.3  23.5  48.4   2.1
  2.8  60.0  38.1   2.4
  4.4  29.1  13.3   2.5
  2.8  69.8  38.4   2.1
  4.3  25.8  47.4   2.2
  2.1  46.8  24.5   2.3
  2.8  87.6  21.7   1.8
  1.5  31.3  15.9   1.6
  4.0  87.1  49.9   2.1
  5.0  35.7  17.5   2.3
  4.7  55.0  10.3   2.0
  2.3  32.0  20.4   1.9
  3.7   5.0  41.5   1.7
  2.8  66.9  39.6   1.6
  3.8  27.0  47.0   1.6
  4.8  10.1  33.5   1.9
  4.2  21.3  10.9   2.1
  2.7  91.9  36.1   1.8
  2.6  16.4  49.0   1.9
  1.2  48.6  41.9   1.9
  1.9   9.8  28.4   1.6
  2.2  72.3  13.2   1.6
  2.8  16.4  28.6   2.4
  1.7  90.0  17.8   2.2
  2.3  39.5  26.5   1.7
  3.0  94.1  24.7   1.9
  1.9  11.9  37.5   2.2
  3.1  85.1  49.5   1.8
  3.0  43.0  13.7   1.5
  2.7  39.6  33.4   2.4
  2.4  85.5  28.0   1.7
  3.9  45.2  20.3   1.6
  3.4  63.9  26.4   2.0
  1.7  32.5  17.8   2.2
  2.3  56.4  17.0   2.0
  2.6  86.4  24.3   1.7
  4.6  89.7  15.5   1.7
  2.1  65.4  36.4   2.1
  3.1  57.4  34.4   2.4
  4.3  73.1  49.0   2.4
  1.9  34.7  10.7   2.0
  2.7  22.0  38.1   2.5
  3.1  21.8  23.2   2.4
  2.5   5.0  44.4   1.8
  2.7  78.2  19.8   1.8
  4.1  65.4  18.5   1.9
  3.3  82.7  27.9   1.9
  3.0  32.9  36.2   2.0
  3.3  92.7  45.8   1.5
  2.5  61.2  27.5   2.1
  4.3  40.1  37.9   2.0
  3.9  84.9  21.9   1.8
  2.0   7.9  15.7   2.5
  4.0  30.5  42.8   1.7
  3.1  93.9  32.3   1.6
  4.0  56.3  42.0   2.3
  4.0  24.8  49.1   2.3
  3.2  20.7  48.2   1.8
  1.2   7.1  20.4   2.4
  4.0  81.4  44.9   2.5
  2.6  83.7  18.8   1.8
  3.3  42.9  38.9   1.6
  1.9  64.9  33.6   2.1
  1.1  15.8  13.9   1.9
  1.9   5.3  44.1   2.0
  1.7  11.9  26.1   2.4
  2.9  88.0  38.8   2.2
  3.5  46.7  43.2   1.7
  3.5  94.9  35.3   2.3
  2.1  51.5  37.8   1.8
  3.4  70.4  21.1   1.9
  4.2  37.4  45.2   2.1
  3.3  77.2  29.2   2.4
  4.6  77.9  10.7   2.2
  2.4   7.8  20.9   1.9
  2.0  79.8  33.4   2.0
  2.1  14.1  12.5   1.5
  5.0  18.8  10.8   2.3
  2.7  53.0  31.1   2.1
  2.3  71.6  44.2   1.5
  2.9  26.9  16.0   2.3
  4.9  33.6  49.5   2.5
  2.3  54.1  48.6   2.1
  4.2  60.5  17.5   2.1
  4.1  26.7  10.7   2.4
  1.5  54.1  12.5   2.4
  4.5  24.6  49.7   1.9
  1.5  71.3  15.8   2.3
  3.4  73.7  38.4   2.4
  2.7  71.1  10.7   1.6
  1.9  93.5  12.0   1.6
  3.7  55.0  26.9   1.6
  3.1  65.0  47.0   2.4
  2.0  63.4  21.3   2.4
  2.1  27.9  32.5   2.0
  1.5  76.0  11.1   1.9
  3.3   5.7  34.7   2.3
  1.9  51.4  17.2   2.0
  3.3  17.4  11.8   1.7
  4.5  74.5  19.9   2.3
  4.1  28.9  19.2   1.8
  2.8  27.3  36.2   1.9
  2.1  57.4  25.4   2.2
  2.3  27.7  10.6   1.8
  4.8  13.4  47.4   2.0
  4.5  79.2  14.1   1.9
  1.3  30.1  39.2   1.7
  4.0  40.1  16.2   1.6
  3.0   9.9  18.2   2.0
  4.0  72.8  26.0   2.1
  4.7  50.4  31.9   2.0
  1.1  94.7  42.0   1.5
  3.3  37.0  21.6   1.6
  1.9  19.9  41.3   1.7
  2.9  29.5  46.1   1.8
  4.8  20.4  28.3   2.1
  4.6   9.6  43.4   1.6
  1.1   7.7  39.7   1.6
  1.7  88.9  45.4   1.6
  3.2  89.8  32.8   1.6
  1.9   8.3  22.2   1.5
  4.1  58.0  30.8   1.9
  4.3  69.7  24.6   2.4
  3.1  65.0  13.4   2.4
  2.9  80.0  47.3   1.7
  4.6  28.0  37.8   1.8
  1.3  37.3  40.1   2.0
  3.3  21.7  46.3   2.1
  2.7  58.9  34.0   1.9
  0.2   0.3   0.3   0.4   0.2   0.2   0.2   0.4   0.3   0.3   0.4   0.3   0.4   0.3   0.4   0.2   0.2   0.2   0.2   0.4   0.4   0.2   0.3   0.3   0.4   0.2   0.3   0.3   0.4   0.4   0.4   0.3   0.4   0.2   0.4   0.3   0.3   0.3   0.3   0.3   0.4   0.4   0.2   0.3   0.3   0.3   0.3   0.3   0.2   0.3 
   54    54   115    34    69    71   143   163   117   129   179   123   103   158    25 
   36    47   128    89   168    10   106    36   161    67    34   111   136    12    66 
  167     8    92    49    80    36    68   119    96    70   123   144    94   148    24 
   25    58    13   147   109   146   149    54   164    58    96   167   114   173   138 
    4   146   149   147   162   170    67    28   176   121   159   150   124   128    87 
  120   150    52    59   112   170    94    90    28    40   146    78    58    53    60 
   75   106   102   121   174    86   121     7     9    94   131   126   104    69   145    15   171    27     3   142   143    11    82   178    66   150    33   173    92    54   120   105   116     0    39 
   44   109   122   124    20    73   118    91   130   137    63    43   123    98   123    35   135   146   115   163   172     1   107    41    70   145   136    73    60   174    34    61    84    70   176 
   79    59   105   153   115   120    93   101   126     6     6    95    61    56    74   119   149     4    19    31   155    38    40    70    72    42    88   153    95    17   145   121   101    51     0 
  104   175    62   146    40   100    85   105   177     4     7    97    92    91     0   139    82    30    19    69   116    72   168   134    62    39   160    86   167   162   177    71   173    55    85 
   41    48    83    58    82     4   157   100    48   103    13    93    14    97    20    14   141   167   158    40   141    52    55   169    19   103   156   178   109   124   160    50   177   128   144 
  127    53   141    15    23    67   114    86    36   121    14   144    89   144     7    54    18   140   155    81   172     7    74    69    50   117   111     4   119     9    13    47   165   105    56 
