6 18
4
      7662
 46.9   4.9  39.7   1.8
 92.7   3.1  41.6   2.3
 27.3   4.5  12.7   2.4
 16.8   1.2  28.5   2.4
 76.1   3.4  28.8   1.9
 94.7   1.8  40.4   2.2
 80.2   2.3  17.9   2.4
 52.3   1.1  46.9   2.4
 22.2   3.2  34.2   2.4
 82.4   2.4  36.2   1.7
 79.4   3.6  29.7   1.9
 48.8   3.1  37.0   2.0
 56.6   4.9  47.9   2.0
 78.5   4.5  47.2   1.7
 39.1   1.8  48.8   1.7
 43.3   4.7  48.2   2.1
 39.1   1.9  23.9   2.0
 13.5   1.4  49.8   2.2
 14.4   3.6  31.0   1.9
 51.3   4.1  28.6   2.3
 74.5   4.8  34.8   2.0
 66.4   3.9  23.6   1.9
 71.5   1.7  27.7   1.8
 49.3   2.3  27.4   1.6
  0.2   0.4   0.4   0.3   0.3   0.3 
  156    57    93    38    28   100 
  140    71    59   164    77   178 
  170   112    73    45   166     2 
   54   108    83   130    62    36 
   64    86    54    27   113   161 
   77   145   145   105   179    40 
   45    63   122    40    91    95 
  179    84   154   111    54    15 
    1    52    69   141   136   170 
  172    50   149   120   174    28 
   70    99     7    11   118    59 
   55   107   160    55    20   176 
  168   116    43   155    62   119 
  105    15   131   111   151   170 
  119   149   128   167   170   117 
   51    11    50   133    33    45 
   85     5   107   110    46    12 
  120   163    20   154    60    13 
