12 18
2
     25916
 37.2   4.6  11.3   2.4
 69.1   1.6  10.2   2.1
 23.0   1.6  23.6   1.7
 31.7   2.6  16.0   2.3
 81.4   3.3  14.2   2.1
 18.0   3.9  46.5   2.5
 68.9   4.8  30.3   1.5
 89.0   3.8  34.6   1.5
 76.8   1.5  17.8   2.2
 92.7   1.4  14.1   1.6
 42.3   4.4  47.6   1.7
 51.9   1.1  33.5   2.0
 10.6   4.4  29.4   2.1
 74.5   3.2  29.0   2.4
 40.2   5.0  18.5   1.5
 53.9   1.1  31.8   2.1
 64.4   4.1  20.3   1.6
 25.5   4.5  47.7   2.2
 85.1   3.4  34.4   1.9
 88.5   4.4  49.5   1.9
 33.0   4.6  17.5   2.1
  6.5   3.0  44.3   2.2
 26.1   4.8  11.3   1.5
 17.1   1.2  17.6   1.8
  0.2   0.4   0.3   0.3   0.3   0.4   0.3   0.4   0.2   0.2   0.3   0.3 
  143   140    25    30   155   108   147    51   172   153   141   135 
    1    26    81   179    22     0    83    11    71   138    18    63 
   26     0    18   151     0   164   125    30    25    41    36    49 
  115   165   129    88    96   169   103   139    14   146    74    20 
   75   107    33    62    79   126   127    65    26    33    46   133 
  174    45    71    89   109    51    31   152    62   176    19    73 
  126   154    38   117    78    53   147   144   171   156   130    17 
   24   160    78    89   136    67    54    68    13   116     4    29 
   76    51     5    32    44   117     2    18    28    72   144   141 
  125     7    21   172    30    73    43    87   161    50    22    86 
   98    88    51    71    79   100   178   113    12   131   133    92 
  122    62    72    37   129   145    49    48   154    48    19    36 
   12   104    66   153   103   176   130    47   101    91    37    21 
   70    16   120   177   172    14   168    52   179     1   141   166 
  162    60    67     3    90   179    10   144   154    53   110    91 
   59    44    80   161   125    25   100   175    46    39   106   153 
  160    89   135    44    52   127    88    30    94    97    13    62 
  166   101   111     8    41    69   168   131    36    98    52   162 
