12 18
2
     28710
 92.3   3.3  44.2   2.1
 76.3   2.8  28.9   1.6
 71.4   2.8  42.2   2.4
 38.3   3.6  44.0   2.0
 17.9   2.0  44.6   1.8
 18.1   4.3  22.0   1.8
 43.4   4.1  19.7   2.1
 47.8   1.3  34.1   1.7
 66.0   2.3  27.2   2.2
 10.4   4.7  13.2   2.0
 25.2   1.4  22.6   2.3
 83.7   1.8  25.4   2.2
 38.5   3.9  13.9   2.4
 44.1   3.2  44.6   2.0
 76.4   4.8  48.8   1.5
  8.0   4.7  21.4   2.1
 38.5   4.4  34.0   1.5
 85.6   1.5  27.8   1.8
 58.8   2.0  47.3   1.5
 94.0   3.2  25.3   1.8
 78.4   3.9  14.9   1.9
 23.9   3.0  24.7   1.5
 54.3   2.9  13.9   1.7
 77.3   4.7  11.9   1.7
  0.2   0.3   0.4   0.4   0.2   0.4   0.3   0.3   0.3   0.3   0.3   0.3 
  167   141    45     6   132   173   171    48    90    37   162    31 
   75    47   112    96    65   110    60    83    35   129   131    98 
   20    77    81    25    45   105    30   131    73    98   116    23 
  143   140   131    16   145    31   164    23    61   131    99   162 
  125   128    27    35   128    24    44    65    67    77   148    52 
   29   114     2    70    74   127   155   138    67   135   114    28 
  166    19   178    80   155    65   124    29   162   155   156   101 
   68     5   147   149   152    62   109   144    37    82    58    47 
    6   133   166   170   150   142    73    53    79    71   143    46 
  141   114    48    83     4   130     1   102    52   179   158   147 
   72    52   134    45   120   124    68    97    56    55    55    29 
   71    11    91    64    42    23    54     7   117   125    43   176 
  133    95    17   169     6   138    58   159   174    58    72    28 
  136   152   159    69    69    29   137    60   164   167    79    12 
  174    24   170    87   173    46    74    33   163   100   172    68 
   65    61   163    36   121    78   147    61    87    83   158    33 
   29   175    35    25    93    29    30   138    90    84   151    91 
  113   169   133    65   119   134    41    16   134    27   161   116 
