50 18
4
      5841
  4.1  80.2  11.3   2.4
  1.0  13.4  18.5   2.2
  4.2  69.0  34.5   2.0
  3.2  94.6  47.7   2.2
  2.3  17.1  24.5   2.1
  4.6  52.4  14.1   1.6
  1.8  37.4  28.6   2.2
  2.6  41.3  15.8   2.2
  4.2  33.3  31.7   1.9
  1.7  60.9  45.2   1.7
  1.4  29.7  41.9   2.3
  4.3   8.9  44.5   1.9
  2.0  13.5  16.0   1.5
  4.3  57.3  37.2   2.0
  3.6  28.4  10.1   1.6
  3.8  37.3  23.8   2.0
  4.9  36.9  14.1   2.0
  2.0  78.4  26.1   1.8
  2.0  93.0  43.7   2.5
  3.9  57.6  18.3   1.9
  5.0  33.4  10.1   1.6
  1.9  92.6  38.8   1.9
  2.0  27.1  46.6   1.5
  1.2  84.0  42.3   2.1
  1.7   5.7  37.9   2.0
  2.5  81.9  20.9   2.5
  5.0  34.9  16.7   1.6
  3.0  65.8  20.8   2.1
  2.1  80.3  15.7   1.9
  3.6  15.6  44.4   1.6
  4.7  65.6  19.3   2.3
  4.0  87.2  20.8   2.2
  3.4  47.9  18.1   1.6
  2.8  88.8  14.3   2.2
  4.5  76.0  21.0   1.9
  2.2  44.7  18.1   2.0
  4.0  80.0  31.4   1.7
  4.1  28.2  20.1   2.1
  4.7  39.6  28.8   2.4
  4.3  53.2  46.0   2.3
  2.7   7.2  35.8   1.9
  1.1  11.1  46.8   2.3
  1.5  67.5  23.5   1.9
  3.2  58.7  37.9   2.4
  3.7  52.3  49.7   2.1
  3.5  20.2  46.7   2.3
  1.8  41.6  10.4   2.3
  4.1  76.6  42.5   2.2
  3.9  38.7  27.2   1.7
  1.1  94.7  24.9   2.4
  1.1  52.5  29.4   2.1
  1.3  13.6  11.5   1.8
  2.6  42.7  14.2   2.1
  2.5  79.9  10.2   2.0
  3.7  27.7  16.9   2.5
  2.2  51.6  44.3   2.2
  3.0   9.0  22.9   2.1
  4.0  77.3  32.5   2.3
  1.4  62.9  43.9   1.5
  2.6  13.2  47.7   2.2
  1.5  39.2  22.5   1.6
  4.4   5.3  48.0   1.7
  4.5  25.5  26.8   2.1
  4.0  57.4  25.6   1.6
  3.3  81.3  33.9   2.4
  4.6  40.3  13.7   2.1
  3.9  14.7  17.4   2.2
  4.3  59.9  36.7   1.9
  3.6  34.4  23.9   2.0
  2.9  94.0  49.5   2.4
  2.7  21.2  27.6   2.0
  4.3  23.5  48.4   2.1
  2.8  60.0  38.1   2.4
  4.4  29.1  13.3   2.5
  2.8  69.8  38.4   2.1
  4.3  25.8  47.4   2.2
  2.1  46.8  24.5   2.3
  2.8  87.6  21.7   1.8
  1.5  31.3  15.9   1.6
  4.0  87.1  49.9   2.1
  5.0  35.7  17.5   2.3
  4.7  55.0  10.3   2.0
  2.3  32.0  20.4   1.9
  3.7   5.0  41.5   1.7
  2.8  66.9  39.6   1.6
  3.8  27.0  47.0   1.6
  4.8  10.1  33.5   1.9
  4.2  21.3  10.9   2.1
  2.7  91.9  36.1   1.8
  2.6  16.4  49.0   1.9
  1.2  48.6  41.9   1.9
  1.9   9.8  28.4   1.6
  2.2  72.3  13.2   1.6
  2.8  16.4  28.6   2.4
  1.7  90.0  17.8   2.2
  2.3  39.5  26.5   1.7
  3.0  94.1  24.7   1.9
  1.9  11.9  37.5   2.2
  3.1  85.1  49.5   1.8
  3.0  43.0  13.7   1.5
  2.7  39.6  33.4   2.4
  2.4  85.5  28.0   1.7
  3.9  45.2  20.3   1.6
  3.4  63.9  26.4   2.0
  1.7  32.5  17.8   2.2
  2.3  56.4  17.0   2.0
  2.6  86.4  24.3   1.7
  4.6  89.7  15.5   1.7
  2.1  65.4  36.4   2.1
  3.1  57.4  34.4   2.4
  4.3  73.1  49.0   2.4
  1.9  34.7  10.7   2.0
  2.7  22.0  38.1   2.5
  3.1  21.8  23.2   2.4
  2.5   5.0  44.4   1.8
  2.7  78.2  19.8   1.8
  4.1  65.4  18.5   1.9
  3.3  82.7  27.9   1.9
  3.0  32.9  36.2   2.0
  3.3  92.7  45.8   1.5
  2.5  61.2  27.5   2.1
  4.3  40.1  37.9   2.0
  3.9  84.9  21.9   1.8
  2.0   7.9  15.7   2.5
  4.0  30.5  42.8   1.7
  3.1  93.9  32.3   1.6
  4.0  56.3  42.0   2.3
  4.0  24.8  49.1   2.3
  3.2  20.7  48.2   1.8
  1.2   7.1  20.4   2.4
  4.0  81.4  44.9   2.5
  2.6  83.7  18.8   1.8
  3.3  42.9  38.9   1.6
  1.9  64.9  33.6   2.1
  1.1  15.8  13.9   1.9
  1.9   5.3  44.1   2.0
  1.7  11.9  26.1   2.4
  2.9  88.0  38.8   2.2
  3.5  46.7  43.2   1.7
  3.5  94.9  35.3   2.3
  2.1  51.5  37.8   1.8
  3.4  70.4  21.1   1.9
  4.2  37.4  45.2   2.1
  3.3  77.2  29.2   2.4
  4.6  77.9  10.7   2.2
  2.4   7.8  20.9   1.9
  2.0  79.8  33.4   2.0
  2.1  14.1  12.5   1.5
  5.0  18.8  10.8   2.3
  2.7  53.0  31.1   2.1
  2.3  71.6  44.2   1.5
  2.9  26.9  16.0   2.3
  4.9  33.6  49.5   2.5
  2.3  54.1  48.6   2.1
  4.2  60.5  17.5   2.1
  4.1  26.7  10.7   2.4
  1.5  54.1  12.5   2.4
  4.5  24.6  49.7   1.9
  1.5  71.3  15.8   2.3
  3.4  73.7  38.4   2.4
  2.7  71.1  10.7   1.6
  1.9  93.5  12.0   1.6
  3.7  55.0  26.9   1.6
  3.1  65.0  47.0   2.4
  2.0  63.4  21.3   2.4
  2.1  27.9  32.5   2.0
  1.5  76.0  11.1   1.9
  3.3   5.7  34.7   2.3
  1.9  51.4  17.2   2.0
  3.3  17.4  11.8   1.7
  4.5  74.5  19.9   2.3
  4.1  28.9  19.2   1.8
  2.8  27.3  36.2   1.9
  2.1  57.4  25.4   2.2
  2.3  27.7  10.6   1.8
  4.8  13.4  47.4   2.0
  4.5  79.2  14.1   1.9
  1.3  30.1  39.2   1.7
  4.0  40.1  16.2   1.6
  3.0   9.9  18.2   2.0
  4.0  72.8  26.0   2.1
  4.7  50.4  31.9   2.0
  1.1  94.7  42.0   1.5
  3.3  37.0  21.6   1.6
  1.9  19.9  41.3   1.7
  2.9  29.5  46.1   1.8
  4.8  20.4  28.3   2.1
  4.6   9.6  43.4   1.6
  1.1   7.7  39.7   1.6
  1.7  88.9  45.4   1.6
  3.2  89.8  32.8   1.6
  1.9   8.3  22.2   1.5
  4.1  58.0  30.8   1.9
  4.3  69.7  24.6   2.4
  3.1  65.0  13.4   2.4
  2.9  80.0  47.3   1.7
  4.6  28.0  37.8   1.8
  1.3  37.3  40.1   2.0
  3.3  21.7  46.3   2.1
  2.7  58.9  34.0   1.9
  0.2   0.3   0.3   0.4   0.2   0.2   0.2   0.4   0.3   0.3   0.4   0.3   0.4   0.3   0.4   0.2   0.2   0.2   0.2   0.4   0.4   0.2   0.3   0.3   0.4   0.2   0.3   0.3   0.4   0.4   0.4   0.3   0.4   0.2   0.4   0.3   0.3   0.3   0.3   0.3   0.4   0.4   0.2   0.3   0.3   0.3   0.3   0.3   0.2   0.3 
   54    34   143   129   103    75   121   121    94   104    15     3    11    66   173 
   36    89   106    67   136    44   124   118   137   123    35   115     1    70    73 
  167    49    68    70    94    79   153    93     6    61   119    19    38    72   153 
   25   147   149    58   114   104   146    85     4    92   139    19    72    62    86 
    4   147    67   121   124    41    58   157   103    14    14   158    52    19   178 
  120    59    94    40    58   127    15   114   121    89    54   155     7    50     4 
   54    69   163   179   158   106   174     7   131    69   171   142    82   150    92 
   47   168    36    34    12   109    20    91    63    98   135   163   107   145    60 
    8    80   119   123   148    59   115   101     6    56   149    31    40    42    95 
   58   109    54    96   173   175    40   105     7    91    82    69   168    39   167 
  146   162    28   159   128    48    82   100    13    97   141    40    55   103   109 
  150   112    90   146    53    53    23    86    14   144    18    81    74   117   119 
  115    71   117   123    25   102    86     9   126   145    27   143   178    33    54 
  128    10   161   111    66   122    73   130    43   123   146   172    41   136   174 
   92    36    96   144    24   105   120   126    95    74     4   155    70    88    17 
   13   146   164   167   138    62   100   177    97     0    30   116   134   160   162 
  149   170   176   150    87    83     4    48    93    20   167   141   169   156   124 
   52   170    28    78    60   141    67    36   144     7   140   172    69   111     9 
  120     0   142   152     9   166   171   153    74    25    71    59    86   162    85    97    39    82   150    92    82     7   104     3   167    68   176    73    33   141    72   153   158   142     1 
   34    70   153    95    24   118    93   150    78    23   105   140    93    22   133    43    17   178    23   122    41    59    27    44    18   167    88    32    21   143   167   141   121    16    76 
  145    51   131   154    43   115    61   130    12    64    92   149    26   123   109   106    70    68   172   149    18     5   133    25    90   165    35   112   171   156    85    99   168    72   156 
  177    55    86    26    91   135    78   149    46   169    80    13    60    67    80   106   171    52    21    23   155    83    49   158   143   115    99   159    87   108    66   130    99    85   141 
  160   128   169    75    64    88   178   104    94    99   141    85   108   176     9   164    14     3   177    72     3    62    47    66   136    51   115   106   114   141   130    68    32    86   122 
   13   105    69   146    30   123     7   104    84    31    85   104   122   105    72   107   155   179    61    24     7    56    92     8   118   154   165    21    15   134    50   102    57    41   141 
  105    39   144    65   105     6   147    70   140     4    24   108    60    92   138   142   166   147    40   105    87    94   101    86   169    54    11   133   143    80   158   100    19    27    67 
   61   176    86    57   107   146    28   152   113    85   101    63    23    79   143   140   103    40    51    74     7   178    81    67    16    20    61    84    35    60   103   171    45    13    59 
  121     0   162    62   160   168   170    72    40   117   113   144    75   102   174    26    11   147   113    12    27     3    65    74   109   149    66    99    13   106   103   145    48    58   121 
   71    85   147     5   151    98    30   141   136   112    10   116    60   171   104   136    72    83    91   126    95    40    93    23    28   142   175    49   169   133    12   134    17    12    58 
   50   144    63    26   125   172    89    64    26   114   179   107    11    12   172   112    40   126   139    60   145    62    79    81    60    57   103    57    57    40    49   122   107   149   131 
   47    56    25     5   125    42   153    98   108    97    38   145    37    20    98    73    92    54    44    44   149    28    28    15     2    67   108   155    50    88   135    44     0    41    15 
  116   109    14   113   117    17    17    96    52    90    90   129   101    72    79    72   174    43    84    69    53    86    77    74    26   149    60   150   139    81   173   109    25    92    82 
   84    88   148    25    38    53   129    38    38   139    66   173    10   165     4    77   108   114    44    51   118   166    29   114   105    18   100    35     8    64    37   163   179   163    27 
  101    90    48   119    80    75   144   129    18   110   122     5   101   151   106   139   138    96    73   136   164   116    77    36   123    90   155   100    83    48   114   143    96    69   113 
  173    12    60   151   132    27    93    14    82   119   113   126   177   126   102   155    29   121   102   136     4    95   131    14   136    23   150    45   132    58   102   148    84    76    89 
  177   154     7   128    29    36   151   115    33    52    44    92   100   160    76   101    57   148   178    54    67    95   121    75   155    37    86    66   111     7    68    32    12    74    89 
  165   178   178     1   110   101     4   116    91   162    50    45    54    99    77   162    72    55    71    24    39    62   176    33    31   153    19   123    54   124    68   162     6     6   139 
