50 18
6
      4685
  1.9  43.0  10.5   2.3
  3.5  25.8  39.1   2.2
  1.0  35.1  18.5   2.2
  4.9  11.9  37.2   2.2
  2.2  28.3  32.2   2.4
  1.7  23.0  35.3   2.1
  1.2  10.5  41.3   2.1
  3.6  78.3  38.2   2.4
  3.8  87.9  20.1   2.4
  3.7  94.3  13.7   1.8
  4.3  76.5  15.4   1.6
  4.1  52.3  41.1   2.1
  2.2  68.4  33.1   2.4
  2.4  38.3  14.6   1.5
  3.2  20.3  46.8   1.8
  3.1  23.7  12.2   1.8
  3.9  29.2  13.4   1.5
  4.4  49.3  27.7   1.7
  3.1  70.4  33.7   2.4
  3.3  78.5  19.2   1.9
  3.2  15.3  25.4   1.9
  1.1  94.0  16.6   2.2
  4.6  18.9  43.1   2.3
  3.7  32.3  18.8   2.3
  1.1  27.4  24.1   1.9
  1.6  76.3  14.2   1.9
  3.5  55.7  16.2   1.8
  1.9  71.2  41.6   2.4
  2.6   7.8  49.6   2.3
  1.5  90.6  44.1   2.1
  1.0  45.6  47.6   2.3
  4.2  86.6  41.0   1.6
  4.1  38.1  18.0   2.1
  2.2  49.8  16.5   2.2
  4.0  87.7  18.1   2.2
  4.1  58.8  36.3   2.2
  4.9  38.1  25.4   2.2
  1.3  57.0  46.3   1.9
  3.2  76.9  27.6   1.7
  4.5  32.0  29.1   2.1
  3.5  39.7  33.3   1.7
  2.3  38.3  36.4   1.6
  3.3  18.7  44.9   1.9
  3.3  26.3  13.6   1.6
  2.2  74.6  21.4   2.0
  2.4  14.4  39.1   1.8
  4.4  48.2  37.3   1.5
  1.8  50.7  48.6   1.7
  2.0  83.3  27.1   2.3
  4.7  32.9  12.8   2.4
  3.4  53.9  34.1   2.5
  1.0  68.7  43.8   2.4
  2.1  85.3  42.8   1.9
  3.3  12.8  24.8   2.0
  1.7  40.0  18.6   2.3
  3.6  47.1  39.0   2.1
  1.2  63.5  15.2   2.4
  2.6  45.0  42.0   2.1
  2.4  26.5  22.5   1.6
  2.1  64.0  20.7   2.5
  4.4   9.2  49.1   2.1
  4.6   7.6  46.6   1.6
  4.0   8.7  43.2   2.2
  4.5  74.7  31.6   1.6
  3.2   6.3  32.8   1.6
  4.3  41.7  35.3   2.5
  3.6  93.9  35.6   1.6
  4.6  52.3  40.8   2.2
  1.0  33.5  19.2   2.1
  4.5  30.8  32.0   1.6
  3.9  35.1  29.6   1.6
  4.7  63.4  21.5   1.6
  1.9  91.7  32.6   2.0
  2.2  11.8  35.3   1.9
  4.5  55.5  26.1   2.2
  3.6  48.5  12.7   2.1
  3.9  84.2  15.4   1.7
  2.5  57.0  27.6   1.6
  2.1  79.1  13.6   1.7
  4.3  62.5  43.4   1.7
  3.8  73.9  44.3   2.3
  2.8  53.4  10.2   1.8
  4.3  28.6  46.8   1.9
  1.3  68.2  14.3   2.0
  3.4  88.4  13.6   1.6
  2.5  73.1  24.5   2.4
  3.0  59.1  28.7   1.6
  4.1  41.4  34.3   1.7
  2.8  84.6  11.1   1.9
  1.3  43.7  43.5   2.2
  1.1  35.0  45.3   1.8
  1.4  73.9  11.7   1.6
  3.8  28.9  19.2   2.2
  2.1  37.2  43.2   1.5
  1.3  88.4  22.8   2.2
  4.8  52.5  36.5   2.4
  2.3  43.6  32.4   1.9
  3.8   6.1  26.9   1.6
  4.1  79.4  21.4   1.6
  3.7  26.6  16.9   2.1
  2.8  66.4  30.1   1.8
  1.2  25.9  49.0   2.1
  1.3  25.8  28.3   1.6
  2.9  50.6  18.9   1.8
  4.1  51.0  12.4   1.8
  4.4  74.0  22.8   2.2
  2.7  89.0  11.9   1.9
  2.0  53.3  36.4   2.4
  4.7  41.4  47.9   1.6
  3.9  86.4  25.3   2.0
  3.1  25.2  36.4   2.4
  1.2  33.4  32.1   1.5
  4.8  54.1  13.6   1.5
  1.5  38.1  49.8   2.3
  1.6  12.2  36.0   2.1
  3.7  92.5  34.9   1.7
  3.6  19.3  22.4   1.7
  1.0  25.4  21.4   2.4
  1.2  28.6  36.6   2.4
  4.8  16.1  37.4   2.4
  4.1  28.3  46.0   2.2
  1.8  84.3  27.6   2.2
  4.4  76.1  32.5   1.9
  4.8  48.6  24.8   1.6
  4.9  16.8  11.7   2.4
  2.4  31.4  21.6   2.3
  5.0  86.8  37.8   1.8
  4.2  32.6  34.0   1.9
  2.0  12.1  20.7   1.9
  2.4  35.2  49.7   2.3
  1.8  39.2  10.6   2.1
  3.4  36.7  27.4   1.8
  4.2  86.3  20.8   1.6
  4.2  40.4  33.2   1.9
  2.1  58.5  27.0   2.0
  4.1  90.3  34.2   1.8
  1.4  13.7  21.4   2.3
  1.6  34.9  42.1   2.0
  3.5  92.1  33.0   2.5
  4.8  25.5  31.3   1.6
  3.5  89.9  11.2   2.4
  1.2  74.3  33.6   1.8
  2.9  14.8  41.0   1.6
  4.9  90.2  10.6   1.8
  2.6  35.3  17.7   2.2
  3.7   8.1  34.7   1.7
  2.4  13.1  30.9   1.8
  4.5  34.6  49.1   2.0
  1.3  59.7  19.4   2.4
  1.0  67.6  33.6   2.3
  1.7  92.2  11.5   2.3
  1.5  33.6  39.4   2.4
  4.4  41.3  48.4   2.2
  2.5  85.0  19.8   1.8
  1.3  26.3  29.4   2.0
  2.0  29.2  46.8   1.7
  2.4  31.1  37.9   2.0
  4.3  25.4  13.3   2.5
  1.9  92.5  31.0   1.7
  5.0  52.5  11.0   1.6
  1.9  74.1  21.1   2.1
  4.2  14.1  35.1   2.3
  3.9  93.5  44.8   1.5
  3.3  89.5  23.0   2.3
  2.9  35.4  20.2   2.3
  2.0  82.4  12.1   2.0
  3.0  84.7  31.1   1.7
  1.7  40.8  29.9   2.4
  1.8  12.9  47.8   1.5
  4.8  22.4  15.5   1.6
  5.0  77.4  32.8   1.8
  1.3  26.9  32.9   2.5
  1.2  81.1  14.4   1.6
  3.1  36.3  49.8   2.5
  3.0  76.4  28.5   2.0
  3.2  51.7  49.1   1.8
  3.2  64.2  32.8   1.5
  1.6  51.7  12.1   2.4
  1.3  26.3  22.7   2.5
  3.8  42.5  10.7   1.5
  1.8  33.2  20.0   2.4
  2.5  64.1  20.2   1.9
  2.1  93.8  11.2   2.0
  3.6  33.2  47.8   2.2
  4.5  21.7  49.9   2.2
  3.9  44.4  48.2   2.5
  3.7  43.8  12.2   2.1
  2.0  32.1  47.4   2.1
  2.4  13.6  32.8   2.2
  1.1  16.6  45.2   2.5
  3.8  47.1  15.3   1.7
  3.4  50.2  27.5   2.2
  3.4  57.8  34.0   2.3
  2.7  71.4  11.0   1.7
  4.1  69.5  27.3   2.2
  1.1  17.7  49.6   2.3
  2.7  49.3  21.2   2.4
  4.5  85.8  15.0   1.7
  2.7  81.5  45.2   1.6
  3.3  78.4  31.8   1.9
  2.0  22.2  10.3   2.5
  3.8  31.4  47.6   2.0
  1.5  94.0  31.5   2.4
  2.4  65.1  44.6   2.0
  3.8  74.7  23.1   1.9
  4.8  14.7  48.9   2.5
  1.0  88.2  17.8   2.2
  2.6  42.2  47.6   1.6
  3.9  75.4  18.8   2.0
  3.4  45.2  41.1   2.1
  3.5  25.4  26.1   2.2
  4.6  31.8  47.7   1.8
  4.0  75.0  32.0   1.6
  4.7  14.3  36.8   2.1
  1.5  23.9  35.5   2.3
  2.8  86.3  30.0   1.7
  2.5  75.5  14.9   1.5
  2.7  68.8  39.5   2.3
  2.1  69.4  12.3   1.7
  1.8  57.3  33.6   2.1
  1.9  32.8  25.1   2.0
  4.7  24.2  19.1   2.4
  2.6  76.8  36.8   1.6
  2.7  31.1  44.1   1.8
  4.5  54.8  11.9   1.7
  2.0  90.7  26.6   1.7
  4.7  43.1  25.8   1.8
  3.5  11.1  25.4   1.6
  3.1  14.9  11.5   1.8
  2.9  15.9  36.0   2.2
  2.7  71.3  39.7   1.6
  1.1  18.5  48.3   2.0
  1.7  54.3  11.5   1.5
  2.1  13.0  27.5   1.7
  4.7  79.2  34.6   2.3
  3.0  81.2  41.3   2.1
  4.4  33.0  34.2   1.6
  4.1  74.2  15.1   2.3
  2.7   6.2  49.5   2.1
  2.0  10.3  26.3   1.7
  2.9  77.4  43.9   1.7
  2.6  14.7  37.1   2.5
  2.2  43.8  29.0   1.6
  1.5   6.0  18.6   2.3
  2.0  35.4  41.6   1.9
  3.5  87.6  31.4   2.0
  3.8  76.6  42.7   1.9
  1.6  84.7  17.4   2.0
  2.8  37.5  25.7   2.4
  1.4  49.9  43.9   2.5
  3.1  35.6  13.1   2.0
  2.9  24.6  25.3   2.3
  4.6  57.3  34.4   1.7
  3.9  63.2  39.6   1.9
  3.2  81.9  44.4   1.8
  4.4   7.6  19.4   2.0
  2.1  78.5  10.7   1.7
  4.6  83.9  11.0   2.1
  2.2  39.9  48.3   1.9
  1.5   5.5  33.4   1.8
  3.3  93.7  34.5   1.7
  2.7  29.5  13.9   1.9
  3.0  58.8  17.7   1.6
  2.7  16.4  14.2   1.6
  1.3  34.7  19.8   2.2
  1.5  61.6  38.6   2.2
  2.1  21.4  13.9   2.3
  2.8  72.2  28.9   2.0
  4.3  45.7  27.1   2.3
  4.5  83.5  22.4   1.9
  1.2  38.5  45.3   2.0
  5.0  56.0  46.1   1.7
  2.2  12.0  31.4   1.8
  4.5  50.7  18.6   1.6
  4.8  80.1  29.2   2.2
  1.7  32.2  13.6   2.1
  1.2  64.2  39.8   1.7
  4.7  68.8  12.3   1.8
  3.1  15.0  38.4   1.7
  1.2  86.3  29.5   1.6
  4.3   7.4  20.4   2.1
  1.6  17.5  14.9   1.8
  2.5  19.8  34.8   1.6
  4.3  26.9  44.0   1.8
  1.9  27.5  27.7   1.6
  4.0  40.2  35.8   2.0
  4.4  87.4  47.9   1.7
  4.6  69.6  22.1   2.3
  1.8  20.1  29.3   2.3
  4.2  34.7  46.9   1.8
  2.3  37.3  16.5   1.6
  2.9  82.2  39.2   1.6
  4.2  50.2  16.3   2.0
  2.7  41.8  12.3   2.2
  4.0  66.4  48.0   1.5
  3.6  72.0  16.1   1.6
  2.0  80.7  34.0   2.1
  4.8  26.3  19.7   2.3
  1.8  57.0  23.9   2.2
  1.5   8.6  34.6   1.6
  0.2   0.4   0.2   0.4   0.3   0.4   0.3   0.3   0.3   0.2   0.2   0.4   0.4   0.4   0.2   0.3   0.3   0.3   0.4   0.2   0.3   0.3   0.3   0.3   0.2   0.4   0.4   0.2   0.4   0.2   0.4   0.3   0.3   0.3   0.2   0.2   0.3   0.2   0.2   0.4   0.4   0.2   0.3   0.3   0.3   0.4   0.3   0.3   0.2   0.3 
   60     9    23    27    17   170   123    89    75   166    69   148   131    70   179 
  140    49     9    99    19   145   103   104    95    17   170   136   178    53   178 
  141   149    96   145    63    18   109    93    10    34   158   152   150   108     0 
  129    13   105    70   140     4    48    32     3    11   178    62   177    55    80 
   85   155   154   171    95    98    36   157     5    54   125    45    22    31   129 
  125   109    16   162    30   118    76    80    89   137     8   172   151    55   136 
   63   134    95   179   159   165    96   163     4   179   172    77   130    39   100 
   48    14    76    54    19   122   100   117    11   137    81   159    97    20     8 
   96    17    83   109   153     7    74    69    84   100   128   168    44   133    88 
  141   172    23    85   133    53    32    33   149    20    36    25    15   130   150 
  140    32    59    22   121   147   144    53    46    21    32   142   144   140   160 
  103    76   119     4     0   162   163   104   170   177   110    48    23    50     8 
   87   159    56    72     7    15    37   139    24   173    95     8    53    76     3 
  137   139   146   118   154    23   145   117    20    87    76   116   139   156    12 
   66    27   111   137    95    18    68   156    98   169   149    17    87   136   166 
   81    25    53   102   145   148     7    44   108     4   122    15    55   106   177 
   44    12   173    77   106    41    93   112    76   105    90   104    98   176    35 
   80   129   119    38    59    73    52   140    17   126    87    69    86   100   110 
  121   143   114    77   100    87    20   167    41    80    92    85    99   153   166    36    71   148   149    40    13   126     7   161   176   156    95    98   127   132    44    26   123   141    69 
   18    24    67    47   161   121   179   177     2    51    12   108   110   103    93    25   131   124   156     2    73   118   107    12    80    18   163    90   111    34   113    76   105   152   152 
  165    61    74   179    89    95   131    93    18   106   160   109   163   162    37    65    64   129    81   176    57    22   170   101    87   100    43   167    18    43    15    70    79   122   137 
  134    34   135   131   166    16    45   176    35   140     7   107    31   125    15    89    41    39   110    96   100    51    26    74    12    71     6   169   103   130   111    28   132   175    94 
  147    98    68    15    60    98   159   179    78   168    62    80     8    35    52   130     4     5    38    35   151    79    68   176   131    43    29   171   140   103    35   145    54     4   143 
   25   131   130   144    48    22   110     8    98   137    73    43   172   108    33   111   137   129    61   136   178    96    60    10   168   141   104    59    85    48   148    89    43    30   135 
  160    17    42    55    28    28    24    95   159    51    46     6    46    38    13    87   159    18    91    45    13     8    62   103   143   158    59   155    79    79    40   105    90    22   111 
  126    34    13    18   164   167    67    68   146     7    59    19   166    63   158    28    69    68    54   106   168    97   123   107    17    47   134   148     5    81    34   112    57    75   179 
  143   166    78   141    35   118    29   158    79    41    10   131   119   165    78   138    81     9    61   124   101   151   177   151   110    13   109   118   118   128     0   171    78    49   120 
  163    26   120   120   103    36    74    84    16   126     4   124    85   130    55   123   164   107    50     1   135   167    40   147    19    46   165    35    78   156    88   112    57    59   108 
  110    71   179    29   121   177   156    52    34    19   122   175   154     4   100   110   165    66    70    77    69    68   158    82     3    31    24    87   152   136   169   170    58    25   159 
  133    37    97   120   147    60    58   170   152   121   154   121    45    95   152   147     3   108    67    93   143   129   146    77     9    57     1   172   162   149   125    47   141    96    96 
   29    40   125   147   148    30    16     3    97   134    72    31    90    65    43    61    90    81    61   104    34    40   120   175     5   164   175    38   108   178   161   132    36   179   119 
  111   148    86    59    55   137   120    31    17    77   150    70   125    55    14    72    13   103    42   152    82   127   151   149   103    20   110    83   147   143    70    41   127    45   145 
  100   132    21   142    52     8    39   172    79   157     2   115    50   132    64   172   155    76    98    52    78    91   106   104   157   134    36   162   137    64    16   132   120    46    37 
  148    78   130    65    60     4   169   121    84    26    25   122    96   145   135    13    54   142   136    30   152    27    51    46    40   128   107    90   125   132    54    41    26    30   109 
  126    86    87    16    88   163    96   104   123   112     8   106    64   171    61    53    47    18    19    23   135   160    85     4   118    41   161   133    74    23   137    14   174    46    43 
  145    46    69   148    14    60    52    16    15    94    49    92    14   173   150   171   139    30    49   100    95    88   100   151    34   111   118    42   105    24   164    74    89    79    12 
