25 18
6
      1973
  1.9  17.3  78.8   2.0
  4.3  30.1  74.6   1.7
  4.0  49.2  44.4   2.1
  1.8  22.3  12.2   1.9
  2.0  38.6  16.6   2.0
  1.6  37.4  37.8   1.9
  1.1  20.8  91.0   2.4
  2.7  45.4   6.4   2.1
  2.7  35.2  44.0   1.9
  2.9  49.8   6.8   2.0
  3.2  36.8  53.2   2.4
  2.4  18.8  13.0   1.9
  3.2  20.3  81.4   1.9
  3.6  32.9  63.8   1.9
  2.4  26.8  57.8   2.4
  3.9  21.3  19.6   2.2
  3.3  27.5   9.9   1.8
  3.9  30.2  45.4   2.2
  1.1  28.8  94.4   1.6
  4.6  22.5  52.0   1.7
  3.5  19.5  19.0   2.2
  3.6  20.0  65.1   2.3
  3.2  16.1  15.9   1.8
  5.0  39.7  57.7   1.9
  4.6  40.2  65.2   2.4
  2.2  45.1  27.6   1.7
  3.5  42.5  75.9   2.4
  3.4  36.5  85.2   2.2
  4.2  32.5  83.3   1.5
  2.9  17.3  35.5   2.0
  4.8  46.8  84.6   2.1
  4.6  11.1   7.8   1.9
  3.9  40.7  12.5   2.0
  4.1  36.1  45.5   1.6
  1.5  35.4  48.0   1.7
  4.1  33.0  20.1   1.9
  1.8  22.7  53.3   1.7
  1.6  41.4  79.8   2.0
  2.2  18.6  22.4   2.3
  2.5  28.7  89.6   1.6
  3.6  18.1  33.3   2.0
  4.7  35.8  69.8   2.1
  3.2  13.4  80.1   2.0
  4.4  42.9  60.2   1.7
  4.4  12.8  69.4   2.3
  4.1  36.2  74.7   2.1
  4.9  22.3  17.9   2.0
  4.0  39.0  60.4   2.1
  1.9  40.0  31.9   2.3
  1.6  49.7   5.9   1.7
  2.3  43.0  38.1   2.1
  3.3  12.5  53.8   2.3
  2.7  21.7  93.2   1.7
  1.6  43.4  58.9   1.7
  1.9  37.3  45.8   2.3
  1.8  27.8  94.9   1.7
  1.0  29.0  84.5   1.8
  2.9  46.7  29.1   1.8
  2.9  32.5  10.8   1.8
  3.8  35.2  20.0   1.8
  3.6  30.8  23.0   1.6
  3.2  40.9  50.9   1.6
  4.0  10.8  93.3   1.7
  3.2  16.2  85.8   2.1
  4.8  27.6  84.9   2.1
  3.2  13.2  78.7   2.5
  2.0  22.3   7.2   2.4
  4.0  25.6  52.9   1.6
  1.5  44.4  81.3   1.8
  1.7  19.2  46.9   2.2
  3.6  17.5  77.3   1.9
  4.6  43.6  82.6   1.9
  4.4  43.4  70.3   1.9
  3.6  12.9  49.0   1.9
  4.0  31.5  63.9   2.1
  5.0  27.0   7.3   2.2
  2.6  16.9  16.5   1.5
  3.9  34.2  49.4   2.2
  3.3  26.2  72.1   2.3
  4.1  43.5  39.0   1.6
  2.0  32.2  67.6   1.7
  4.2  28.5  89.0   1.8
  4.2  20.5  56.2   1.7
  1.3  30.8  64.8   1.7
  1.1  25.0  35.8   1.5
  1.5  23.8  41.6   2.4
  2.2  14.3  75.6   2.4
  3.4  47.8  66.1   1.5
  4.9  23.7  48.9   2.4
  3.4  23.0  23.1   1.6
  4.6  14.7  17.8   1.8
  4.8  18.9  25.3   1.8
  4.3  23.4  40.9   2.1
  1.9  14.9  65.6   2.3
  4.8  39.4  74.0   1.8
  3.9  38.7  48.0   2.4
  2.2  15.6  92.0   1.9
  1.4  38.4  78.9   2.2
  2.6  14.0   7.1   2.0
  4.0  12.8  94.2   1.6
  4.3  30.8   6.9   1.7
  2.1  32.2   9.4   2.4
  2.6  45.4  81.8   1.7
  4.5  31.3  51.0   2.2
  3.6  37.7  35.8   2.5
  3.4  49.7  17.4   2.4
  1.4  19.2  34.2   2.0
  2.0  27.2  82.8   1.8
  2.3  41.9  75.6   1.9
  2.5  15.5  34.2   1.6
  4.8  45.9  44.2   2.3
  1.9  33.5  27.5   1.9
  1.4  38.3  83.9   1.7
  3.2  44.5  86.0   2.4
  4.3  35.4  24.5   1.9
  1.1  23.5  93.8   1.9
  2.9  22.8  86.2   1.7
  3.8  25.4  19.2   2.1
  4.9  13.5  35.5   2.0
  3.7  36.2  89.3   2.4
  4.7  22.3  20.6   2.0
  1.7  17.8  22.9   2.2
  4.8  27.6  93.1   1.6
  4.9  11.8  84.2   2.0
  3.7  32.6  50.0   2.1
  2.6  10.6  66.5   2.5
  1.4  34.8  23.9   2.2
  2.9  23.9  32.5   1.8
  2.1  43.7  22.2   2.0
  2.7  47.7  70.2   2.3
  1.4  32.6  73.4   2.1
  1.8  12.2  56.5   2.2
  4.2  24.5   7.9   2.0
  2.3  33.9  66.3   2.4
  1.3  48.6  22.7   2.5
  3.9  27.6  49.2   1.7
  2.6  18.2  44.8   2.0
  4.5  11.6  71.1   2.3
  1.7  17.3  59.7   1.5
  1.4  42.2  55.1   1.8
  2.8  12.2  59.3   2.1
  4.1  46.9  80.3   2.5
  3.6  38.6  15.1   2.3
  2.4  17.8  29.3   2.1
  2.5  24.2  53.4   1.8
  3.7  32.4  63.3   2.4
  2.1  44.8  90.8   1.6
  1.6  14.1  64.6   1.8
  4.9  26.4  69.9   1.8
  4.2  28.2  20.9   2.0
  0.2   0.4   0.2   0.4   0.3   0.3   0.2   0.3   0.4   0.3   0.4   0.4   0.3   0.4   0.3   0.3   0.3   0.2   0.3   0.3   0.3   0.4   0.3   0.4   0.3 
  137   110    50   167    32    33    93     7     7   103    72   116    68   169   132 
   55    87   156    91    11    67    74   151   148   152    97   104   144   170   106 
    1   109    43   144   107    27    38   105    24    90   136   162   163    87   134 
  131    61    81   137    32    45    36   160    96   131    57   173    96    67    64 
   71   174    41    14     2    59    70     2   120   151    36   144    86   134    73 
   21   176    65    80   168   166   125    13   130    98   165    84    15   172    12 
  157   148   133   104    34   103    36   164   132   136   139    56    84    35   135 
  109   165   150    79   119   113    85   163   115    41   154   110   160   171   163 
   11    41   143    10   118   152   104   114   141   137   112    58   162    48   141 
  150   165    45   117    46   161   145   136    45    79   122   141   153   123     4 
  135   137   165   135     5   129    78   164    32   136   126    46   146    29    83 
   25   172    99   112   164    52   127    86    37   152    46    53   174    78    48 
  111    54   141   141   147    65    96   105    18     6    82    35    57    12    61 
  154     1   179    35    89    95   177    91    65    17   109    69    39    17    99 
   94    41    70   139    31    52    93   133    33   115    29    76    26   106    77 
  104   177   104    62   141   121   160   167    78    74    45    53   138   158   123 
   22   134   115    19    60   151    32     8    14    97    53   110    30   152    92 
   63    44    57    98    88    20   158   179   116   132    86    31   138    77   124 
  120    14   124    54    81   166    26   128    46   102 
  132    66    15    60    63    93   176   144   141   152 
    3    31    34   153   100   162    34    36   110   145 
    9    34   164   179    47   165    97   159   136   111 
   37   175   100    64    52    47    41   144   136   133 
  100    66   156   158    86    83    77    30    92    17 
    1   175   122   177    29    72   147    49   152   131 
   34    85   113   105    93    42    93    73   108   124 
  131    65    35    74   104   134    70   114   159   113 
  146    65   102    50    35   162   163   127   104   133 
  105   116    90    52     9    18    48    24   140   152 
  177   106    73   155    15   171    18   119   126    79 
   75   154   123    27   171    64    40    87   150   164 
   72   113    36   144     8    61    22   103   110   133 
  171    32    90    24   138   103     7   171   143   166 
   48    40   161    30    38     2   152   176   117   128 
   65   169   135     9    71   157    99   176   152    16 
   43    14    72    86   142    79   131    87   128   157 
