50 18
2
      8140
  3.7  25.5  71.7   1.8
  4.6  23.5  41.5   2.4
  4.3  48.2  86.2   2.3
  2.1  10.9  46.7   2.3
  4.2  45.1  59.4   2.4
  2.8  26.9  36.4   2.1
  2.5  31.9  58.0   2.2
  3.1  34.5  43.3   1.8
  3.3  10.8  36.3   2.0
  1.8  29.4  73.4   2.2
  5.0  19.1  12.3   2.5
  1.9  47.0  35.1   2.3
  5.0  29.5  92.7   2.2
  1.9  42.9  82.8   2.3
  2.3  13.9  22.2   2.4
  1.8  41.8  90.6   2.3
  1.0  35.1  43.3   1.9
  2.8  15.4  59.6   2.3
  2.0  36.3  71.5   1.7
  2.5  26.8  53.2   2.0
  1.5  12.8  83.1   1.8
  2.9  12.9  43.9   1.9
  2.8  17.2  40.4   2.5
  3.0  14.4  30.9   2.2
  2.7  49.1  61.3   1.9
  1.5  22.6  47.2   1.9
  1.8  18.4  63.3   2.1
  3.2  16.2  86.7   1.5
  4.1  47.9  32.2   2.0
  2.2  31.5  79.5   1.9
  1.3  19.5  69.1   2.2
  1.1  26.9  87.3   1.7
  1.2  32.8  25.3   2.1
  2.5  14.5  32.6   1.6
  2.5  35.9  60.2   2.2
  1.4  32.4  36.4   2.4
  3.5  43.6  73.2   1.8
  1.8  35.1  80.7   1.8
  2.4  11.6  55.2   1.8
  2.8  15.4  25.3   2.4
  1.8  31.5  34.7   1.7
  5.0  31.0  27.5   2.2
  4.5  29.3  31.0   1.6
  3.8  20.0  47.1   1.8
  4.0  43.1  49.0   2.5
  2.4  26.1  76.5   2.2
  1.2  42.7  85.9   1.9
  4.9  39.8  41.1   2.3
  4.5  33.8  64.0   1.8
  3.9  38.6  81.3   2.1
  1.4  48.3  22.8   2.4
  1.2  34.1  74.7   2.0
  1.9  24.4  21.6   2.4
  4.6  10.2  83.8   2.4
  3.3  31.6  92.4   1.7
  2.5  14.7  46.6   2.4
  3.5  27.0  43.6   2.5
  1.1  49.6  43.4   2.0
  1.0  35.8  44.8   1.8
  2.8  48.8  65.7   2.0
  4.5  16.4  46.9   1.9
  4.3  14.3  91.9   2.1
  2.0  22.4  52.3   2.0
  3.5  41.3  75.9   2.0
  3.1  38.0  39.1   2.1
  4.9  17.1  10.6   1.6
  1.3  49.4  66.4   2.4
  5.0  45.4  63.0   2.3
  2.9  47.4  94.7   1.7
  1.3  33.2  15.0   1.6
  3.3  27.7  90.5   2.3
  2.2  44.6  94.6   1.8
  4.3  23.2  89.3   1.8
  2.1  41.0  65.1   2.0
  3.6  46.9  48.2   2.1
  3.8  34.8  30.2   1.8
  4.0  12.0  79.7   1.6
  2.7  36.9  34.6   2.0
  4.1  10.8  66.2   2.3
  3.3  12.3  85.5   1.5
  3.4  39.8  59.0   1.8
  4.1  43.6  70.3   1.8
  1.8  44.6  75.6   2.1
  3.2  33.8  60.6   2.4
  2.1  18.1  19.4   2.4
  4.2  30.7  94.8   2.1
  4.8  34.3  64.2   2.5
  2.6  15.5  21.7   2.4
  2.8  41.9   6.3   2.5
  2.9  47.7  12.8   2.0
  3.1  19.0  65.0   2.5
  1.3  29.8  11.6   1.6
  4.6  37.5  39.5   2.5
  4.4  26.9  22.9   1.7
  2.9  38.7  22.0   1.6
  2.9  43.0  44.4   1.9
  3.6  15.6  64.9   1.8
  2.7  45.3  40.6   1.5
  3.5  13.3  68.3   2.4
  3.5  34.0  79.8   2.2
  0.2   0.3   0.4   0.4   0.2   0.3   0.2   0.3   0.3   0.3   0.3   0.4   0.2   0.2   0.2   0.2   0.4   0.3   0.3   0.2   0.3   0.3   0.2   0.3   0.3   0.4   0.3   0.2   0.3   0.4   0.2   0.2   0.2   0.3   0.4   0.3   0.3   0.2   0.3   0.2   0.4   0.4   0.3   0.3   0.3   0.4   0.2   0.3   0.2   0.3 
   78    78    81   124   119    86    62    44   172    47   129    71    48    84   176    18   175   104    77   175    76     0   178   163    82     0    10   101    75    98   172   135   156    10    74    46   105   118   165   146    67    42   114    71    13    30   115   166   145   152 
  139   153    41    80   125   140    94     8    16    27    16    94   117   121   110    87   128    55    36    61   113   163   149    92   158    52    31   174   134     0    95   108    35   165    34    68   118    92   153   155    95    92   128   120   135    24   133    24    11   166 
  173   145    38   177    98    28   159   159    80    94    70   177   109    48   136   175    34    76   174   128    16   105    57    61   123   165   129   100    36   134    85    91    83    65    24   158   101   174   101    54    72   164   156    63   148    92    30    28   145   173 
   52   140   117   102    41    33    22   146   142   134    67    20   144    77    81    71   174   123   114    58    58     0   122    42    19   136    23   135   167    48    24    97    36    64   140   128   159    31    30    30    63   161   149    57    39    24    48   164    31    73 
   24     2    13   110   118    33   165   103    52   135     7   175    40   102    11    30    84    78     8    99    61   137   114    27   116     4   172   175    23    82    63   110   172   176   171    50   117    34   156    70    73    17   142   171    52   142    76    31   162    29 
    0    58    19    72    32   131    43    22   165   139    39    18    48     5    37    77    89    27    50   163   155    95    69    78    62   145    89    14   142    55   113   119   103    98   155    65    39    90   171   128   156   176   150    55     6    21    76   171     5   174 
   52   123   175    62    91    67   129   107   123   119   110   164    78   156    72    23    18   109   163   146   117   125    84   151   119    37    23    41    63   120    35    90    10   143   156    20   120   100   114   124    85   162    19   165     1   152    48     2    32   100 
  139   126    24   145    11    30   175   156    49    76   123    47    62    76    17     0    83     3   156   123   116    70   142    49   134    30    68    75     0    72   169    42    73   177    63    34   168    71    22   100    53   152    60    27   147     6    12    55   144   126 
   59    64   154    96   102    70   119    80    15    56   116   117   119    12   104   102    32   178   152   105   151     5   132   115    44    99     6   146     6   100   177    69   118   150     0    43    89   100   150    22    69    84   165    72   118    38   106    97    55    76 
   78   179    10   114    85   169    63    24    18   141    16   146    64    21     9   148    23    52    55    88    70    60    92    65    83    47    98    92   166    58    23   124    10   133    62   130    70    59    66    38   121    77    20   158    40   103    94   124    60   137 
  165   105    62    97   172   117    99   153    18     8    15    43    75   114   160   154    57   159    16    82   110    60    77    38   123    59   145    27    36   172    10    34   171   157     4    75   168    21    38    93   153    72    68   163     3    89   171   179    15   164 
  143   165    66    44   143    19   133    18   127   140   174    30     8    73   103     7    72   176    26    54   156   100   107   127    94    85   113   156   172    86    95   133   100    27    28   146   158   169    92   117     3    15    55    74    66    74   151    84   110   123 
   15   156   164    37   103   144    19    60   157    63   150   153   143    61    70   117   171    71    34   104   100   136    65    86    95   179   124    38    96   118   132   177    83   162   173   132    63    82   130   110   171     7   134   140     6    86   157    50    43    63 
  102   115   174   147    10     1    82    12    68   167    47   178   163   117   148     5   114    76    91    76    84    19    41    16    90    46   106   148    92    97   156   170    37   144     5   127   139   155   146   141   128    49   105    21   140   127    23   109   123    33 
    2   145    56   158    37    47    24   158    25    96     7   154    99   143   120    45   124   116    14   156   126    95    10   170    46    25   132   135   110    29     3    61   161   113    41   121   143    65   133    24    87    98   125    60   163   169     0   179    36   117 
    2   145   161    73   159    65    47    20    46    94    76    73    13   106    19    83    36   159    54   165    87    22    22   136    33   112   161   174   147    42    22     9    82   172   104   174   120    89   126     0    46   166    96    99   101    60   112    60    85   125 
  131   103    50    89   151    88     6     3    27   152   155   103    19    48   140   136   146    15    66    84    39     9    11    81    33     1   112    69   176   104    19   161    45    50    37   153    13   106    41   140    13   126     3   127    23    51     8    44    80   120 
  161   133    21    87   121   136    92   120   136    30    52    18   134    70   149    80     8    51   169    34   106    75    26    11    47    90   175   163   122   144   165   176   133    82    17    45   176   101    88    26    74    19    88    32    17    73   179   175     6    91 
