25 12
6
      1909
  1.7  31.4   7.8   2.4
  1.1  36.1  45.5   1.7
  1.5  39.7  66.8   2.4
  2.7  35.8  64.3   1.7
  2.8  24.2   8.0   1.5
  2.5  30.8  55.6   2.3
  3.5  49.7  18.0   2.3
  2.6  25.8  16.0   2.3
  2.3  37.8  17.1   1.5
  1.7  27.2  66.3   2.0
  1.4  32.6  82.3   1.8
  4.0  10.3  45.8   1.6
  2.7  38.5  38.8   2.2
  3.2  22.9  91.0   1.7
  3.1  22.9  44.5   2.0
  3.2  25.9  25.7   1.8
  3.6  20.9  93.1   2.3
  4.1  14.5  32.1   2.3
  1.0  18.9  20.0   1.6
  3.2  43.0  93.0   2.3
  4.4  24.9  11.5   2.4
  2.0  48.5  93.3   1.7
  3.4  32.6  75.9   2.0
  3.1  39.0  75.8   1.7
  1.7  24.9  75.5   1.7
  2.7  33.5  48.7   2.1
  3.9  12.8  18.5   2.3
  3.2  42.3  51.0   2.4
  2.5  41.9  59.4   1.7
  2.1  10.1  47.0   2.2
  2.1  47.7  17.4   1.7
  4.0  17.8  25.5   2.2
  2.1  20.0  85.3   1.8
  2.3  37.7  76.8   1.5
  2.0  49.5  40.1   1.6
  3.1  25.8  30.5   2.4
  1.4  13.1  69.9   1.6
  2.8  48.6  72.7   1.9
  1.5  36.9  23.6   1.9
  3.3  40.6  44.4   2.1
  2.6  40.1   5.4   2.1
  3.7  15.3  94.6   1.6
  2.1  14.8  26.6   1.5
  2.3  18.7  37.5   2.3
  3.3  39.8  70.7   1.7
  1.0  19.5  55.5   2.4
  2.4  38.9  63.2   2.4
  4.5  33.1  23.2   1.6
  3.3  29.5  58.1   2.1
  3.5  44.7  51.2   2.0
  4.6  26.1  57.5   2.4
  4.3  27.1  54.1   2.1
  4.6  27.5  50.7   1.5
  2.3  37.8   9.1   1.7
  2.2  18.2  33.9   2.1
  3.8  47.1  94.3   1.9
  3.7  10.7  68.9   2.4
  4.7  22.3  13.4   2.5
  4.3  39.4  18.5   1.5
  4.1  10.8  34.6   2.4
  3.4  41.2  49.1   1.5
  1.4  23.8  40.7   1.7
  2.3  31.6  20.3   2.1
  2.0  16.9  93.8   2.4
  2.0  18.0  27.2   2.3
  4.2  45.7  89.8   2.4
  3.9  17.4  69.0   1.6
  2.5  43.1  29.5   2.5
  4.9  20.4  77.0   2.3
  3.3  31.2  40.6   2.5
  3.6  38.0  82.5   2.5
  1.4  41.0  30.5   1.9
  1.0  19.9  28.4   1.9
  5.0  32.7  31.1   1.6
  4.1  19.5  15.8   1.7
  3.4  28.3  82.0   1.5
  4.6  28.8  56.2   2.1
  4.9  40.1  59.8   1.9
  1.5  32.8  14.3   1.6
  2.5  23.5  37.2   1.7
  2.9  45.4  40.3   1.8
  4.8  13.4  85.1   2.4
  4.2  10.4  49.7   1.5
  3.7  10.6  42.9   2.1
  3.5  46.3  88.2   2.4
  4.3  11.3  57.5   1.8
  4.6  29.1  44.2   1.7
  5.0  24.9  80.8   2.5
  2.2  42.3  85.6   1.5
  2.4  29.6  45.0   1.7
  4.8  44.7  31.0   2.2
  3.5  26.5  78.6   1.9
  4.0  26.8  89.2   2.2
  1.4  44.7  14.2   1.9
  1.7  30.5  12.2   1.6
  2.4  45.5  52.5   1.8
  3.7  14.8  29.3   2.2
  4.9  35.6  70.1   1.6
  4.9  33.2  36.9   2.3
  4.9  42.7  50.6   2.4
  2.7  32.6  70.9   2.0
  2.1  36.1  13.9   1.6
  3.5  13.4   7.9   2.5
  4.8  43.5  82.2   2.2
  1.4  13.2  10.6   2.4
  2.9  44.4   7.6   2.0
  3.4  40.2  89.0   2.1
  2.7  24.7  82.5   1.9
  1.3  31.3  68.3   2.5
  2.1  47.0  18.0   2.3
  3.1  27.1  35.0   1.6
  2.0  42.2  16.0   1.5
  4.3  34.4  36.2   2.0
  3.5  46.5   9.0   1.7
  1.2  26.4  56.7   2.2
  1.9  42.0  38.7   1.8
  1.4  30.6  67.7   2.0
  3.9  43.3  55.1   1.6
  1.9  27.0  61.8   2.0
  3.7  35.7  36.1   1.6
  2.6  26.8  81.5   1.7
  4.2  19.8   5.7   2.0
  2.3  30.1  77.0   1.5
  1.6  49.7  15.4   1.8
  1.8  42.6  36.1   2.4
  2.0  35.9  35.6   1.7
  2.0  43.2  94.6   1.8
  4.5  47.7  37.5   2.1
  4.7  12.2  20.9   2.0
  3.4  45.2  69.1   2.4
  2.5  32.4  55.9   2.3
  4.7  19.9  88.5   2.2
  3.2  33.4  90.4   1.7
  4.0  14.5  43.0   1.6
  2.5  11.5  87.6   1.5
  2.5  23.1  49.6   1.7
  3.8  26.5  41.2   1.8
  3.6  22.7  63.9   2.0
  3.1  22.2  16.4   2.4
  4.6  15.1  50.0   2.5
  2.3  13.9  41.7   2.2
  3.3  33.6  68.8   2.1
  1.2  43.9  89.2   2.0
  1.8  36.8  28.5   1.8
  2.0  33.2  11.7   2.5
  4.3  21.3  25.9   2.3
  4.3  43.3  24.9   1.8
  2.2  19.2  71.8   1.6
  2.3  27.3  42.0   2.2
  2.6  41.3  35.0   2.4
  0.2   0.2   0.4   0.4   0.4   0.2   0.3   0.4   0.3   0.3   0.3   0.3   0.3   0.3   0.2   0.3   0.3   0.2   0.3   0.3   0.2   0.4   0.3   0.2   0.2 
   47    48    45    83    50   164   135    54    64    43    30   173   167     9   105   169   150    13    33    25    13   109   149   164    96 
   44    43    69   136    48    10   134   104   157    41   138   112    77   107   100   160    34    50     3     4   149   162    67   176   159 
   44     5   153   102   150     4   164    75   141     0    46    83     4   130   107   145    73    18   179   120    52   112    94    28   146 
   80    49   150   156    24    91   167     4    81    87   143     2     7    40    81    93    90    15    90    54    34    71   163   129   123 
  110   104    41   148    52     9   100   179   123    49    32     5    87     6    22   120   178    64    75    47    89    10    36    67   111 
  131    30    93    91    99   167    73    79     6   136    85   149    51    23   101   114    46   129    76     8    49    36   119    70   144 
  159     1   177   121    31   121   157   167    21   149   165    96    92   125   144    30   149    67    96    58   147   146    54    58   167 
   82    79   170    82   134   179   167   122    38   170   161    73    99    54   149    57   162    94    74   146   147   170    28   121   150 
   44   129    16   165    70    61    90     0    29    10     9    22   169   134   129    68    45   160   107   150    59   170    90    40    78 
    9   133   179   136   116   136   107    40    54    31   167   112     5   141   120    63   138   179    54   115    69   143   117   179   103 
  158    50    59    39    21   152    85   119    79    13    69   179    12    64    94     5   143    27    36   128   168   106   161    34   136 
  151    60    49    11   134   137    58   103   125   170    75    33    39   138    29    84    39   105   167    92    80    68    96   123    94 
