50 6
6
      3697
  2.5  44.2   7.8   2.4
  4.0  32.8  45.5   1.7
  2.1  43.5  66.8   2.4
  1.2  10.9  64.3   1.7
  4.0  46.5   8.0   1.5
  3.3  26.8  55.6   2.3
  4.5  41.5  18.0   2.3
  1.9  10.1  16.0   2.3
  4.1  20.3  17.1   1.5
  3.5  28.5  66.3   2.0
  2.7  11.0  82.3   1.8
  3.4  39.1  45.8   1.6
  3.2  33.9  38.8   2.2
  4.6  42.4  91.0   1.7
  1.8  26.3  44.5   2.0
  2.1  14.0  25.7   1.8
  1.1  49.9  93.1   2.3
  1.1  36.8  32.1   2.3
  4.3  21.7  20.0   1.6
  4.6  34.9  93.0   2.3
  2.5  30.9  11.5   2.4
  4.9  16.3  93.3   1.7
  4.6  42.6  75.9   2.0
  3.8  23.0  75.8   1.7
  2.9  23.5  75.5   1.7
  2.1  22.0  42.7   2.0
  2.3  13.5  11.4   2.2
  1.1  25.1  85.9   2.3
  3.2  29.3  67.6   1.8
  3.3  36.9  37.9   1.7
  3.1  42.1  84.7   2.0
  3.2  42.1  59.8   1.6
  1.3  22.2  38.0   1.9
  4.7  41.3  72.7   2.0
  1.9  28.1   8.3   1.9
  2.2  11.6  71.6   1.8
  4.8  25.4  69.2   1.9
  3.3  36.1  17.1   1.8
  5.0  11.0  73.9   2.1
  3.8  12.1  77.3   2.3
  2.1  20.6  21.7   2.2
  3.9  33.6  73.1   2.3
  4.4  49.7  83.1   1.6
  2.4  15.6  65.0   2.0
  2.7  42.6  42.7   1.9
  3.9  10.2  78.4   1.7
  3.8  37.9  25.7   1.8
  3.0  37.4  21.2   1.9
  1.8  32.6  27.1   1.8
  3.0  44.0   7.9   1.7
  4.3  19.2  48.7   2.1
  4.5  43.0  18.5   2.3
  1.5  21.7  51.0   2.4
  3.0  12.2  59.4   1.7
  4.7  32.2  47.0   2.2
  1.1  49.9  17.4   1.7
  2.8  37.5  25.5   2.2
  2.9  20.9  85.3   1.8
  4.2  17.2  76.8   1.5
  1.1  11.2  40.1   1.6
  1.2  29.4  30.5   2.4
  1.9  11.5  69.9   1.6
  2.8  15.1  72.7   1.9
  3.1  36.7  23.6   1.9
  3.0  49.6  44.4   2.1
  1.3  24.4   5.4   2.1
  3.0  26.9  94.6   1.6
  2.2  20.5  26.6   1.5
  1.8  30.0  37.5   2.3
  2.6  12.4  70.7   1.7
  4.6  18.2  55.5   2.4
  3.9  24.9  63.2   2.4
  3.8  34.8  23.2   1.6
  4.5  12.9  58.1   2.1
  2.7  19.9  51.2   2.0
  3.3  37.3  86.8   2.1
  4.9  14.5  43.4   2.3
  3.7  36.3  92.8   1.9
  1.2  39.0  56.4   1.6
  3.9  24.0  13.7   1.8
  3.3  37.5  82.5   2.0
  4.2  37.4  87.6   2.3
  4.8  40.1  57.7   2.0
  1.1  35.6  21.7   1.6
  4.2  48.3  55.8   1.6
  2.8  33.9  13.4   1.5
  2.5  25.8  91.8   1.9
  1.7  40.3  27.7   2.2
  3.0  23.5  23.1   1.7
  3.7  17.7  89.7   2.4
  3.6  28.7  42.0   2.1
  1.9  49.3  71.1   1.9
  4.2  44.2  43.2   1.7
  1.3  43.0  28.4   2.1
  2.5  22.9  30.4   2.3
  1.2  15.5  59.9   2.3
  3.6  18.6  70.2   2.0
  1.2  42.5  61.2   1.9
  4.8  30.7  45.5   1.7
  1.4  38.8  57.4   1.8
  3.1  49.5  57.5   2.4
  3.0  37.0  54.1   2.1
  3.2  17.0  50.7   1.5
  4.7  36.9   9.1   1.7
  2.6  45.0  33.9   2.1
  2.8  47.3  94.3   1.9
  1.1  14.8  68.9   2.4
  4.0  43.3  13.4   2.5
  2.9  46.9  18.5   1.5
  4.3  31.4  34.6   2.4
  2.1  30.7  49.1   1.5
  1.5  37.8  40.7   1.7
  3.3  42.1  20.3   2.1
  3.5  16.8  93.8   2.4
  2.0  43.2  27.2   2.3
  3.9  25.0  89.8   2.4
  2.7  31.3  69.0   1.6
  1.2  23.0  29.5   2.5
  2.1  42.9  77.0   2.3
  1.8  42.5  40.6   2.5
  3.7  22.1  82.5   2.5
  2.6  23.1  30.5   1.9
  4.2  47.2  28.4   1.9
  4.3  48.5  31.1   1.6
  2.8  33.3  15.8   1.7
  3.3  23.9  59.5   1.9
  3.6  19.1  47.4   2.4
  3.1  29.1  62.0   2.3
  3.8  49.5  80.5   2.4
  1.1  11.8  59.2   1.6
  2.4  30.6  55.4   1.9
  2.7  10.0  42.1   1.7
  4.3  28.4  67.5   1.8
  1.4  14.3  28.6   1.9
  4.5  35.9  40.6   2.0
  1.9  47.5  13.6   1.6
  2.6  23.9  53.5   1.8
  3.0  45.6  32.5   1.7
  3.1  47.3  49.0   1.9
  4.2  49.4  24.6   2.4
  3.2  48.6  51.3   1.6
  1.0  29.1   8.9   2.3
  3.9  29.3  65.3   1.7
  2.1  23.3  81.3   2.1
  2.4  11.2  91.7   1.8
  2.0  30.3  82.7   2.1
  2.8  39.4  48.9   2.1
  4.7  31.8  74.5   2.4
  2.4  27.3  70.7   2.1
  4.2  30.8   5.7   1.7
  4.8  13.7  82.0   1.5
  2.8  46.7  56.2   2.1
  4.0  25.6  59.8   1.9
  5.0  23.6  14.3   1.6
  4.7  30.2  37.2   1.7
  3.7  10.0  40.3   1.8
  1.9  16.6  85.1   2.4
  4.8  12.3  49.7   1.5
  4.6  12.1  42.9   2.1
  2.6  15.1  88.2   2.4
  3.2  47.7  57.5   1.8
  2.2  39.9  44.2   1.7
  4.3  38.7  80.8   2.5
  2.3  25.3  85.6   1.5
  4.6  20.2  45.0   1.7
  3.1  45.6  31.0   2.2
  2.7  34.0  78.6   1.9
  4.3  43.4  89.2   2.2
  4.3  23.3  14.2   1.9
  4.8  47.9  12.2   1.6
  1.6  30.0  52.5   1.8
  3.7  19.1  29.3   2.2
  4.3  27.4  70.1   1.6
  3.9  21.9  36.9   2.3
  1.9  38.4  50.6   2.4
  2.9  41.4  43.9   2.0
  2.8  15.1  63.7   1.8
  4.5  35.5  84.7   1.6
  2.1  18.1  10.0   2.4
  1.3  13.1  38.5   2.4
  1.3  29.9  94.2   2.1
  1.5  11.7  29.6   1.9
  4.1  14.1  67.2   1.8
  4.5  44.5  74.4   2.5
  4.1  48.2  75.1   2.1
  2.2  26.5  85.5   1.8
  1.4  21.2  38.6   2.5
  4.5  34.9  60.5   2.3
  3.4  36.5  41.8   1.5
  4.6  13.0  33.3   2.3
  4.9  46.7  58.1   2.1
  4.2  22.5   5.3   2.3
  4.8  25.5  79.3   2.1
  1.2  49.6   5.0   1.9
  1.6  11.3  70.0   1.9
  2.4  16.8   5.7   2.1
  1.7  34.7  56.0   2.5
  4.8  19.5  92.6   1.7
  5.0  11.7  46.1   2.4
  4.4  11.0  69.8   1.9
  5.0  23.3  70.9   2.0
  4.0  18.8  13.9   1.6
  3.6  14.7   7.9   2.5
  4.0  44.0  82.2   2.2
  3.4  29.1  10.6   2.4
  1.9  36.6   7.6   2.0
  2.2  27.6  89.0   2.1
  1.7  13.1  82.5   1.9
  4.7  25.4  68.3   2.5
  3.5  49.9  18.0   2.3
  1.1  12.7  35.0   1.6
  4.2  24.4  16.0   1.5
  3.7  31.0  36.2   2.0
  2.4  11.3   9.0   1.7
  4.1  41.8  56.7   2.2
  5.0  16.1  38.7   1.8
  2.2  18.1  67.7   2.0
  3.6  38.5  55.1   1.6
  2.5  47.5  61.8   2.0
  4.2  33.7  36.1   1.6
  3.6  45.9  81.5   1.7
  5.0  17.7   5.7   2.0
  3.3  40.3  77.0   1.5
  1.6  24.8  15.4   1.8
  3.4  34.4  36.1   2.4
  3.7  37.6  27.7   2.1
  2.9  26.3  79.7   1.7
  1.2  30.3  43.0   2.4
  3.1  40.5  36.8   2.0
  3.8  19.7  29.9   2.0
  2.5  32.0  22.5   2.2
  1.3  17.8  88.9   1.7
  1.6  42.6  71.1   2.3
  4.2  46.4  62.1   1.5
  1.2  10.2   7.9   2.3
  5.0  19.3  26.9   2.0
  4.3  42.3  59.9   2.3
  4.9  26.3  52.4   2.4
  2.2  48.8  16.4   2.4
  3.3  23.7  62.9   1.6
  1.0  25.8  15.1   2.3
  3.4  29.7  34.7   1.7
  4.2  29.2  72.1   2.1
  4.4  31.2  63.4   1.7
  3.5  15.7  74.8   1.6
  3.3  33.9  93.0   1.7
  4.7  36.3  57.2   2.5
  1.4  21.9  23.5   2.3
  4.3  16.4  10.0   1.7
  4.4  43.5  30.5   2.2
  2.1  28.6  35.6   1.7
  1.3  21.2  94.6   1.8
  4.0  46.5  37.5   2.1
  4.0  40.1  20.9   2.0
  2.3  22.0  69.1   2.4
  3.3  24.2  55.9   2.3
  3.8  19.8  88.5   2.2
  4.8  16.8  90.4   1.7
  2.7  48.6  43.0   1.6
  1.7  47.3  87.6   1.5
  1.9  12.1  49.6   1.7
  4.1  33.6  41.2   1.8
  1.7  47.8  63.9   2.0
  2.9  43.3  16.4   2.4
  1.9  13.0  50.0   2.5
  3.3  17.4  41.7   2.2
  4.7  15.6  68.8   2.1
  3.1  13.0  89.2   2.0
  2.8  34.3  28.5   1.8
  2.5  43.2  11.7   2.5
  3.1  46.6  25.9   2.3
  3.7  31.4  24.9   1.8
  3.1  35.4  71.8   1.6
  1.5  40.8  42.0   2.2
  2.3  49.1  35.0   2.4
  4.4  42.5   7.0   2.1
  3.7  32.2  71.8   1.6
  3.2  33.4  39.4   2.1
  1.1  10.9   5.2   1.8
  3.1  31.7  67.7   2.4
  2.3  30.2   6.5   2.2
  3.7  41.1  76.0   1.8
  1.1  16.7   6.3   2.2
  1.7  25.5  29.4   2.4
  1.9  26.2  43.6   2.0
  2.6  39.9  69.0   2.3
  1.9  18.8  33.7   2.2
  4.4  29.3  51.6   1.8
  1.4  46.2  40.7   2.0
  3.7  25.8  65.4   1.8
  2.2  22.4  15.7   1.8
  3.0  12.8  93.5   1.7
  4.6  42.7  52.7   2.1
  4.4  15.9  37.3   2.2
  3.7  43.7  15.8   2.2
  4.6  43.6  34.4   2.1
  3.6  40.0  94.3   1.6
  2.7  16.2  40.1   2.3
  4.8  16.7  81.0   2.4
  3.9  43.1  27.7   1.8
  0.2   0.2   0.4   0.4   0.4   0.2   0.3   0.4   0.3   0.3   0.3   0.3   0.3   0.3   0.2   0.3   0.3   0.2   0.3   0.3   0.2   0.4   0.3   0.2   0.2   0.2   0.3   0.3   0.4   0.3   0.4   0.4   0.2   0.2   0.4   0.3   0.3   0.3   0.3   0.3   0.2   0.3   0.3   0.2   0.4   0.4   0.3   0.3   0.4   0.3 
  104    64   115    94    26    33    99   114    52   141   179    44    85   107    92   108    11   100   176    12   160     9   172    76   164   112   101    14    40    57     3   126   148   177   139   178    72    60    54     3   145    67    62    62    95    47    79   121    66    81 
  104    98   116    84   108    91    31    97   162    85    38    50   104   145    45   122    37    54   105    20    99    72    98    77   107    73   162   155    92    72   179    54    55    61    44    71    24    44    24     7   149    39    56    28    62    92    28   176     8    15 
   70    96    74   140    52    25     4    90    71    24    90    59   108   129    86    60   101   162    92    72    85   138    79    97   142    72    39   166   174    82   147    43   150    40    84    92   105    69    82    87    53     7    94    86   104   101    77     3    86    74 
  152    38    78   113    38    23    85   139   105   101    66   140    63   173    93    23    10    22    79   165   133   143     4    43   140    77    17   103   108   178    40   114    23    51    44   122    74    51    41     7   118    59   178   166    27    81    29    44    67   114 
   72   129    12    40    18    64   117   110    92   113   122   149   144     5    26    75   101   123   102   151   109   174   106   106    26   139    70    11   138    68   147    96   172   113    73   149    12   136    18    27   164     5     3   116   133    65    77    25    74    36 
  141    14    46   136    82   169   112   119    80    10   113    13   116   126    60    60   177    67   171   126    80   104   102   106   136   155   171    72    29    52    83   121    21    91   102    23   126   136   155    95     4    83    40    95    49    93   131   158    23    14 
