60 12
6
     17222
     16380
     17225
     17453
     16021
     16877
  4.0  38.5 395.7   1.6
  4.4  69.9 324.7   1.8
  4.6  58.1  66.5   1.5
  1.8  25.1 825.4   1.5
  4.2  34.8 441.0   1.8
  2.3  36.5 153.6   2.4
  2.9  66.5 145.7   2.0
  4.2  45.1 136.1   1.7
  2.7  39.5 641.7   2.2
  4.0  55.9 675.0   1.9
  3.6  59.7  86.0   2.4
  2.0  65.5 321.9   2.3
  4.8  29.2 806.8   2.5
  1.8  49.7 416.8   1.7
  1.5  17.4 217.4   1.6
  4.1  49.6 443.1   2.2
  4.5  51.5 779.5   2.3
  1.3  58.2  63.2   1.8
  2.3  54.9 720.6   1.8
  4.8  69.1 646.4   2.4
  2.7  28.0 403.0   2.2
  3.7  15.0 919.1   1.7
  3.2  54.6 736.1   1.5
  1.9  39.5 278.3   1.8
  4.2  69.5 603.9   1.6
  4.5  41.9 356.0   2.0
  3.5  61.7 245.9   2.0
  2.0  71.8 572.9   2.4
  2.2  60.8 632.4   2.2
  3.3  57.0 818.9   2.0
  1.7  51.9  75.9   2.4
  2.0  72.6 785.2   1.8
  3.3  38.3 838.6   2.4
  4.2  22.8 399.1   1.8
  1.7  33.4  54.7   1.6
  4.9  48.5 936.5   2.1
  4.6  17.9 294.9   1.9
  4.3  23.6 587.8   2.0
  3.8  63.4 164.4   1.9
  2.6  27.5 347.4   1.6
  2.5  58.6 616.5   1.6
  2.9  38.1 214.2   1.8
  1.6  55.2 722.2   2.0
  2.4  31.3 456.5   2.3
  3.0  19.7 835.4   2.4
  4.9  35.2 384.6   1.6
  4.5  51.7 560.2   2.5
  3.2  32.6 119.5   1.8
  2.2  71.8 507.0   2.4
  2.7  47.8 800.6   2.5
  3.7  20.2 322.5   1.7
  1.4  55.6 641.9   1.5
  2.4  39.5 687.9   2.4
  1.2  31.4 150.0   2.0
  4.9  55.6 863.4   1.5
  1.2  72.4  73.7   2.3
  2.4  19.7 174.9   1.7
  1.1  47.0 197.8   1.9
  2.2  26.1 269.4   2.3
  2.4  65.0 274.6   1.7
  4.9  37.0 102.8   1.8
  1.3  49.7 205.7   1.5
  3.2  62.9 634.8   2.2
  4.5  33.0 153.3   1.7
  3.5  38.1 279.3   1.9
  2.3  37.2 464.4   1.8
  3.3  24.1 570.9   1.9
  3.3  29.2 514.0   1.6
  2.2  61.4 376.2   2.4
  2.4  21.3 177.6   1.9
  4.4  43.8 866.8   1.9
  1.8  45.5 264.9   1.5
  2.0  67.2 865.3   2.0
  4.7  33.6 880.0   1.8
  2.3  61.9 103.5   2.3
  2.9  60.7 659.9   2.5
  4.0  19.9 180.4   2.1
  1.5  18.0  72.3   1.7
  2.2  63.7 691.0   1.7
  5.0  33.1 605.2   1.7
  1.4  21.6 345.7   2.1
  1.2  66.6 431.1   1.6
  4.7  55.9 104.5   1.9
  3.7  49.4 111.9   2.4
  1.8  63.5 430.0   1.7
  4.6  54.2 257.6   2.1
  2.7  46.8 350.8   1.5
  1.5  21.7 118.8   2.5
  5.0  60.9 283.1   1.8
  2.5  71.8 230.4   1.7
  3.1  40.5 105.5   1.6
  2.7  68.2 782.6   2.1
  3.9  74.5 879.2   2.2
  2.2  61.6 942.7   2.2
  1.9  21.7 765.3   2.3
  5.0  74.6 522.7   2.3
  1.1  19.2 683.7   1.8
  4.6  57.2 383.4   1.9
  4.2  23.2 203.2   2.0
  1.9  64.4 237.1   2.0
  1.9  19.6 291.8   2.2
  2.7  30.7 493.4   2.3
  4.3  34.8 703.8   2.0
  1.6  69.9 785.3   2.1
  3.0  55.5 153.4   2.0
  1.7  60.9 940.3   1.5
  1.6  37.3 189.3   2.4
  4.7  74.1 322.5   2.2
  1.1  25.6 274.4   1.5
  4.5  63.7 762.7   1.7
  2.8  32.2 557.3   2.1
  4.0  40.9 712.1   1.7
  2.0  34.8  78.2   1.9
  2.9  51.1 905.7   1.6
  1.7  38.6 456.0   1.5
  2.0  70.7 866.1   2.3
  4.4  49.5 381.0   2.3
  2.5  33.6 498.0   1.8
  1.3  67.7 877.5   2.3
  1.8  23.5 587.8   2.3
  3.0  51.1 751.8   2.3
  4.1  39.3  86.6   2.2
  2.8  68.1 488.2   1.6
  1.3  40.8 621.0   2.2
  1.1  35.0 910.9   2.0
  1.4  60.9  61.2   1.5
  3.8  30.9 899.6   2.2
  2.1  36.5 692.3   1.9
  1.3  70.6 593.7   1.8
  4.8  46.7 808.5   2.0
  2.3  40.7 597.1   1.7
  3.8  15.7 365.0   1.9
  4.1  64.6 480.6   2.1
  3.7  29.4 274.2   2.4
  4.2  58.0  66.8   1.7
  2.5  42.1 706.9   1.6
  1.4  72.5 459.2   2.0
  3.2  50.3 243.4   2.3
  3.5  32.9 436.5   1.9
  3.4  43.5 941.9   2.3
  2.4  61.7 872.1   2.0
  3.1  63.5 929.3   2.0
  1.2  32.8 860.2   1.8
  3.4  31.3 205.3   2.1
  2.5  17.7 538.6   2.1
  2.5  26.3 687.1   1.5
  1.2  16.3 852.8   1.8
  3.2  51.0 127.8   2.1
  3.2  21.8 400.2   1.7
  4.5  74.5 471.2   2.1
  4.3  55.7 635.0   1.6
  4.7  23.4 450.0   1.9
  4.3  74.1 265.3   1.9
  3.0  33.4 640.5   1.8
  4.0  58.6  92.0   2.3
  1.0  42.0  75.7   2.4
  4.7  74.2  87.2   2.3
  4.2  69.5 747.3   2.4
  2.4  26.5  62.5   2.0
  3.9  41.3 417.3   2.3
  2.7  55.2 939.3   2.2
  5.0  58.9 523.2   2.4
  4.2  37.0 335.5   1.5
  1.8  49.4 307.9   2.4
  3.1  20.7 350.7   2.2
  1.2  16.5 633.5   2.4
  1.7  39.8 916.5   1.7
  3.1  74.0 118.0   1.8
  4.8  55.6 555.2   2.4
  2.8  20.3 485.5   2.1
  3.4  61.9 842.3   2.2
  4.5  23.8 570.3   1.9
  1.2  16.5 790.7   1.8
  3.4  50.9 625.1   2.3
  3.6  56.0 738.6   2.2
  3.7  43.5 534.0   2.0
  4.6  56.9 285.7   2.3
  3.9  63.4 681.8   1.6
  2.8  33.6 883.6   2.1
  2.5  44.8 731.1   1.9
  1.4  20.8 201.8   2.5
  1.6  34.9 816.3   2.1
  3.5  73.0 780.1   2.3
  4.8  28.7 445.6   1.8
  3.5  71.6 160.7   1.8
  1.2  61.2 174.9   1.5
  2.9  21.5 443.5   1.7
  4.9  71.8 795.4   2.5
  2.6  35.2 909.6   2.5
  3.7  17.1 551.5   1.8
  2.4  20.4 773.3   2.0
  4.5  34.7 924.0   1.5
  1.3  51.4 803.7   2.2
  1.0  56.7 305.6   2.1
  2.9  57.0 643.9   1.6
  2.0  41.8 402.7   1.8
  1.7  40.5 517.9   1.7
  4.4  20.4 101.8   2.2
  4.8  54.7  54.4   2.3
  1.5  16.6 532.3   2.0
  3.1  25.3 399.6   1.8
  3.4  34.8 161.8   1.7
  4.3  69.0 113.3   1.7
  1.8  40.5 581.6   2.3
  3.1  32.4 663.9   2.0
  2.2  49.8 258.9   1.5
  1.1  44.9 257.6   1.6
  2.7  20.8 506.2   2.0
  1.5  74.1 510.4   2.3
  3.8  17.7 739.7   2.4
  3.0  44.3 889.8   1.9
  4.2  31.3 533.3   1.7
  1.5  65.6 414.0   2.4
  3.2  43.7 863.9   2.2
  4.1  31.9 252.1   2.0
  3.9  60.7 333.6   1.6
  1.8  51.9 541.4   2.5
  3.5  59.4 381.5   1.6
  3.2  59.0 121.7   1.6
  2.9  30.5 925.1   2.2
  5.0  47.6 193.2   2.1
  1.3  63.0 253.7   1.5
  1.4  64.5 285.6   1.6
  3.7  64.1 161.3   2.5
  3.2  22.4 283.3   2.3
  4.6  35.2 843.3   1.7
  4.5  34.5 761.1   2.3
  5.0  17.8 485.8   2.4
  3.3  20.7 168.5   2.5
  1.8  65.8 313.7   1.8
  4.8  60.8 868.4   2.5
  3.5  46.5 325.5   2.3
  3.7  66.6 121.5   1.8
  2.8  29.4 352.2   1.8
  3.4  45.9 391.8   1.7
  4.4  30.1 366.8   2.1
  1.8  51.3 863.0   2.3
  4.8  72.9 404.1   2.3
  3.2  65.9 585.5   1.8
  3.9  52.1 902.9   2.3
  3.7  40.8 424.9   1.6
  2.0  33.1 801.8   1.7
  2.4  20.8 792.1   2.4
  1.1  22.7 747.9   1.6
  3.8  43.1 570.0   2.1
  3.4  45.1 561.7   2.1
  3.4  50.2 815.3   1.8
  2.7  59.3  96.3   2.1
  4.1  58.0 753.8   2.1
  1.1  23.5 101.7   1.6
  2.7  44.5 890.9   2.1
  4.5  68.9 686.0   2.1
  2.7  66.0 529.0   1.6
  3.3  64.0 846.3   2.4
  2.4  31.0  87.1   1.6
  1.2  31.4 662.1   2.4
  4.5  61.6 132.0   1.6
  3.1  40.5 485.7   2.2
  1.6  48.2 757.9   2.4
  2.6  54.6 186.7   1.6
  4.5  21.5 613.4   2.3
  4.8  63.5 217.0   2.0
  1.3  23.0 892.1   2.4
  3.1  48.5 540.9   1.9
  3.0  49.8 921.6   1.7
  4.1  54.2 335.7   1.6
  1.1  18.8 413.4   2.4
  4.7  20.8 849.9   1.9
  4.9  44.3 263.5   1.6
  4.8  42.3 292.2   1.7
  4.3  60.4 310.6   1.9
  1.2  53.8 253.6   2.3
  3.9  47.6 925.2   1.7
  2.6  32.9 525.1   2.5
  2.7  67.1 740.9   1.7
  3.2  17.8 140.8   2.3
  3.7  21.1 934.7   2.2
  1.6  52.0 894.6   2.1
  1.4  26.6 354.2   2.0
  3.5  37.5 824.0   1.8
  3.8  44.0 846.6   2.0
  2.2  21.0 408.0   1.7
  3.2  68.9 128.6   1.7
  4.3  33.4 224.2   2.4
  1.6  70.9 773.6   2.5
  1.5  75.0 268.6   1.6
  1.4  55.0 810.8   1.6
  3.1  37.7 362.7   2.0
  1.9  15.7 763.6   2.0
  3.2  20.8 517.2   2.0
  2.2  17.6 642.0   2.0
  3.1  19.2 517.2   1.7
  2.6  65.1 263.3   1.6
  1.1  21.4 425.4   2.2
  3.2  52.0 332.4   1.7
  3.0  56.8 641.2   1.9
  1.8  36.2 937.9   1.8
  4.7  46.2 332.0   2.1
  2.0  19.9 216.8   2.4
  2.9  24.6 443.9   2.2
  4.4  33.7 923.2   1.8
  4.1  61.1 944.2   2.3
  2.7  15.8 629.9   2.4
  2.0  18.5  54.1   1.8
  2.9  63.2 397.8   1.7
  2.6  21.5 195.4   2.2
  2.2  40.9 695.1   1.7
  1.5  15.7  62.7   1.9
  2.0  35.3 631.3   2.0
  3.5  70.1 234.6   2.1
  3.8  62.7 163.7   2.3
  1.6  68.1 578.5   2.1
  2.8  36.7 842.8   2.5
  1.4  45.0 225.0   1.5
  3.2  62.2 581.4   1.8
  4.3  19.5 156.9   1.7
  1.6  23.4 798.1   1.5
  2.9  22.7 708.9   1.8
  4.2  38.5 704.0   1.8
  4.0  49.2  56.0   2.1
  4.4  59.5 629.2   2.1
  1.4  16.4 268.1   2.3
  1.4  64.4 701.9   1.9
  2.7  25.7 811.9   2.5
  3.1  25.8 221.7   1.7
  4.5  29.9 314.5   2.2
  2.9  64.7 939.7   1.6
  1.8  19.0 650.9   1.8
  4.8  16.4 746.6   2.2
  3.9  27.1 147.5   2.4
  4.4  35.9 882.2   1.5
  1.4  20.3 422.5   1.9
  2.0  20.2 754.3   2.2
  3.4  33.6 452.3   2.1
  4.0  50.5 253.8   2.1
  3.0  65.2 317.7   2.4
  4.7  59.9 749.9   2.3
  3.2  64.4 143.1   2.4
  4.7  24.0 239.1   1.6
  2.7  60.3 862.9   1.9
  1.5  58.3 754.8   1.9
  4.1  55.2 687.7   1.9
  3.0  70.5 694.0   1.8
  2.2  35.3 573.5   1.7
  3.6  27.3 328.2   1.7
  3.9  30.2 242.3   2.4
  1.9  71.5 768.3   1.9
  4.5  43.1 311.3   1.9
  1.4  26.9 547.6   2.4
  2.8  43.3 906.7   1.8
  1.9  57.2 430.7   2.4
  4.6  17.5 111.1   2.1
  1.1  23.6 149.0   2.0
  3.9  56.6 158.7   2.0
  4.6  25.5 712.6   1.9
  2.1  47.1 185.2   1.5
  4.7  58.4 542.7   1.7
  1.8  20.3 129.6   1.8
  2.4  60.2 791.9   2.4
  4.1  56.1 812.4   2.0
  0.2   0.4   0.2   0.4   0.3   0.3   0.3   0.4   0.2   0.4   0.2   0.3   0.2   0.4   0.3   0.3   0.4   0.4   0.3   0.4   0.4   0.3   0.3   0.4   0.4   0.3   0.2   0.3   0.2   0.3   0.4   0.2   0.3   0.3   0.4   0.4   0.3   0.2   0.3   0.4   0.3   0.3   0.3   0.3   0.3   0.2   0.3   0.2   0.3   0.4   0.3   0.3   0.3   0.4   0.3   0.4   0.2   0.3   0.2   0.3   0.3   0.3   0.3   0.3   0.4   0.4   0.3   0.3   0.3   0.3   0.3   0.3   0.2   0.4   0.4   0.4   0.3   0.2   0.3   0.3   0.4   0.4   0.2   0.3   0.2   0.3   0.3   0.3   0.2   0.2   0.2   0.3   0.4   0.3   0.3   0.4   0.4   0.3   0.4   0.2   0.2   0.4   0.3   0.2   0.3   0.4   0.3   0.2   0.3   0.2   0.4   0.2   0.3   0.3   0.2   0.3   0.4   0.2   0.3   0.2   0.4   0.3   0.3   0.3   0.2   0.2   0.3   0.4   0.3   0.3   0.2   0.2   0.2   0.3   0.4   0.4   0.3   0.3   0.3   0.3   0.3   0.2   0.3   0.4   0.3   0.4   0.2   0.4   0.2   0.3   0.4   0.3   0.3   0.4   0.3   0.2   0.4   0.4   0.3   0.3   0.4   0.2   0.2   0.2   0.4   0.2   0.3   0.2   0.2   0.4   0.2   0.2   0.2   0.3   0.4   0.4   0.4   0.3   0.3   0.3   0.2   0.2   0.2   0.3   0.4   0.2   0.3   0.3   0.3   0.4   0.3   0.4   0.3   0.3   0.2   0.3   0.3   0.2   0.4   0.3   0.2   0.3   0.3   0.2   0.2   0.3   0.3   0.3   0.3   0.2   0.2   0.2   0.3   0.2   0.3   0.2   0.3   0.2   0.2   0.4   0.2   0.3   0.2   0.3   0.3   0.4   0.4   0.3   0.4   0.3   0.4   0.3   0.3   0.3   0.4   0.4   0.3   0.3   0.2   0.4   0.3   0.2   0.4   0.2   0.2   0.4   0.3   0.2   0.3   0.2   0.2   0.3   0.4   0.3   0.2   0.2   0.3   0.3   0.3   0.3   0.3   0.3   0.3   0.2   0.3   0.3   0.4   0.3   0.3   0.3   0.3   0.3   0.4   0.3   0.3   0.2   0.2   0.3   0.3   0.3   0.4   0.3   0.4   0.2   0.2   0.4   0.3   0.4   0.4   0.3   0.3   0.3   0.3   0.2   0.2   0.2   0.3   0.3   0.3   0.3   0.4   0.2   0.3   0.3   0.2   0.3   0.4   0.4   0.3   0.4   0.2   0.2   0.2   0.3   0.3   0.3   0.3   0.4   0.2   0.3   0.3   0.2   0.2   0.3   0.3   0.4   0.3   0.2   0.3   0.2   0.4   0.3   0.3   0.4   0.2   0.3   0.3   0.2   0.4   0.3   0.2   0.2   0.2   0.3   0.3   0.2   0.3   0.3   0.3   0.2   0.3   0.2   0.4   0.4   0.2   0.3   0.3   0.3   0.4   0.2 
  111   148    62    73   173    14    54   172    72   132    65    42     5   138   160    70    82   165   166     4    91    14   156    55    48   140   149   125   130    40     6   130    19    69    10   108    67   109    82   104    77   143    19    31   150   157    82   111    39    62    92    55    62    51    71    68    62    43    99   137    20    50    41     3   177    97    36   137    46   107   125     2    78    94   105   153    53    31    24   101    14    74    58   101   152   179    14   169   102   136    70   144    35    83    79   153   136    96   127   119    23    52    80    97     9    98   152   168    69   130    41   128    92    28   161    89     8   108   171    27    69    61    63   124   178    41   159   147   121   152   107    52    86   101   162    13   102    75   177    11   104   108   152   148    83    78   176   150   105    47     5   152   177    81    88    13   132   169   144    18   111    20     4    10     6   104   158    41   119    35   157    19   101    72    44   142   159    48    14    47    32    58   165    21   135   129    42   112    96   164    44     7    30   105    60   135   110   166    25     2   176   111    37   108   162   119    99    91   168   170   172    60   156   149   119    36    88   173    39    84   163    91   134    43   128   112    19   104   141    86    80     6   119    79   153   163   109   148   138   126    75   106   133    35    44   131   104    49    80    82   129   157   137   150   179   144    65   133    24    25    45   114    16   112    36   149    41    35     1    89   170   126   162    71    17    55   138   165    27    77    71    29   146    90   106   113   172   113   171    48   133    42   133    42    15    75   124   106    80   133    55    44    91    58    79    58    59   142    37   128   121    27   175    90   142   153   123   176     5    31    23    76    50    60    26    97   180    46    47    31    47    80    70   153   138    95   144   136   112   180   121   109   160    97   120   146    38   110    44    13    42   112   178    28   151    81    69    71    99    80 
   59   116    28   130   150   110   153    42     2   112   134   104   155    19   145    28    66   127   132   108    38   154   115    38   158    78   180   180   109   102    41   147   136   123   118    36    99   133    96   136   138   117   122    49    45    72   169   177   134   106    26   125   158    47    45    91   142    92   136   102   149   137    39    27    44    70     9    12    57   150    62    49   169    56    75    31     7   152   158     2    44   180   150   136   125    67    59    60    17    62    15    32   160   132   132   108     5    28   155    57    48    37    25   112   157    74     4   157   141    11   105   119   159    67   111    24   160     4    94   170   125    97   167   106   129    42   120   158   170    38    88    30   140    62    23   114   141   133    67    20    97    91   142    60    93    16    44    49    20    75   129   177   157    73     9   144   111    68   180    57    29   169   120   160    45   120   172   153   109    97   109    92   172    50   147    71   111    31    32    53   144   118   105    52   162    85    61    24   112    40    39   169   102     2    90    81   171    10    47    28   104   102    65   171   119    58   133    12   131   139    63   166   101   163   177    93    91    69    69    89     9   175   123     8    39    20    13    18    42    52   134   139   112    86    68   109    44    63   132    69    10     9   169   161   147   104     1   112    12   155    89    41    12    22   152   154   132   148    59    24    71   125   141   173   159    87    91   161    94     6    28    43    11    33    99   145    18    78    27     1   119   149    51   119    65    94   107     5   124    83   134    88    74   141    23     8    41    97   133    50   137    49    85   144    91    37    72    81    45    60    61   175   173    90   170     8   129   137   101    28    89     7    37    73    73     6   133   111   111    39    59    90    94    83   177    44   159    73   153    27   153    13   153    50   135   172     2    20   115   156    92    92   120     5    48    34    50   109   103    97 
  173    38   129   150    75   145    16   101   102    90   158    90   153    32    57    16   109   117     5    94    21    82    99   140    63    29    12    62     1    81     1   117    18    22    64    19    65    43    16    11    62    40    64   105   152    19   158    62     5   116   127    26    28   139   122     1   117    42    19   123    65   151    68    91    93    83   108   128   141   141   140    36   173    18   151    10    82   150    24   108   140    83   100    51   122   178    13   146   146   153   164    67    74    90    47    11   143    96    86    68    84     6    17    98   165   145   170    84    86   107   176    18   157    82    28    37   116   121    21    44    72    49     5   124   180    32    38    72    46    53   127     5    44    35    53   109    97    74   168    30    96    48    99   157   107    10    87   177    99   104   105    55    93    49   113   179    46    22    44   153   112   143    30   132   154   173    72   111   139   161    20    85   166   120    29    25    17   129   129    22    51    81    45   140   130    12    91    24    81   104    40     2   107    56   154    39    22    49   180    80    59    95   152   121   140   104    57   110    89    63    64   170   141    21   151    24    73    90    57   175   144    59    47   110   176    48   141   130    38    27   103   168   128    52   129    94    46    97    66    69    46   180    98    96   115   167    24    58   135   167    92    71    10    73   152   101     3    55   158    57   140   109    42    34   173    62   162   124     2    37   147    62    77    87   104    50    68    38     8   157    70    51    20   176   124    26    49   102    35    27    74    42    55    58   143    83   149   118   133   173   115   131     3    79    87    86   142   177   111    59   126   142    31   108    36    47    63    97    58   106   130   114    14    38    73   100    77    60    83   125    20    39   144   152   169   166    97   118   120   145   163   119    97   101    36   169    12    89    90    21    76    10   121   147    36   106    67    56     2    49 
  176   165    35   106    47   173   112    77    37    30    32    75    60     7    61    49    48   174   113    54    96    63    37    84   133   101   119   147    83   126   152    35    72   105    24    69    72    21   145   130   169    69   109   115    13    54   130    79   165    75    46   132   155   120    39    65     3    95   163   171    13    84   102    24     2   178   144    13    15    31    55    59   116    79   122   102     3     2   132   175     1    12   103    39     4   151   118    87    27   122    86    28    87   170    11    25   106    20   171    64    94    83   137     8   120    10   140   163   151     5    50    99   171   170   133    37    57    30    73    93     8   180    88   125    77   100   153    63   175   116    20    14   148    70    42   120   116   165   116    29    17   178    42    38    11    47    68   122    65    11    50   113   106   152    46   138   121    66   102   175   109   172    82    75   140    39    59    29    91   133   125    87    16    14    73     9   163    26   135   177    44    30   163   113   162    39    68    84   169   163   144    76     6    19     6   161    41    96    22   138    94   116   177   120   133   180   149    24    91     3     4    24    22    81    96    35   108   115   110    51    46    89    87    96    74     2    50   100    86    78    86   132   162    60    14   140     6    43   119    12    85   101   172    74    38    54   171    96   136    15   106    99    55     1   154    96    43    93   167    88    63   127   119   155   161    11   124    41    11   132    96   111    10   171    19    82   155   128   109    16   117    12   133    98   130    53    68   116    74   140     4    47    17   154    57    92    98    16   129    83   120   153     2   141    84   163   134   172    37   164     8   101    77   140    13    12    27    13    22    55   174   172    44   162   110   110   127    83   110   122    88    89    13   121    12   132    25    78     9   118    95    39   149    59    14   115   173    59    75    53   109   143    29   119   100    58    19   114   101    63 
   97    54     3   180    44    28    46   121   125    83    50   100    93    43    20   153    48     2   145   168   160    31    13    72    58    53    37    47   127    52   137   177    83   122   163    75    61    78   135   156   153    36     8    42   145     2   122   145    91    56    52   156   137   151   126    86    33    53    59    27   125   159   108    17    71    72     3    39    56    83   158   158    87   139     1   166    64    61   141   141   116    43    66   156    73   142    13   149   124   159    53    76   164   145   122   100   167    30    30    28    20     3    34    99    79    89   101    53    12   107    25   148    12   114   147    38    20   106    99   148   143    80    20    49   121     3   100    87    93    13   171    42   135   178   170    19    48   177   150   140     6    97    76    36   112    72    20   104   152    27   164    56   170    97    69    19    35   128   125    17    35   146    16   156    49   176   128    62     5   129   136   175     6   150   177    84   141    60   134    72   111    45   111   113    13    89   125   162    32    63    11   136    21    53   168    55   130   111   158   136    31    38   164    84   109   112   169   110   101   153    49    46    69    40   124    32    18   165   131   126   124    89    35    96    40    57    66   107   147    82    13    57    73   176   132    68    39   154    19    13    39   124    47    87    44   169    25   144    30   102   141    27   154    15   129   132   161    19    31   173   110   180    55    98    35    79    20   102    84   134   160    21   175   141   120    52   136    88    28    28    55    47    12    51   135     7    81    90    22    78   116    12    34     4   152    40    19   105   110    89   151    48    87    93     5   135    14   135    98   106    20   169   101   154   159   171    71    22    94    54    79    90   177     3   175    67   121   170    52    21    71   108   114   173   171   165   122   159   158   110     9    80   120    11    82   153    21    28    95    89   177   107    12    79    39    74    38    26   116   118 
  138    57    55   163    31    80   163    53   104    63    94   102   164   161   155    86    47   174   133   120   137   173     2   167    92    81    95   129    35    90   114    72   103   153    72    57    20   129   111     1   149   164    53   130    60   143   135    86    26   172   172   117    60   161   106   118   150    52   145    31   132    38   104    71   170     1    23   170   152     9    44    99    53    37    17    86   164    70   160   169   173   115    61    81    48    16    81   157   164   171    52    77   152   164   155   161    40     5   105   171   118    39    97    10   157    42   146   169    95    27    19   175   146    21   148   103    23    78    77    60    53   154     4   100    50    55     4    21   159    50   117    89   175    98   101    25    82   163   126    10   105    71    76    43   150   145   159   132   146   153   129   168    53    41   122    65   174    29    27    83    93    41   134   143    58    94    36   109   180   158    30   169   178    91    43    68    76    26    59    25   142   149   115   133   115   130     9   161   148    87    62   161   108   106     7    67    84   154   136    90     5    90    55   101   152    95   164     8    26   128   132   141   136   153   155    41    61   140   103   173   165    48   158   147    31    48    41   169    17    13    97   156   143    51    68    21   104   151    40    78    30    93    96    82   148   102     8   156     4   157   160    12   134    45   145   109   133   131    33    99    53   139   148   164    43   161    46    30   118    16    51   124    91    29   139    43   159   136   119   146    76    75   146    69    82   147    75   161    61   162   142   127    15   120    90    93     5    94   141    58    80   166     7   180   166    19    16   108   145   173   156     1   108   138    86   108   135     1    65    67    89    96    11   121    95    37    46     1    53   152    43    31    43    39    18   151   161   180    55    13   105    12   117    24    95    42    51    59    79    89   126   146   117     9   112     6    94   139    31    87 
   77   107   164   124   158    51    39   179    91   166   121    26    39   115    75    12   132   171   171   145    33   152   173   106   157    46    38   169     7    19   159     3    76   130    37   158   147   146   146    80   132    68    84    72   139    92    32    73    25    10    33    87    75    14    54    78   147   101   114    46    92   145   130    80   174   149    78   173   126     1   105   106   165    98    91   173    48    60    70    24   141   144   131    51   150     2   148     6   115   164    83   106    66   135    32   157   122    43   134   127   143    45   177     4   122    16   107   120   114   133   104   170    48    78   110    60    72    32   119    53    85    48   112   180    20    32    29    40    34    34   155    62   174    62    63     9    44   171    85    34    98    50    95   149    86    52    61    70    19    66   154    67    36    63   125    34   103   158   131   116   135    97     9   180    30   168   146    82    15   138    13    86    37    38    59    93    15   122    70   147    95   168   125    35   169    43    38   146   152    29    39    60   179     6   141    48     7   132   103   113   106    54   166    41    45   127    27   172    26   122   128    26   148   171    38   170   114   143   161   114    90    64    22    27   126    25    46    65    74     1    77   130   152    91   138   173   126    58   171    85   130   139    13   122   161   125   111    41   178    50    57    51     3    43    91    98    89    89    60   172    32    86   127   129    88    30     4   149    92    20    72   109     4   154    68   148   146   110   110    40   150   166    57    80    27    36    23   108    59   108   175   140    33    99   165    50   133    37   113   107    91    10    53    93    81    78   114    35    49    83   139   148   150   129    80    81    25    55   102   120   172     1    87    55   160    30     4    38   113    75    69   180   116     1     8   123   153     8    61   172   171   154   143    11    90   119    71    51   139   176   115     6   105    71     9   152    18   180   114   113 
   56    86     6   117   166    92    26    46    30   160    78   110    67    49    12    91   157   131    90    75    74    61   106    33    85    94   120    89   134    71    86    67    57   144     7   176    69   107    75    97    68    83    83    28    77    68    87    42   100    77   101    49   175    82   140   162   165    53   168    77    64    48    52    74   138    63   127   150    82    37    88    98   157   177   151    67   113    63   142   179    56    89   146    12    12   112   137   132   164   128    78    79     4    32   109   170    41    76   106   123    33    40     9     1    87    68     7    44   123   146   127    84    19   116   153   157    94     1    43   120    73   148    91   121   110   174   100   128    57   100   120   167    85   101   107   144     2    20   166     6    99    54    12   167     4     9   136   114   177   140   127   133   131   115    65   146   180    33    58    92    50   104    30    80   137    61     2   173   156   166    22   123   107   151   130   161    89   152   107    51   109    87    88   167    34    18   140    29   172    39   161    21    87   121   171    25    36    39   121    48    76   137    24    20   114   143    56   164    53   142   100   156   159   104    34    22    83    27    90   144   173   156    42    65    66   165    47   149   114    73   115     3   106    97   105    22    30   135    35    93     5    48     7    91   112    50   164    43   143   124   148    22    24   174   134   113   169    88   170    63   143   162    82   134   154   175   177    14    16    51   141   159    22    22    59   133    26   125   176   179    34   145   120    13    38    71    24   146    16    10    13     7   136   167    66    59   119   124    15    14     1    87   115    32   101   127    11    56    56    30   119   139   108   136     7    18   107     8    37   100   149    61    68   109    21    76   161   170   130     4    23   122    36    85   145    39    28    81    19    58   124    69   142    51     2    69   157    33   139   140   171    82   162    46    96    42    27   140    57   103 
  153    79    88     7    72   112    57   102    88   107     3    48   103    26   148    26   179   133    83    79   117    57    40    12   104     7    35   124   106     8    48   135    41    37   148   155   134   123    74   153    34   124    61    92   157    13    70    36   110   171   160   131    17   133    50    41    51   137   157   133   104    16   147     1    55    60    23   141   171   148    81    70   149    88    49    42    63   129   124    97   121    93   118   136    81    93    97   106   152    18    72    24   157   113    70    47    77   133    89    53   117     5   161    39   179    60    64     5   178     4   141     6    36   157    37    18   121    53    99   130    81   103   149    72   144    50     5    89   179    85    24    44   106    17    34   178    60    53    50    89    17    41   160    48   114     2   161   162    57   180   102   106    10   121   132    57   145    51    38   159   163   130    74    81   101    96   145    12    97   129    25    54    69    68    68    29    48    75    10    79    54    86    57     3    40   174   157    87    12    95    42    39   107    91   112    74   156    43   144    14   146   125   160     2    25    65    35   155   124    89   136   125   178   135    78    91   123   152     7     8   176    60   115   126    56    81    71   132   107   152    67    66   111   126   100    85     2    33    58   100   164   171   144   115    78   114   109   156    60   160     7    18     6   166   105     2    61    33    17    95   110   106   111    46     5    36   163   118   174    91    91    83   125     5    92   161   173    64   171    94    42    53   145   117   117   129    24    95   140   119    39    43   139    68   125   162   173    74   128    65   146   118   147    33    91   105   129    57   167    40    64    12   172    38    20    68   149    26    21   119   170   131   158   109    59   115   134   145   143    74   154    69    92    22     6   152    38    88   108    75    20   176   140     3    86    19   131    36    27    85    68    25    55   105   174    55   116    83   120   106 
   52   161     6   144   159    89   165   141    94    50    36    78   103    58   136   169    20     5   173    40    98    64    51    74   156    96    99    47    71    37   127   106   123    31    11   114   132    75   179    99    46    12    56   101    95   130   112    42   121    78    82    90    52     8    67   162    42   112   155    28    56    68    64   173     5   132     1    91   167    87   105   162    29   143    70    63    31    76    12    51   132     5   120   111   148    51    26    24   144   113   168    33   122   114    62    84    56    32    65    22   170   102   132    62    51    35    97    45   173    47    50    16   126   114    68    47    97   176   109   170    18    87   130   167    25   138    27    88    23   140    72    43   170    40   125   130   102   170   134    22   133    50    91   139   131   127   153   142    99    99    73    45    41    68   144   139    75   139    94   158     6   178   139   106   124    82    18    42   108   108    28   134     7   113    78   120   168   125   174    24     5   112   115   150   106    11     4    90   138   116    14    29   100   176    44   173    58   152   158   165     9    54    10    75     1   139   173    54    98    35   144    93   109   165   109    41   173    80    78    81     2   155   173    42    75   165    25   109    88    57    87   139    58   158    53    39    91    88    16   145     5    29    65    36    68   161   113    63   147   155   167    46    48    28   170    53    93    17    91   152   176    17    52    98   129    52    82    88    42    37   134   171   128    77    17    10   175   161    94     1   168    12    13     5    39    76   170   153   171    97   126    61    13   106   144   165    47    54   122   146   100   157   140    27    49   175    96    79    68    95   104    89   117     5    77    81    37   160   110    35    75   131   135   177   109   168    28   135   129     6    54    72    80    45   177   173    46    40    11   123    90   177   109    38     6    39   135   135   178   171    21    45   105    20    12    51   112   149   144    41 
   32   119    94    12    26    92    40    51   158    97   115    29   174    15   179   115   180   134    50   140   165    68     5    78    93    92    85   124    80   110    59    14     8   119    35   133   148    42    89   107   110    10   139    59   128    95   100    64   139    86   152    22   162    95    82    27   117   135    78   113    67    82   109     2    31   125    78   122    15    39   134    18    57    52   143    20    81   146    52    61   176   160    95   155     2   103   147   102    44   129   151    63   145   156   150     3    22    67    85   144    92   147    88    86   124    23    12    50   138    29    80    49   171   138   156   116   134   113   168   134    65    97    74    27   162    70   164    21   129   118    57   166   162    58    75   136   151   156    42    10    55   152     4     5    36    47   175     8    77    45   111   130   107    87   119    12   165    66   170    29   166    94   164   158    67    29    10   160    68    39    69   179   143    54   113    50   162   122   139   117   136   156   156    90    57   112    18    74   139   125   161   140    82    64   171     6   131   163   138    84   127    11    27    71   167    69    68   176    34    46    94    18   166     5     3    74   147    67    77   153     5    29    80    61    77   128    81   145    48   143    71    69    34   120   155     5    55    74   114    37    32   133   131   156   174   107   107   180   112    95   140   146   169   137   136   135    10   154    44   152   119   175    74   160    74    22   116    12    87   121   150    42   145   117    98   125    40    76    92   121   170    30     4    41    85    71   164   136   161   180    83   148    82   143    74    95    80    44   103    39    45   100    24    78   172   128    50   145   159   174    39    31   132    47   146    51    11    13    94    59   131    59    80    89   150   150   113   160    50   137    55    45    54   133   179    57   107    17   131    68    15   114    25    33    76   179    37   154   160    98    18    60   172   169    67    94    91    18    11   125 
  112   167   172    79    98    41   127   140    62   106    74   144    40   145    91   170    42   103    14    43    67    44   144   116    88    35    17    28   152     5   158    11    41    27   150    64    53    59   166   159    75    14    38    42    23    85   139   138    16   120   118    51     9   131     4    92   137    66   102   111    15   130   143    91    83   148    80    57   163    13    52    78   151    28   116   178    78    91   106    17   178   178    10    20   111   118    19   101   180    18   137    25   130    29    36   129   180   141   180     5    49    81   108   162   131   170   149     1   101   168    69   175   124   135    95    26    40   110    66   172    57   146    29     7    44     1   106    39   165    83    99    70   159    63    21    60    63    32     7   158   120   120   136    16    40    43   139   148   120    26   117   116   157    37   136   115   146    12    25   127   166   121   158   152   120    13     3    66    53    87   106   154    37    50     4    40    66    13   165    18   139   147   152   135    86   124   151    82   176    61   149   107   172    52    17    85    88   160    96    47   149   124   166    20   102   147    63    62    76   161   137   114   119   107   108    36   153    10    40   100    59   172   137   157   173   101    70     2    26   145    34    88    38   140   142    42    52   119   129   116   120    89   102   169   134   176   101     2    65   115   121   124    58    65   108    18     5     3    31   170    44    21     8    14   139    36    68   166    46    67   118    77   109    59   176     1    34     6    38   115    79    77    35    88   161    32   160    43   165    14   162    49     4    92   144   102   161    55   100    49   158   178    95    90    78    90    27   175    71    63   119   114   113    97   170    80    13   165    28    18   159    32    28   158    42    55   137   139   120   144    82   135   174    65    68    21    89    52    58   137   168   128    71   174    16    72   153   112     9    76   105    19   149   112   127   144     1    24   174    39 
 0.00  0.34  0.37  0.24  0.30  0.40 
 0.34  0.00  0.39  0.23  0.29  0.24 
 0.37  0.39  0.00  0.32  0.28  0.22 
 0.24  0.23  0.32  0.00  0.37  0.23 
 0.30  0.29  0.28  0.37  0.00  0.23 
 0.40  0.24  0.22  0.23  0.23  0.00 
