10 12
2
      2823
      2978
  4.2  72.2 667.2   1.9
  1.9  38.9 619.9   2.0
  2.7  66.6 872.9   2.2
  3.8  61.1 504.2   1.9
  3.0  53.2 742.4   1.8
  3.5  24.5 465.6   2.2
  1.3  72.8 410.3   2.0
  4.1  66.8 526.8   2.3
  3.6  59.1 733.8   2.2
  1.1  47.0 758.8   1.7
  1.2  64.3 903.7   1.9
  4.9  26.8 493.7   2.2
  2.2  72.0 292.6   1.8
  4.4  53.4 767.5   2.5
  4.9  58.7 793.7   1.6
  4.4  39.8 454.7   1.7
  1.2  37.7 224.1   2.4
  4.0  34.9 392.1   1.6
  2.4  42.8 888.0   1.7
  2.4  42.0 197.4   2.3
  0.2   0.4   0.3   0.2   0.2   0.3   0.3   0.3   0.3   0.4   0.3   0.3   0.4   0.4   0.2   0.4   0.4   0.3   0.3   0.4 
   21    26    14     7    74   172   116    51   159    62   129    48   105   144   169   138     4   164   136    63 
   56   112    54   176   110   116    31   116    27    32    33   125   171    62   121    90   160   133   120    52 
  167   133    46     1   142   106    48     7   166     7    84    35    81    54   165   152   134    62    99   167 
   13   148    34   145    47    95    45    64    57    46   122   109   148    13   126   149    58    67    58   125 
  179    71    84    88    92   178   106   118    10   161   106   104    67    34    95   125   179    62   143    49 
  116    64    81    56   135   178    31    43   124   155    26   122    18    46    94    29   165    41    76    45 
  138   144    28    30    36    41    79   117    38   178    12    88   178    24   100    73    20   123    72    60 
  146   174   176    86   135    68   112    65    67    48    47    69    16    38   160    83   151     1   122    61 
   46     1   153    56    10   176    70    46     4   175    60    62    76    55     4   127   110   114    91   161 
  143   160   157   137    78    22   171   180   115    75   153    26   142    18   165   164   142    36   122    62 
  140    49    42   116    69    78    13   129    60   132    78    52    53     3    75   125   144   153   119   112 
   60   100    45    93    84    60    44    13   147    23   148   169   142     9   106    98   118   146   132   125 
 0.00  0.24 
 0.24  0.00 
