30 12
20
      8416
      8470
      7749
      8195
      7186
      9249
      8673
      8171
      7744
      8186
      8556
      7663
      8538
      7612
      8072
      9215
      9110
      8252
      9490
      8442
  2.4  65.8 531.4   1.7
  3.9  57.1 120.4   2.0
  3.3  22.9 836.8   2.5
  3.9  15.8 868.3   1.6
  2.9  46.7 881.8   1.6
  4.1  40.2 280.2   1.6
  2.0  58.1 145.5   1.7
  2.4  67.8 382.0   1.9
  3.9  66.8 560.3   2.2
  4.0  26.6 812.9   2.5
  1.5  65.6 469.3   1.7
  2.9  62.2 597.6   1.9
  3.4  15.5  75.3   2.3
  4.9  62.6 470.2   2.4
  1.0  29.7  92.5   2.3
  4.3  16.7 206.5   1.8
  2.2  59.3 600.3   2.0
  4.6  48.2 308.3   2.0
  1.2  70.1 496.2   1.9
  4.9  58.5 561.7   1.8
  1.9  49.0 387.1   2.3
  2.0  44.8 719.3   1.7
  5.0  16.9 662.1   2.0
  1.8  63.9 727.6   2.1
  1.4  51.2 807.7   2.0
  2.7  51.6 832.0   2.1
  3.7  47.8 814.9   1.7
  1.8  48.4 709.5   1.6
  1.9  55.4 213.2   1.5
  3.9  21.7 659.9   2.1
  1.3  37.6 628.6   2.3
  2.8  39.7 684.6   2.3
  1.2  68.6 929.8   2.0
  4.2  17.0 697.2   1.5
  2.7  64.7 426.6   1.6
  1.6  40.1 639.8   1.8
  4.9  33.2 669.4   2.2
  4.0  51.5 719.0   2.4
  2.5  37.3 496.1   1.8
  2.6  56.2 942.5   1.9
  4.8  49.9 856.2   2.0
  3.3  24.9 831.5   2.0
  3.1  40.0 505.5   2.5
  3.6  28.3 446.8   2.5
  4.1  60.3 663.4   1.5
  3.4  62.6 568.4   2.2
  4.7  29.7 522.6   1.6
  1.4  71.8 132.4   2.4
  2.9  28.7 929.3   1.7
  5.0  17.7 304.0   1.6
  4.7  44.7 425.2   2.0
  1.2  30.7 514.5   1.6
  3.9  72.8 591.4   1.5
  3.4  62.5 126.8   1.9
  3.6  42.4 659.7   1.8
  1.4  43.2 540.6   1.5
  1.6  61.2 349.7   2.1
  4.4  18.0 461.5   1.6
  3.0  45.1 309.3   1.8
  1.7  19.3 778.7   2.2
  1.5  67.4 941.6   2.4
  3.0  31.2 707.9   1.9
  1.5  71.4 494.3   2.1
  2.9  31.7 821.2   2.0
  4.0  44.9 758.0   1.5
  1.8  25.2 445.9   2.3
  1.8  37.7 493.9   2.0
  2.3  63.3 415.5   1.6
  2.4  15.3 291.4   2.3
  4.7  20.7 380.7   2.2
  4.4  28.7 845.4   2.1
  3.6  45.8 880.4   2.0
  4.3  57.9 111.3   2.1
  3.3  25.6 143.6   1.6
  2.9  40.4 932.9   2.0
  1.1  22.7 512.3   2.4
  1.0  45.6 837.2   1.8
  2.0  37.7 626.7   2.0
  1.7  26.1 843.1   1.8
  1.7  18.5 694.9   1.8
  3.8  21.3 717.5   2.2
  4.7  25.0 131.8   2.4
  4.7  51.0 409.6   1.5
  3.1  55.5 165.6   1.6
  4.3  31.7 338.0   1.7
  3.7  61.6 782.0   1.8
  1.3  69.0 285.8   2.1
  3.0  60.2 261.1   1.8
  3.1  35.6 427.1   2.0
  1.9  65.9 334.1   1.5
  1.1  59.6 630.9   2.0
  3.8  45.6 751.0   1.9
  3.2  26.4 375.2   1.6
  4.8  21.8 904.0   2.2
  3.4  19.9 648.3   2.3
  4.1  64.0 125.5   2.0
  2.1  23.5 800.1   2.1
  1.5  44.9 600.9   2.2
  2.2  19.8 778.2   1.7
  4.3  31.5 196.3   2.3
  4.5  28.5 160.2   1.7
  2.7  31.4 381.7   2.3
  3.7  71.9 409.8   1.6
  3.8  70.1 919.3   1.6
  2.8  49.7 268.4   1.8
  3.8  26.8 428.5   2.1
  1.6  74.5 187.5   2.2
  3.0  47.6 597.0   2.0
  2.7  30.8 309.4   1.6
  1.4  26.8 352.4   1.9
  1.7  73.4 768.2   1.8
  2.4  70.3 422.5   1.8
  3.9  62.7 595.3   1.9
  3.8  64.9 493.6   1.5
  1.5  30.2 236.1   2.2
  1.9  15.3 283.0   1.8
  3.8  56.2  99.2   2.1
  4.0  18.9 281.3   2.3
  2.7  59.7 605.1   1.8
  3.6  44.0 111.8   2.2
  2.0  47.3  52.2   1.6
  2.6  68.8 147.2   2.4
  2.5  56.5 261.3   2.4
  4.8  36.3 164.5   1.8
  1.1  18.5 823.1   2.0
  1.6  69.9 789.2   2.0
  4.0  28.6 478.6   2.0
  1.2  50.2 793.9   1.6
  2.7  64.9 349.0   2.4
  4.9  53.2 891.0   1.9
  3.4  16.3 197.7   2.5
  1.4  33.6 639.6   2.1
  1.1  46.8 819.4   2.5
  2.0  19.4 389.1   2.2
  1.4  67.2 268.0   1.9
  3.4  71.3 119.5   1.9
  2.7  64.0 702.0   1.7
  2.5  70.1 614.7   1.7
  1.5  51.0 699.9   2.1
  3.8  20.3 686.3   1.6
  2.6  31.9 203.6   1.8
  4.1  44.9 871.6   2.1
  3.1  74.5 512.3   2.2
  2.5  57.8 789.5   2.4
  2.1  53.0 948.5   1.8
  1.5  68.7 110.3   2.3
  3.1  25.8 866.9   1.9
  1.6  63.7 549.4   2.5
  3.2  48.0  91.8   2.2
  2.1  41.1 699.3   2.1
  4.8  25.9 943.8   2.0
  2.2  33.8 178.7   1.5
  2.5  64.1  56.7   2.4
  4.3  68.3 616.5   2.3
  3.9  37.3 525.2   1.6
  3.0  72.7 334.2   2.5
  4.6  33.6 923.6   1.6
  3.9  47.6 515.8   2.4
  3.7  34.3 720.6   1.8
  2.3  60.1 519.1   1.7
  3.3  31.7 696.7   2.2
  2.1  72.4 346.6   1.7
  3.5  51.7 208.3   1.9
  3.2  36.5 648.1   1.5
  3.6  56.0 421.7   1.9
  4.9  25.2 542.9   2.3
  2.6  44.4 391.4   2.5
  3.8  65.3 935.0   2.3
  3.5  73.3 197.0   2.5
  3.1  27.9  52.1   1.5
  3.6  39.6 666.0   1.6
  2.5  47.8 246.8   1.7
  2.7  52.8 747.5   2.0
  4.1  21.7 708.3   2.2
  4.3  61.2 128.7   2.0
  3.9  49.2 527.2   1.6
  1.7  45.2 475.3   2.3
  4.5  20.7 731.0   1.6
  1.6  24.0 269.1   2.4
  2.7  57.0 671.3   2.0
  2.8  17.4  77.3   2.3
  3.7  69.9 726.9   1.5
  1.3  68.2 164.7   2.0
  1.6  67.9 839.9   2.4
  2.9  30.0 885.5   2.0
  4.7  22.5 272.2   2.3
  2.2  21.7 415.3   2.2
  4.1  41.5 322.7   1.7
  1.8  60.5 688.9   2.1
  2.3  53.9 392.8   1.8
  4.7  32.0 821.4   2.4
  4.3  58.0 915.3   2.2
  3.6  69.9 546.3   2.4
  2.3  58.1 468.9   2.4
  3.3  41.3 909.3   2.2
  4.1  41.1 506.4   1.7
  3.4  38.5 444.4   1.8
  2.3  25.8  60.0   2.4
  1.7  58.8 314.3   1.7
  2.8  66.5 415.1   2.4
  4.6  74.0 317.6   2.0
  4.6  35.9 408.2   2.0
  1.5  32.8 386.1   1.8
  2.4  30.1 344.2   1.6
  4.9  35.9 232.4   2.1
  2.0  17.3 286.5   2.2
  4.2  29.5 242.2   2.3
  3.7  16.9 736.4   1.6
  3.1  25.8 214.9   2.1
  4.3  51.7 860.0   2.1
  3.4  61.9 578.0   1.8
  3.3  66.6 154.0   2.1
  1.5  64.7 540.5   2.3
  1.2  18.6 676.3   1.9
  3.8  60.9 623.1   1.6
  3.5  36.7 466.6   1.9
  1.0  72.2 881.6   2.0
  3.7  46.0  50.9   2.2
  3.8  63.3 737.2   1.8
  3.8  34.0  91.3   2.2
  3.4  18.0 401.5   1.8
  3.0  57.5 224.9   1.7
  2.4  33.9 114.4   1.9
  2.7  72.6 491.1   1.9
  2.6  71.4 472.8   1.8
  3.0  52.8 558.7   1.9
  2.0  50.1 561.2   2.0
  2.9  26.7 351.2   1.9
  2.3  28.8 280.1   2.2
  2.6  40.7 641.8   2.4
  3.2  70.9 587.6   1.9
  4.6  72.2 941.2   2.0
  2.6  18.3 731.1   2.3
  4.3  72.8 905.8   2.1
  2.3  58.0 222.7   2.2
  1.2  64.4 822.6   2.1
  4.7  59.7 386.3   1.9
  2.5  30.9 280.6   1.7
  3.1  32.1 459.9   2.0
  2.4  32.6 203.1   1.8
  3.3  31.5 919.4   2.0
  4.5  57.0 631.8   1.6
  2.8  24.1 165.2   1.8
  3.4  73.6 393.3   1.5
  1.3  43.5 414.3   1.6
  1.8  37.4 938.9   2.3
  3.9  50.5 236.5   2.5
  2.2  66.6 185.0   1.8
  2.8  48.5  64.8   1.9
  1.1  68.4 787.0   2.1
  3.5  26.1 932.6   1.8
  4.4  35.2 266.4   1.6
  3.2  35.4 821.2   2.2
  1.3  48.9 326.1   1.9
  3.8  25.5 853.9   1.5
  1.9  45.0 894.8   1.7
  3.2  33.9 106.7   1.7
  2.3  45.3 124.5   1.9
  1.3  16.5 462.9   1.7
  1.5  23.3 356.2   1.8
  1.2  66.7 512.7   2.0
  1.4  16.8 241.8   2.2
  4.6  37.9 817.0   2.3
  4.8  52.8 558.0   1.6
  3.6  68.8 723.8   1.9
  3.7  44.9 526.7   2.1
  4.0  48.3 707.4   2.4
  3.1  59.3 766.4   2.3
  3.8  17.6 329.2   1.9
  1.4  19.8  99.0   2.2
  1.2  46.6 245.3   1.7
  3.3  67.8 610.8   1.6
  3.0  35.0 922.8   2.1
  3.5  18.1 919.7   1.7
  2.3  53.0 122.0   2.0
  3.8  61.1 262.0   1.9
  1.6  20.5 497.4   1.7
  4.7  24.2 441.2   1.8
  1.2  42.1 412.5   2.0
  4.8  43.4 650.2   1.7
  4.9  32.2  61.3   1.9
  2.4  20.5 153.5   2.1
  3.1  58.0 197.6   2.1
  1.9  61.3 520.2   1.7
  2.0  64.4 711.9   1.6
  1.3  29.0 254.6   2.0
  4.1  50.3 643.4   1.7
  4.6  39.0 665.6   1.8
  4.4  68.6 698.8   1.5
  1.5  21.7 473.5   1.8
  3.0  50.7 850.8   2.2
  3.0  37.8 385.1   2.2
  5.0  35.4 579.8   1.7
  2.4  23.3 452.1   1.8
  2.9  51.5 144.0   2.0
  2.6  59.3 475.6   2.5
  4.0  59.4 690.6   2.1
  2.8  73.3 313.3   1.8
  3.1  33.5 476.8   1.6
  1.6  66.2 544.7   2.4
  3.9  55.4 723.8   1.6
  3.6  61.4 705.8   2.0
  4.7  44.2 787.6   2.3
  3.8  50.1 520.9   1.5
  1.3  33.7 563.8   2.2
  3.2  16.1 638.0   2.2
  1.8  69.5 489.8   2.0
  3.1  28.0 748.9   2.4
  3.7  57.8 408.2   2.2
  1.1  42.4 712.1   2.5
  4.1  34.3 676.0   1.5
  2.2  33.1 526.6   1.8
  3.5  69.4 625.8   2.1
  2.8  67.7 417.7   2.3
  2.3  41.1 567.4   1.7
  1.8  59.1 568.5   1.9
  1.7  34.0 457.8   2.4
  3.3  24.8 919.8   1.8
  3.6  56.7 888.7   2.0
  4.2  48.3 863.6   1.6
  2.1  17.7 249.0   2.2
  3.9  27.5 624.4   1.7
  4.6  67.3 405.0   2.0
  1.1  47.3 757.7   1.6
  1.9  32.9 401.7   1.6
  3.8  26.2 301.9   2.4
  5.0  72.6 400.5   2.2
  2.7  63.2 103.4   1.9
  4.0  50.7 833.1   1.7
  4.4  70.1 677.9   1.9
  2.3  34.4 150.4   2.3
  1.8  31.5 548.8   1.8
  4.3  38.6 805.4   1.9
  4.7  46.5 841.3   2.1
  2.8  50.2 168.9   2.1
  2.7  34.6 308.3   2.4
  1.7  31.2 781.6   1.6
  2.8  29.5 347.9   2.5
  4.5  36.8 341.0   2.0
  1.0  72.0 342.1   2.4
  2.1  35.2 520.0   2.1
  1.1  72.5 535.8   1.6
  1.7  38.0 348.7   2.1
  3.6  40.6 180.0   1.9
  3.9  54.6 527.3   2.1
  3.8  24.0 800.1   2.0
  4.1  41.0 442.5   2.4
  1.5  74.8  61.2   1.8
  3.2  57.6  74.1   1.5
  4.8  34.8 559.0   1.7
  1.8  73.4 113.4   2.1
  4.6  35.5 621.6   2.2
  2.8  19.4 949.7   2.3
  1.2  55.9 213.5   1.7
  2.4  60.8 132.4   1.7
  1.1  16.7 821.8   2.2
  4.5  23.3 450.8   1.8
  1.8  42.8 262.2   2.1
  2.1  65.5 294.6   1.9
  1.2  22.9 201.7   2.4
  2.6  47.0 130.8   2.1
  2.8  60.6 274.4   2.0
  4.7  42.0 366.6   1.7
  2.1  32.5 851.2   1.7
  4.7  67.9 916.7   1.5
  2.4  58.6 302.6   1.7
  3.2  67.0 654.9   2.1
  3.5  49.3 696.8   1.8
  3.1  34.8 400.4   1.6
  4.1  47.8 115.5   2.0
  2.9  28.7  95.9   2.1
  4.1  67.2 905.8   2.1
  4.3  25.9 405.2   1.6
  4.3  57.2 728.4   2.2
  3.6  58.0 800.1   1.9
  2.6  56.8 654.6   2.4
  3.8  42.4 770.6   1.8
  1.7  25.4  57.4   1.9
  4.7  69.1 336.3   1.5
  1.7  15.1 143.8   1.9
  4.1  42.8 671.0   1.7
  2.8  31.1 269.9   2.4
  2.3  45.5 937.0   2.1
  3.6  16.4 796.7   1.6
  1.6  28.3 177.7   1.5
  5.0  16.3 533.4   1.7
  2.1  45.6 770.8   1.8
  1.4  28.3 821.6   2.4
  4.4  38.8 779.8   2.1
  1.3  20.4 440.9   1.8
  2.0  22.9 914.2   1.7
  3.3  21.7 272.5   2.4
  1.2  69.0 603.2   2.0
  2.0  18.4 142.0   2.0
  2.3  41.1 834.2   2.1
  4.2  48.9 910.9   1.8
  3.2  57.0 345.3   2.5
  2.9  36.5 554.6   1.8
  4.6  36.3 380.8   2.0
  4.0  57.2 751.9   2.3
  1.9  35.7 901.8   1.7
  3.9  45.6 746.3   1.7
  3.0  21.7 530.5   2.4
  2.3  31.0 540.5   2.4
  1.4  20.1 865.4   1.7
  1.7  65.3 586.6   1.6
  2.7  27.3 910.3   1.8
  3.6  45.5 449.7   1.5
  3.9  23.8 154.8   2.5
  4.6  51.4 554.4   2.3
  1.3  37.9 706.8   1.6
  1.4  33.2 364.5   2.4
  2.6  16.9 597.7   2.0
  2.5  24.2 509.6   2.3
  2.1  43.3 550.8   1.8
  4.0  51.5 860.6   1.9
  2.4  24.4 723.9   2.2
  4.1  41.3 589.6   2.4
  2.1  55.9 784.8   2.2
  1.7  30.4 211.2   2.2
  1.6  71.8 269.7   1.9
  3.2  55.7 724.4   1.7
  1.7  63.0 247.5   2.4
  2.7  23.5 646.0   1.9
  2.9  53.7 100.2   1.6
  4.2  52.3 494.7   1.8
  1.4  36.9 879.9   1.8
  3.0  49.0 796.6   2.3
  4.8  26.4 156.3   2.2
  1.0  55.6 324.5   2.1
  4.7  28.9 426.7   2.1
  2.4  73.1 660.5   2.4
  3.4  50.8 273.4   2.3
  3.2  72.0 739.1   1.6
  1.6  36.2 115.4   2.0
  2.5  45.2 828.6   2.5
  4.3  60.3 493.8   2.0
  3.3  30.6 831.4   1.9
  4.5  27.4 680.5   2.1
  2.5  40.5 392.1   2.1
  2.3  57.9 926.5   1.8
  3.0  19.1 831.8   1.6
  1.5  56.3 261.8   1.8
  3.5  40.2 313.8   1.9
  4.5  57.0  54.5   1.7
  1.3  66.9 455.4   2.3
  2.8  33.7 478.0   2.3
  2.5  54.2 595.2   1.6
  1.5  47.1 170.5   1.7
  4.1  65.8 316.3   2.0
  3.7  50.6 772.2   1.6
  2.8  43.0 930.9   2.3
  3.9  41.6 186.4   1.5
  1.6  52.6 118.5   1.7
  4.6  62.0 302.5   1.5
  1.1  19.2 415.6   1.8
  2.2  57.8 748.3   2.2
  3.8  20.7 715.0   2.3
  5.0  42.1 212.8   2.0
  1.5  54.3 847.8   2.0
  4.2  39.2 564.8   2.4
  3.3  67.7 509.9   2.0
  2.0  22.4 261.8   2.2
  4.2  29.3 633.7   2.3
  5.0  61.0 537.8   2.2
  4.2  43.6 550.1   1.9
  1.5  63.3 515.9   1.7
  4.4  29.5 382.1   2.5
  3.0  71.8 811.1   2.2
  2.0  48.0 232.6   1.9
  2.0  41.8 197.1   2.2
  1.5  20.5 590.4   1.7
  4.7  61.3 298.1   2.1
  3.4  67.5 314.8   2.1
  4.8  62.7 358.8   2.0
  4.4  59.2 265.2   2.2
  3.2  29.2 856.4   2.3
  2.7  60.5 452.4   2.0
  2.6  48.5 403.0   2.2
  4.8  65.3 503.5   1.8
  4.3  45.6 730.6   1.7
  3.3  43.6 283.4   1.9
  4.8  52.6 117.2   2.5
  4.7  23.1 433.7   1.7
  3.3  47.8 487.4   2.0
  3.1  60.4 240.0   2.0
  4.1  55.4 796.6   2.2
  2.3  68.2 721.3   2.3
  3.8  34.7 300.1   2.2
  1.8  26.2 687.6   1.9
  1.9  68.8 478.1   2.0
  3.7  38.5 347.6   2.0
  4.8  30.3 473.6   2.5
  2.7  69.1 649.7   1.9
  4.0  30.9 358.9   1.5
  4.4  61.8 710.0   2.0
  3.1  44.3 273.7   2.0
  4.3  36.1 781.1   2.3
  1.3  65.9 822.4   2.0
  3.8  73.7 831.2   1.9
  2.9  74.7 541.5   1.8
  1.2  41.0 157.4   2.0
  3.2  35.9 189.7   2.1
  4.0  54.5 187.5   1.9
  1.4  66.4 561.4   1.7
  3.7  73.1 749.4   1.6
  2.3  40.2 918.5   2.4
  1.8  28.6 805.4   2.4
  2.7  66.6 305.5   2.4
  5.0  69.4 125.5   2.3
  4.9  56.3 327.3   1.9
  2.2  40.4 396.6   1.6
  2.7  28.4 811.9   2.0
  1.8  28.7 550.0   1.8
  3.4  24.8 496.3   2.5
  3.3  25.0 213.8   2.4
  2.9  66.8 734.8   2.4
  4.9  73.5 257.7   2.4
  1.6  70.3 696.1   2.4
  4.1  44.4 612.6   1.7
  3.0  57.9 714.7   2.1
  4.8  18.9 623.4   2.4
  1.4  37.2 421.1   2.4
  2.1  60.8 838.1   1.9
  2.2  43.9 743.3   1.8
  4.5  15.5 610.7   2.4
  4.7  37.0 593.9   2.1
  1.7  67.2 499.4   1.8
  1.4  74.4 739.7   2.2
  2.5  66.9 465.9   2.1
  3.7  59.4 667.7   1.7
  2.0  52.2 707.3   1.8
  3.6  32.2 820.1   2.1
  1.5  59.5 699.1   2.1
  1.9  33.0 610.4   2.2
  1.4  68.0 847.1   1.9
  2.7  35.9 157.2   1.6
  4.1  33.6 663.3   2.3
  2.5  39.5 789.2   2.0
  4.9  15.1 338.7   2.2
  2.6  50.0 341.5   1.8
  4.2  43.3 193.8   2.5
  1.3  65.0 555.9   1.7
  1.8  26.3  72.5   2.3
  3.9  34.2 496.2   1.9
  3.4  71.5 182.4   2.4
  4.0  28.0 740.5   2.2
  4.9  55.2 919.5   2.0
  4.1  18.8 637.0   1.7
  4.6  40.9 875.6   2.0
  4.5  47.0 557.9   1.6
  2.5  31.9 537.7   2.1
  2.9  45.5 737.7   2.1
  4.9  38.9 454.8   1.9
  1.4  57.6 394.7   2.3
  4.7  51.5 865.6   2.1
  1.8  53.4 442.8   2.2
  2.6  28.0 761.3   2.3
  3.2  53.9 628.0   2.4
  3.7  73.2 475.8   2.0
  4.1  71.1 394.3   1.9
  4.5  49.3 136.3   2.0
  4.9  50.0 515.0   2.3
  2.8  46.4 434.5   2.1
  3.6  39.1 629.0   2.1
  1.4  45.3 181.0   1.6
  4.5  69.7 168.0   2.2
  3.6  26.9  94.6   1.8
  3.5  65.7 774.8   1.8
  4.2  28.2 595.0   1.9
  3.4  55.6 809.2   2.5
  4.4  50.6 749.1   2.3
  1.5  27.1 546.4   2.2
  3.6  70.0 815.9   2.4
  1.3  40.7 385.9   1.6
  4.7  30.5 112.1   2.2
  4.5  15.4 367.1   2.2
  2.1  46.3 284.3   2.0
  2.3  53.8 868.0   2.2
  5.0  21.8 536.9   2.3
  1.6  39.3 462.8   2.1
  1.6  27.2 833.7   2.2
  4.2  63.5 912.8   2.0
  2.0  32.9 134.4   1.6
  3.5  23.1 190.7   2.0
  4.8  41.2 410.7   1.9
  4.4  41.7 381.7   2.4
  1.9  55.0 599.0   1.9
  2.1  18.0 646.4   2.0
  3.0  68.4 337.7   2.0
  3.3  71.5 417.8   1.7
  1.1  32.6 554.7   2.2
  2.7  61.2 190.8   1.5
  5.0  56.5 937.9   2.0
  3.9  29.7 744.9   1.7
  4.3  36.6 434.9   2.3
  1.1  48.8 849.4   2.0
  4.9  42.7 756.4   1.8
  3.6  43.5 298.3   2.2
  1.7  48.5 833.1   1.9
  0.2   0.4   0.4   0.4   0.3   0.3   0.3   0.3   0.3   0.4   0.2   0.4   0.3   0.3   0.3   0.4   0.2   0.2   0.3   0.2   0.3   0.2   0.4   0.4   0.3   0.3   0.3   0.2   0.3   0.3   0.4   0.2   0.4   0.3   0.3   0.3   0.4   0.4   0.3   0.3   0.3   0.3   0.3   0.3   0.3   0.4   0.3   0.4   0.4   0.3   0.3   0.3   0.3   0.4   0.2   0.2   0.3   0.3   0.4   0.3   0.3   0.2   0.4   0.2   0.3   0.2   0.4   0.3   0.3   0.3   0.2   0.4   0.4   0.3   0.3   0.3   0.4   0.4   0.2   0.3   0.3   0.3   0.4   0.3   0.3   0.2   0.3   0.3   0.2   0.2   0.3   0.3   0.4   0.4   0.3   0.2   0.4   0.3   0.2   0.2   0.3   0.3   0.4   0.3   0.4   0.3   0.4   0.3   0.3   0.4   0.4   0.3   0.3   0.4   0.4   0.3   0.4   0.4   0.2   0.3   0.3   0.3   0.4   0.4   0.3   0.3   0.3   0.3   0.3   0.3   0.3   0.3   0.2   0.3   0.4   0.4   0.2   0.3   0.4   0.2   0.2   0.3   0.2   0.2   0.2   0.3   0.4   0.2   0.3   0.2   0.3   0.4   0.3   0.2   0.4   0.2   0.3   0.4   0.3   0.3   0.2   0.4   0.3   0.3   0.3   0.4   0.2   0.3   0.3   0.4   0.2   0.4   0.2   0.3   0.2   0.3   0.3   0.4   0.2   0.3   0.4   0.3   0.3   0.4   0.3   0.2   0.3   0.4   0.4   0.3   0.2   0.3   0.3   0.3   0.3   0.2   0.4   0.3   0.4   0.3   0.3   0.4   0.2   0.2   0.3   0.2   0.3   0.3   0.3   0.2   0.3   0.3   0.2   0.2   0.2   0.2   0.3   0.3   0.3   0.3   0.3   0.3   0.2   0.2   0.4   0.2   0.3   0.3   0.3   0.2   0.3   0.3   0.4   0.3   0.3   0.3   0.2   0.4   0.2   0.2   0.3   0.4   0.4   0.4   0.2   0.4   0.3   0.4   0.2   0.4   0.3   0.3   0.3   0.3   0.3   0.2   0.4   0.4   0.2   0.2   0.4   0.4   0.3   0.2   0.3   0.3   0.4   0.3   0.2   0.4   0.3   0.4   0.3   0.3   0.3   0.3   0.2   0.3   0.3   0.4   0.3   0.3   0.2   0.3   0.3   0.3   0.3   0.2   0.4   0.4   0.3   0.2   0.4   0.3   0.2   0.3   0.3   0.4   0.3   0.4   0.3   0.3   0.2   0.3   0.2   0.3   0.2   0.3   0.3   0.4   0.4   0.4   0.4   0.3   0.4   0.3   0.4   0.4   0.4   0.2   0.2   0.2   0.3   0.2   0.3   0.3   0.3   0.3   0.2   0.4   0.3   0.2   0.3   0.4   0.4   0.3   0.4   0.3   0.3   0.3   0.3   0.2   0.4   0.4   0.3   0.3   0.4   0.4   0.3   0.2   0.2   0.3   0.4   0.3   0.3   0.3   0.3   0.2   0.3   0.3   0.4   0.2   0.4   0.3   0.4   0.4   0.3   0.3   0.2   0.3   0.2   0.4   0.2   0.3   0.2   0.3   0.4   0.2   0.2   0.3   0.2   0.2   0.3   0.2   0.3   0.2   0.3   0.3   0.2   0.3   0.4   0.3   0.3   0.3   0.3   0.4   0.3   0.3   0.3   0.3   0.3   0.3   0.3   0.4   0.3   0.2   0.3   0.3   0.3   0.3   0.3   0.2   0.2   0.2   0.4   0.4   0.4   0.3   0.3   0.3   0.3   0.4   0.2   0.4   0.2   0.4   0.3   0.2   0.4   0.2   0.2   0.4   0.4   0.2   0.3   0.2   0.3   0.3   0.3   0.3   0.3   0.3   0.4   0.4   0.4   0.4   0.3   0.2   0.2   0.3   0.4   0.4   0.2   0.2   0.4   0.3   0.4   0.4   0.2   0.3   0.3   0.3   0.3   0.3   0.2   0.3   0.3   0.4   0.3   0.3   0.3   0.2   0.3   0.3   0.3   0.3   0.3   0.4   0.3   0.3   0.2   0.3   0.3   0.4   0.4   0.4   0.2   0.2   0.4   0.3   0.3   0.3   0.3   0.4   0.3   0.3   0.2   0.2   0.2   0.4   0.3   0.2   0.4   0.4   0.3   0.4   0.4   0.4   0.4   0.2   0.3   0.3   0.3   0.2   0.2   0.2   0.3   0.3   0.2   0.2   0.3   0.2   0.3   0.3   0.2   0.3   0.3   0.3   0.2   0.4   0.4   0.4   0.4   0.4   0.3   0.2   0.3   0.3   0.3   0.2   0.3   0.3   0.4   0.4   0.2   0.2   0.3   0.4   0.2   0.2   0.3   0.3   0.3   0.2   0.3   0.3   0.3   0.4   0.4   0.2   0.4   0.2   0.3   0.3   0.3   0.3   0.4   0.3   0.2   0.2   0.3   0.3   0.4   0.2   0.3   0.2   0.4   0.3   0.4   0.3   0.3   0.4   0.3   0.3   0.2   0.2   0.4   0.4   0.2   0.2   0.2   0.2   0.2   0.3   0.4   0.2   0.4   0.2   0.3   0.3 
  114    77    42    99    96   154    51   137   119    24    13   105    22   156   117   172    99   157    81   129   133     2    26    68   116   140   173   153    46   160   173    27   173    87   106   112    73   108    82    65   110    65   137    13   135   160    30   167     3   140   179   175    12   112    85   131   169    37    53   107    84    40    91   138    14    42   132   168   106    65   179   100    71   134    14   165    70    53     7    83    58    43   166    67   108    89    48    96   124   154    43    58    13    38    82   156   112    63    42   129   122   149    99   162    48   130   143   112   137    99    13   122   151   148    68   105   140     4   155   109   100   141   156    53    66   119    64   121     8   147   156    66   168    11    75   154    10    91   130   100    20   119    30   176   145    87    22   159    59    52    81    96   119   173    37    84   111   173   153    81    12    44   124   164   153    45    46   167   136     3   163   103    60   146     8   127   156   160    22   144    59   168   161   180   126    87   147   107    64   175    19   175   122     2    65   156   180    73   172   122   122    10    27    91    10    16   174   103    72    28    75   117    88   175    67   177   157   151    96    54    24    52   105    75    68   108     2   129    76    39    96    83    80   137    33   139   138    92   154    44   134   171   176   145   123   120     3    87   118   127   165    40    12    25    13    37    39   149    95    98    91   134    45   157    49    83   105   126    12     6   108    26   133   162   164    52    26   162   102   178    55    51   171   115     6    34    53    60   171   166    93   121   170    84   166    26   119   108   108    95    47   154    29   163    93   117    11   147   169    15    66    34    46   129    73   106    41    15    54   117   164   171    84     8   106    94   173   153   139    54   170   124   146    28    30    71   123   102   100     4   165   144   168    16    29   127   114     7   141   133   176    64   124   113   136    83     5    44   105   162   119   125    24    24    11   167    81    43    65   140    65    41   120    25   108   121    91     6   158    38   112   100    56   167   144   172   152   106   145   125    40   118   173    21    81    64   105    20    45   175   174   148   166   113   150    34    19    87    57    56    47    36   158    57   175    78   122   125    65   153    55    97   165    16    17   116   165   106    34    85    74   128   147   124   154   156    77   117   114   143    95    70   124    94    12    56   119   175    42   180   121   106    33    83   142    97   144   178   134   154    10    12   112     9     1    33    13   149   129   122   163    39   102     9    59    75     8   110    26   160    25   103   147   100   141    93    57   102   129   161    31   135     8   154   160    31   116    16    87   139    96   148    18   132    78    41    25   174   169   157   144    16    35   131    86    89    84    14   180   140    95    81   126   154    31    16    20    19   107    16   136   159   123   131   163    87   105    31   177    52    23    83    35    57   178   139     4    66    24   135     5    11   147   109   157   111    75   121    53    69    14   170    18   162   171   111   138   147     3     3    72   145     9   112   148   141    28   111   153    21   115    45    36   170   120    87    80   114    52   116    91   166     3   123   122    60     3   171   173    49 
   99    19   176   108   172     3    67   149    89    36   171    70   162   164    90    64   163   156    14   173   153    70   113    52    78   150   180   106    10   117    35   158   171     2    47    29    95    90    80    60    92   171    71   161   137    92   114    59    92    22    98    89    12   101    94   154    66    59    10    99   137    84    58    94    75   148    69     2   151    97    80   147   116    65    90    99   161   123   171   176    17   155   119    67    36   162     8   157   133    34   100    81    87    52    97   170   159    85    30   178     7   155     8   161    33   102    29     2   109    24    57   115   112    61     1   119    11   158    31    36    39    34    68    95   111   167   153    44   176   138   173   170   122    78   106   111    51   138   147    32   103    50   138    77    95   159   169   106    64     4    71    62    77     9    98   142   166     1   179    23    61    16    37    29    93   122    15   174    76   167   139     1    42    16   140   114     1    12    37   138    68   108    95   165    47    93    92   153   138    45    67   154   158   150    30   172    19   127   169   136    73   150   145    54    24    40    71    80    74   117   105    53     3   152    66     5   166    88     9    31   167    47   174   179    45   123   178    44   156    17   111     6    73   153   101    41   110    48    99    33    72   128    63   178    73    38    72     7    19    32    62   100    80   104   131    97    62   175    14   128   177    73    26    11   125   123    31   152   151    67    20    92   175   179   140    35    54   118    21     3   141   100   180   109    95   141    42    31   161    59     1   119   121     2   132   160   150   123   126    87   134   109    40    23    85   141   124    52   101   119   127    36    58   141   113     9   138     6     8   169    56    25    90   166   164   149   157    58     3    59    14    78   125    46     6    46    45    73   140    20    15    42    22   130    97    72    32     8   113   123   155    53    56   156   102   104   109    78     3   104    40   119   117    59   115    54    59   158    80    93   157     8   166   146    79   163   166    12   134    87    23   100    82   175   143   108     3    38   123    38    12   176    49   173    42    58    76   128   142    30   169    62   178   136   108    34   113    91   123   134   108    88   158    82   103    21    17   149    45    26    28   131    94    95   100   121   137    25    63    30   138    46   100   160    38    32   141   141   105   170    45     9    14   137   152    53    40   162   170   150   163    13   102   140   154    48    67    85    36    63    60   108    88    46   103    86     8   139    44   141   134     8    17   157    14   136   135    82   110    66   111   116   123    34   117    97   167    47     3    28    82    30    65    42    97    88    35    36    59   100   153    83   130    16   122    12    33    85    68    47   118    66    59    26    96    98   170   163    60    42    42   160   147   170    97   156    91   149    32    28    51    22    71   169   112    55    81    61    90   108   110    88    98   103   120    25    98   135    60    49    56    55   108   156   108    12   104    98    56   133     7   167   119    63   174    65   105    81   113     7    13    55   101    63   158   116   153   141   145   146   165    87    94   173    35    44   113    93    35    75   117     4    65    69    46    80   123   100    82   104 
  166   170     4   110    64    34    61   135    66   104    41   114   149    91    38   122    42    27    12    43    24    61    12    50   136    86    21   163     4    19    71   111   176    13   149     9    33   179   118   161    27    81    93   155     8   117   164    89    12   113    26    50     9   173    60    67     7    50   172    34   159   179    57   131    28   131   105   141   176    17   162    50     3    64   127   165   123   152     1   163   102    66   145    16     8    11   176    12   142   108    15    76    92    47   136    99    94    68    50   172   135    87   133    88   141    32   155   153    86   116    43   118    80    99   151    94     7    56    36   130   173    33    87   168   115   142    71   151    75   171    27   125    13   143   130    71   175   165    75    66    84   177   145    95    23    40    43    68    92   137    52    31   132   147     3    88    56    18   166    97   151    17   101   100    36   124    35    76    46    40    65   178    73   104   127    60   103    36   175    24   118   165   166   140   160   112   155     1     8   107   147    17   152    46    50    80   175    99   131    85   144    79    26   178     4   114   171    45   147    77   167   128    32    51   111    82   111    84   168    46    92   131   161    48    23   146    71   162   120   132    65   172    25   154    49   127   132   178    31   164   140   120   131    10    31   123    50   137   172   125   166    35    90    43   112   162    76   158    21   100   159    78   113   119    16   123    32   177   102   112     1   137    31   108   169   175    69    80   149    99   128    51   157   143    38    42    34   102    56    71   146   110    28    94    15   145    59   154    28    32   120    45   145    76   170    35   112   112    26    85   171   162    19   175   102    23   164    33   129   175    30    35    23    58    43   151     8    23   174    57   142   163    11   104     3    82     2    36    90    29    16   123   127   140    54    24   156   117    20    25   131   174    22   172     9    40     3   126    95    46    79   162   148    76    57    15   124    43    64    58    63   108     9    49    73   140    17   168     8   161    63   130   134   113    32   148   120    48   155    83   149    31   129   152   174   138    63    75   173   180    94    45   108   145    13    44   160   152   179    89   180   147    14    75    62   103   135    88    89    71   150   156   126   159   180    59   167   108    73    74   124   129   176   170    69    36   123   132   104   152    98   148    17    24    44    48    96     1    78    19    98   123    82    62    13   170    31     3   133   134   129   159    10    47    54   165    23   175   154    86   179   159   180    11   147    31   155    18   158    48    60   127   159    33    72    82    67    82   126   100   135     6   103     8   127    70    97    68   166   174   104   136    74   171   122    33    24    87    61   111    58    51   141    87   119    95   107     1    89    51    32     4   165   111    58   147    30    95   117    95   104   155   157    10   128    38    62    22    55    71   117    75   153    51    33   172   125   126   151   142    67   143    55    57   109    81   175   167    93     8     2     8   125    60    16   180   108    61    94    10    25   175    64    81   114    97    41   147    41   164    84    61    41    61    65    51     6    43    87   114   173    88   117   121   142   128    65    57   112    39 
  101    27    99    27   140   161    89    86   156    20   174    62    16   104    23   136     8    39    14   123    39   123   166    97     8    26   127    53     2    75    57    16   159   151     6    41    56    79    68    89    48    72   153    32    10    16    65   172    51   169   132    82    20   177   164   131   107   135   114   156    13    70    84    77   180     8   155    15    44    21   108    80   152     3   123    44   165    44   141    34    43   179   108    63    33   177    90    77   140   105   136    95    72   156    92    43    82   178   109     9   114   143    89    22    22   142   155    70    45    15   105    76   165   162   141   143    59    59    77    31    57    62    27   174   164    45    22    16   111    43    13   108    84   118   168   166   110    43   140   166   167   178   124    67   163   175    61    35    64   172   150    36   170    70   127   144    21   154    22    44     9    33     2   154     3    90    33   178    15   109   137    22    16   147    85   180    18   167    45   133   179   126   147   101    44   113    92   138    28    19   120   103    32   102    79   156   180    24    75   147    80     2    77    57    94   140    91   167   147   180   146   120    97   175   132   179   105   161    44    51   172   121    48   176    35    87   125    18   114    24    74    61    62   142   155   166   165   168    40   155    59   179   135   147   150    51   129    67    36   146    80   157   145    41   176    37   142    44   146    18    90    67    74   145    90   173    93    75   166     8   135   145    20   140   140    50    74    97    87    20   115    12   133    92   166   157   172    88   100    71    98   137   133    37   157   151    76   139   142    61   110    64    13   113    65    45    56    61    84   101   127    56   155   103   151   119   137    52   103    69   174   112    21   110    29   129    40    93   160    99   108   178   169   176   160     1     2    70   118     5    31   103    69    24   151    57     2    85   101    77    58   171   135   151   104    81   103   117     5    25   160    39    22    83    82    23   117    67   134     5    25   101    39    91    71    16   166    60    33   174    66   127    12    95   135    37   148    88    84   109    80    60   179    36    17   152    68    65   100   133    21    73   167    96     3   103     1   169     7    73    44    40    50    51   131   124    83   132   170    52    98    42    14   115    54    56   114   116    47    45   100    46   168   104    58   123    35    59   128    28    65    37    29   150   148    63   148    51    14   149    31   149    45   152    44    16   171    93    39   139     2    68    15    75   173   122    10     3   160    39    55    51    95   145    84   169    47   180   112   129   119   170   177    52    91    92    52    50   109   174    91   110   139    70    52   164    76    65   178    30   124   115    25   165    20    31     5   111   127   125   133    82    12   154   145   109   100   126   138   139   145   118   121    43    47   146   165   107    14   114    71    54   151   121   155    26    17   137    34     2    16    66   141    28    58   152    91    33   115   169   134    45   116     8   162    87    44   142    12   149   129    12   161    79   147    40    38    62   129    54   117   115   150    53   111    29    34    50   143   152    52   123    28    33     2     2   154    72    36    46   134   150   158   142    71   122    96   140   180    89 
   21    56     9   105   176   119    79   134   166    74    27   115    99    66   152   158   158   152    89   136     3    86   117    75   135    42    63   117    10   139    60    14    92    59    99     7    94   163    38   165    87    81   161   137    90    53   127     4   174    67   173   124   165   180    22   172    31    49    91   166   157    52    33   109   136    86   130    22    66    65    63   112   109    84   110    11    45    64    53    33   123   127   134    88    97    85   128   104    44   142    79    15    68    96   115    93   153    95    58    90   143    38   111    86    15    91   158    41   145    36    75    25   149    94    66     6    98   141    67   116    87   116   105    93   122    17   163    60   146   156    65   136    27   153   164   102   178   170   177     6     1   106    91   108   180     6    81    20   179    34   106   117    17    72    21    19   168   130    46   155    47   147    46    72    11    80    45    96    18   105    85   159    51   132    40    10    38   134    84   165   106   164    56    21   144    96    56    62    75   115    25    84   146    25   144    79    75    24    61   170   172    62    15   143    56   112   134    87    82    17   116   105    49    57   159    73   113   117     7   151   102   129    94   113    74   160   144    90    61    36    98   109   138   100    64    58    20    64    29   140     7    40   118    36    28    72    92    43   152    44   138   173    13    20    33    86   103    64   119   179    31   114    43    92   102    21   120    97   150   110   100    50    86   168   102    39   117   156    90    66   127    95   148    18     9    68   137    28    27   136   139    91   173    47    45    69   159    41    85    14    30   149    18    67   120    56     6   131   136   116    75    88    23    65   124   129   178    48    92    70   173   142    15    78    42   139    57   164    55   156   127   171   123    85    59   109   169   123    17    53   177   124   103     7    39   165   130    22   147   111   128   170   160   133   131    27     3    17    29   141   164     6   122    34   156    74   168    87   139   179   106   131   153   114   110    19   156   129    61   121    69   165     8   116     8   126    70   103   179   111   117   115    81   179    14   116   179    77    93    91   119    23   126    69   122   172   156    80   165    82   115   172    77   109    10   141     8    36    49    66   117   169   152   153    96   159    72    86    51    83    81    24   109    91   119   146    11   165   129    59    66   139    33     4   104    37   105   179    80    25    64   155    12   132   180   110   160   145    23   102    47   168    85   150    32    86   143    20   162    18   100   117    16   128    34   156    85   120    87    71   121   112   114    55   157    43    66    38    31    56   120     1   131     9   103   115   155    19    76    34   120    14    27    46    70    47   116   140    14   175    36   101    89   161   174   175    15    31    91    12   118    14   142    72   178    35   153    35   115   148   109    93   167   164   105   102    46   124    78    18    76    51    72     7    87    15   162    68    82    80   114    80   134    75    97    22    35    40    97    58    27   172    67    80    22    39   178   116   104   109    51    41   113   148    10    94   139   102   120    71    31     9   140    14    81    74   100    66   152   130    29   167    51    13   180   159   103   174   121    72 
  120    13    90     5    30    47    84   140    76    27    18   178    70    62     9   100    60   168    98    60   166   158    86    49    81   172    36   109   155   150    98    76     9   175    98    48   109     2   143    17   144    12    69    19   103   144   159    41   173   112    57    37     6   112    80     8   103   132    61    44   144    79    36   101   101    49    23   136    72   121    40   169    83   157    76    31   107     7    18   119   178    19   143   141    10   160   142   166    71   173    71    30   136   158    23    66   129    61   165     7   177    99    81   180    91   141    20    73   134     6    61     2    32   106   130    74   105    12    28   125    41    74   105    34   110   101   124    43   178   105   146    50    27    11   143    20   129    56    86    37   141   119   148     6    29    38   152    28    38   129     2    86    29   127   117   153   143    46    63    64    47    15    49    53    41    77   120    42    53    19   101   147    87     7   102   104    26    56    78     1    98    80   130   120    91    56   168    34   146    47   104    86   139   147    73    17   170   115   157    48   165   162   142   167   114   135   156   132   159     2   121    13    64    30    57     3   158    42    55    73   174   155    70   156    40    66    53     8    16   101    82   107    98    26    82   112    11   178    18    11   136    41   132    17    57    20    28    80    81    29    12    87   158    44     7    92   112    53   153    22   116   149    42   177    37   121    93   106    40    37   138    88   149   137    17    44    20   135   114   116   146   158   154   161    64   137    29   147   137    25   135    21   153   137   174    26    33   145    72    41    43     6   113   158    63   104   107   101    24     2    70   140   161   110   113    78    61   130   131   143    17    49   122   136   102     1   133    71   150   135    28   108    30    92   131   159   104   125    94   149    25   108   137   116    18    67    93    50    34    85    64    57    20    97   137    66    66     3    25    75    34   126   172   126   162    39   101    21   148    72    88    26    30   125   153    96   123    25   173   109    37    99   141    81    38     9    54   129   112   169    95    44   140   110   153    95   178   136    54     6   131     6    64   114   105    59    21    64   142   112   171    44   164   175    64    71    45    73   146    83    23    99     9    84    39    31   171    33   154   134   178   179   158     9   108   156    74   106    61    13   113    86   145    85   151   166   171    14    49     6     7   120   114   153   159   153   105   147   133    31   116   175    54    46   143   177    62   128   177    43    73    50    38    15   123    63    99    12    23    23    67    22    53    92    95   134    20   113   115     8    35    92    56    83   159    64    37   113   111    12     3   138    67   169    48    17    20    56    95    11    58   109    69   172    28    49   159    90   101   115    38   179   103     6    37    10   125    12    61   110    24     4    17    21    68    78    28   125    99   175   104   103    93    43    16    17    55    16    15   137     5   115    60   148    70     8   132    39   126    42    32    75    38    54   117   169   157   157    49    59     4   175    66    88   159   112    94   124   112    55     4   101   115    68     1    50   123   140    20   152     2   112   126   178     3    96    45   167     4    11 
   18   158   133   166    17   134    61     9   129   162   151   114    43   168   172   131    47    45   164    74    94    86   110    67    43   126    67     4   160    67   162   110    38   100   124   178     5     9    36    36   119    74    67    30   114    58   156    35     4    89   165    56   135    83    78   176    56   120    30    30   102   179    75    62     2   139    32     1   104    85    10    65   120    69   127   103   121   154    36     5    93   123    57    71    16   124    87    99    44    35    64    24    68    20    48   129     2    38   132    40   115   159   125    71   154    83   106    62   148    55   119   139    10   142   126   154   105    41    28    96   110    37   178   103   175    45    46    70    50   142   160    74   120   155    51    15    31   175   168   122   147   140    22     8     8   116   153   146    85   167   166    36   147   140     1    41   158   131   132   162   152    14    53    48    91    79    76    46   112   112    42     7   116   145    21   121   123    57    78   156    34   128    61    29    62    35    95    74    40   169    65    45   106     2   120   168   111   134    82   177     1    22   123   109    35    26   110    77   164    20    63     7    94    91   149    98    72   131   163   166    35    56   169    37   164   147   112    72   129   155   155    99    49   152    30    71    15    34   128    71     6   106   151   132   120   123   112   149   126    42    47   142   138   107     5   105   116   152    84    43   128   143    21    12     6   107    29    47    42   133    62   150   121   160    13    75   100    12    40    76    81   151   171    61     6   151    34   176   154    90    38    10    64    82   154    83    78    76    95   172    65    46    30     5    72    63    46   139   103    57     8    83    73    71   165    12    49    17    23    59    40   125   168   142    49   119    12    57   141   102    11   156    67   166    81   139    22   150    45   172     4    10    25    16    21   173    42   120    29   147   159   104   155    11    60    75    38   155    80   117   140    65   150   118    27    28   122   121   140    89    18    19    24   136     5   159   173   162   119    61    31   156   170   107   159   133    71   157   166    28     6   100   164   173   121   102    69   159    11   149   103   124   163   116    35    28    18   100   135   123    57    40    94   154   172   153   179    98    19   118    98   168   153    86    51   120    92   127    43   146    40    25   104   124    13     6   135   111   134   137    90    43   158    14    89     9   170    27   141     9   156    56    84     2   129    85   135   122   180   103   156    12     2    18   144   162    23    91    12    79   115    58    26   109    31   131   133    12    45   138   146    15   165   144     3    58   150     7     1     8    64     4    39    40    74   168    52    37   169    42   179   117     2    75   161   110   103   175    70    93   162   165   127    41   108    85    82   146   154   145    57    65    91    74    57   170    26    48    60   171   156   150    70    40   156    96   170     7   145    41   104   148     9    20   101    97    56    95    28    46    48    93    91     9   160    31    95   128     9   148    93    62   118    79    20    56   106    45    18    36   149   179    56    54   115   104   121   158    24   125   156   142    42   176   123    41    20    73    55    63    54     5    18    11   131    21   146   128    21    18 
   61    26    65    11   110   151    87    47   163    78    21     8    25    28    89    22   149   144    61    84   100    36    39     6    79    72    57    75    53    97    54    62     8    92   163    69   113   132   139    45   116    61    98   132    68    69   110    95    91   137    96    39   130   142   123    94    90    39    78    44     8   137   120    39    47   105   165   106    62   178   169    18    72     3   178     6     9   164   135    94   153    83   131   112   137    23   149    77   157   136   148    20    38   174    43    80   111     6   146    90    89    77   140    42   123   109    18   144    40     9    13    31   148    67    27   180     7     4   159     8    28   162   147    70    42    72   176   173    25    43   101     6   136    26    94   163   115    23    24    74   135    82    83    92   108    11    99    35   167    73    97    99    52     5    53   170    97   115    12   127    52   147   115    33    45   120    80   118   172   126   127   121    45    50    78   171     2    77    73    11    28   151    59   101    82    95    14   113    10   127   154    81   144   170   118   174    70   173    71    48   120   116    18    90   110    68   100    58    57     3   166    93   141   178    11   176    98   114   105    27    41    11   134    99    37   103   135   156   123    74    87   165   122    73    25    46    90   120   108    91    91    85    65     2    40     2   136    41    64   110    73    68    60   147    38    92   130   107   174    10    14   166   118   106   100    13    76    73   164   135   158    61    68   147   167    24   153    43    30   158     6    84   152    66   105   150   105    95    37   154    73   160   179    85    25    86     9     9    87    64   159    56   156   146   123    70    11   112    51    77    56   147    42     2   149     2    90   107    14   165    21   105   175     2    35   131   123    83    46     1     5    86   136    89   150   132   101    16   156    26   175   109    97    46   159    95     9    17    59   104   171   162   176    69    64    96    38    12   165   161   107   132     5   141    45   140    62   170     5    85     5   137   177    35    15   104    60    70    52   100   114    67   152    56   179   123   137   133    17    22    59    19    72    61   137    47    12   120   134    39   176    43   155    95    18    77   145   169   130   120   122   142    29   125    47   151    39    72    46   156    64    43    37    80    87   123     9    44    66   157    81    79   169   138   137   121   111   145   140   153    29    20    79   142    21   164   102    95    15   169    48    11   166   143   137   151   156   122   148   116    68   143    67   126     1    57   125   162    25   180    49    66   162   127   171   166    14    96   134   139    13   150   159   175    16    99   130   143    18     8    68    41    71    44    27   157   124   103    85    69    93    41    48     7   120     7     8   148   122    95    81   125   118   153     3    71    89   112    68   114    84    71    41   170   112   144    60   113    12    51   153   105    64    56    32    66    74   149    55     6    44    94   170   101    81    79   144    69    53    47    12   138   112   178   128   155    44    75   107    97    78   108   179    10   120     5   138   158    51   165   100    87    50   115   153    68    66    52   119   171    64    56   141   166    75    26     4    39   111    43    58    27   157   175   180    28   131    40    73   178 
   82    94    32    32   126    14    24    71    62   113    94   114    47    11    50    57   118    87    37    65    95   176    59    22    41    65   110   168    71    64    57   106    16   127   125    58   122    86    96    27    43   177   150   122   163    80   135    22   160    87   124    71   177    34    95    46    82   146    41    66    54    18    49    81   126   165    35    84    22   173    81   167     3   178   117   166    70    49    16   131     5   106   107   104   106   159    23   159   104     6   105   124    73    94    86   164   174    22   164   124    44    31    73    70   117   101    81    18   142   135    80   151    90   165    18    10    20     2    50    52   174    12   149    59   139   107   115   142    25   169   121   145   150    99    66   126    45    16    90    88    65   150   126    24   168    47   134    29   140    78    54   125    59    68    39   149   117   166   104   115   133   138    65    39   115   150    35    65   176   140   175    57   128   158    60   138    96   108   170     9    61   175   119   176     7   137    44    79   152   170    50    75   155    50    90   168    22    38    98    51   127    69    17   140    63    13   166    31   104    92    45    77   178   133    97    52     5    47   100   159    31   114     7   119   168   147    13   145   170     6   122    30    75    86   176   116    12   113    70    65   168    76    95    15   120    50    68    51    56    68   177   155   160     1    27     8   128   106    22    97    89    18    66    71   156    88    39   148    19    68   171    43    54    50    86   117    33   118   142     3    67    85   123    97    33   157   111   133   108    56    12    77   128    56   150    90   107    32    81    53    36    71   113   161    54    15    62   116    43   137    62   128    41    25   166    10   150    37   155    96   127    73   111    88   179    39    46   172   119   177    55   104    70   127    37    87    73   169    43    35    69   114   124   138    79    20    59    91    84   123   123    81    57    25     5    26    17    45   107    70    77   169    89    58    57    69   139    83    66   165   151   105    42   143    90    39   124   145    43    57    92    62    64    47    59    30    27     3   112    76    19     6    29    32    21   107    18    52   135   161    59   100     4    58    50     4    22   138    84    13   111   129   105   122    60     7   155    87   150   117    76    60   178    39    54    19    93   113   124    68    72    51   167   150   118   144   162   128   151    32   120    26     2    77    16    78    98   155   156     9    47   125    23    86     3   146   132   177   178    70    82   128    67    69    66    64    53   129   125   134   167    62    57   113     7   162    46    76    42   149   154   152   160    22    81   169   168   163    26   155    28    71   103    83    57    26   148   131    77    67    50    59   131   168   108   118    70   130   113   167    98    10    74   104    71    13    17   116   138    24   168    56    62   151    54    35   102   154   160    23    63    74   162   169   143    88   159   178    83   138    75    69    31    11    69   156   115    10   142   123   154    68   161    76    82   135    52     6    20   105   148   153    62   178   135    64    60    55   175    56   137   134   162    51     3    76   119    95   146    56    88    78    19    52    69    45   129   105    84    39    36   180   121   147   128    42    40    69   169   128 
   42    48    86    22    98    59    39   135    85    93    33    52   156   179   148   141    48   156    82    47    25    25    22   116   171   167    73    73    25    58   124   114   102    81   167   161   139    69    69    81    50    90    88    39    44   112    39    13   127   140   128    27   141   113    85    67   163    81   164    11   159    50    77   139   125    82   100    67     5   119   126    13    60    29    48   110    83   148    82    78   176    82     6    78   103    69    75    72   135    14   150   152   122    32    12    24   152   132    77   155   127    79    16    99    33   155   150   168   101    15    78    59   126    43    30   134    44    15   149     4    19    89   173    20    93   172   150     4    49   162    62   151   161     1    40    46   177   139    36    31    18    39    81     7    58    59     6    88    66    91    49   150    11    49    27    61    21    48    35   158   141    30   180   147   176   139    80    67    37   157    51    86   130   143    40    56   161    40   142    60   147    80   123    39   110    85   113    41   134    93     8   129    18   118   171   141   134    75   159    31   151   178    77    98    24    62   171   125    77    10    22   147    73   152    72   134    45   143    92   101    92   153    99    24    34   142    56   155    83     4   163    70    33   135    86    37   134   145   172    91    53    70   124   119    97   177     6    10   132   100   143    11    98   143    49    93    10   147    84   132    16   104    62   108   149    55   101   144    29   125    86   123   146    22    43   106     7   156    25    90   166    68    42    20    15    43     9   159   128   175    83    64     1    21    16   135   159    11   137     6    61    40   172    60    86    26    81    78   162   122   121    18   144   126    26    35   145   104   159    72    60    27    38    41    84    36   113   180     6   136   167    38    18   154   127    46    38    90   121   140    96    36   156    92    75     9   142    60    55    81   168   162    73    28    31   152   132   157    13   140    24    26   118   168    65   121     5    81    47    33   166    80    51    53   147   148    36    13    39   160    89    53    23    51    78   151    11   133   121     8    62   130    79    77   148   153   163    85    59    64    55    52    38    27   112    18   126    67   113    32     1   101   173   173    45   140    82   169   165    55   150    52    79    24    54    93    26     9    34    94   173     3   108    73     1   169    12   148   160   116    84   177    16    73    15   100    65    44    50   132   132   143   175   139    97   146   145    90    74    65    14     6   178   166   119   146   101   121    65   134   144    55    79   165    48    58    70    29   126    59   132   174    22    71   107    68     7   140    75     9     8   128    25    90    70   138    22    40    90    17    45    98    58   143   137   169   155   146    17   155    33   151   121    47     7   118   165    36    60   123   133   135   156   116   178    36    48    47   144   128   138   138   114   138   175    76    42    63    10   123    68    51    30    59   111    50   119   112    28    58     4    92   124   103    96   119   117    80    57   141   117    89    20    37    76    61   162    86    98   114    89    69   171   175    24   138    64    16   142    50    30    78   126     6    81    70    91    87   121   153    82   127    99   104   155    44    81    80     2   107 
   42   146   139    60   125    39   180   129    11    89   175    99   116    92   136   177   109    10    44   121    21    18   105   106   143    38    58   118   159    49    16    67   148   111   179   173    38   161   121   154    31   120   168    63    15    72    98   165    76   169   120   123   155     3    96    32    59   129   169    61   168    74   119     2    93    97   117   167    51    67     9   172    95     2   112    22     4   121   121    87    30   155    47   170    87   117    36   120    96    67    75   145    74    82    77   145    63   113    67   138   113    39    26    19    83    20    10   149    81    76   157   138     4   166   105    15     4   113   112   110    46   159    25   154    72    65   113    39   103    77    51    43     1    99    54    10   108    22   171    74    19   104   141   173   139   119   175   167   157    97    31   153    30    84   147    14    10    78    29    40    13    24    77    60    64    60    99   106    77   134    85    87   139    86    21    46   122   147    28   179     9    22    96    13   107    36    15    42   167    12   156     4    35    31   179    30   118    47   169    40    54   143   118    90   124   127   114    39    17   102    33   175   103    68    39   120   172    22   168   150     9   120    55    88   174   155   104    31   133    52    96    72    72    64    77    84    51    31    92    21    63    47   104   150    38   110     1    97    48    96   160    26    77    49   177   161    61    48   161    41    33   138   175    31   136   178    76   152    23    41    38   121    67    35    63   168   122   101    23     7   154   137    88   157    34   174    23   102   114   157    69   170    41    79    38   127   133     6    43   117   160   154    52    27    74    99   154   171   152    15    80    51   135   115    66   135    27    10    44    32    64   111    90   126   128   101   147    40    63    35   103    81   119     4   108   167   101   132     1    83    79   178   165   127    23   125    86    72   134    76   120    14    23    34   141   132   145    36    63    81   106     8    48   176   124   157    65   134   157    71   113    32   170   159   127    16    77     2   153    19    55     1   149   147     7   134   141    53    97   129    27     1   110   163   129   147    56    16   101   146    62    56    91     9    71    91    18    42    69    80    46    44    59   147    92    71   151    98    71   153   157   107   130   141    64   115    15    97    52    60    62    33    49   146    77    12    76   134    92    88    28   166    83    26   122    84    93   177   104   122   129     4   171    53    86   122   110   101   145    90    53   160   178    97    85   171    79    31    17    92    74   107    59    39   149   140   162    98   101   167   151     1   149    22    79    54    38   118   115    82   141   133    40   145    15    11     6    24   106     7    78   170    95    80   129   128    68   151   131    43    87    26   150   111    38   146     8   160    43    67   149   105    91    67   136    65   108   109    12   118   109    57   106   158   164   114   171    16   124    41   139   171   119   131   168    73    58   122   127    13   143   127   127   155   172   170     8   166    60     4   101   170    81    79   119   106   171   174    28    78    22   105   114    11    32   120   179     9    48   119   165   171    59   109   102   132    11   168   105    35    87    37   124    34   169   157    69    58    86    79 
  126     4    82   137    18   119    58   135   172   100   159     3    68    16   142    94    34   178   122   113    89     3   120   119    14   152   125   124    84    29    25    26    48    57   158   111   147    76    29   170   106     3   137   175   104    68    81   130   154   126    16   139     2    51   172   180   172    91   160   105    27    19   100   132   102   102    32   156    52   133   170    28     5    67   118    87   178    90    21   143    78    42   151   152    62    77    76   154    54    13    43    79    10    41   141   177    28   171    92    86    35    74    89    67    65   160    39    66   161   102   119    92    49    36    74     3   112    89    98    47    57    36   145    98    41     6   134    36    91    36     5    88    80    10   158     3   175    47    66    54    17   112   135    94   176    85   143   128    19   146    39    24    86    66    71   145   149    17    36   114    26     4   118    68   139   103    77    75    74    73     2     5   174    98   155   105   132   138    37   178    97    65     9   123    99    79    65   155   128    80   180   131   137    28   149   180   155    19    11    33    89   159    74   176   178    49   154    78     4   148    42    46    94   170    50   143    79    78    37    87   151    19   177    63   107    18    30    47   148    42   137   138   153   102    27    66    39    96     9   105   158    82   129   116   157    52    85   176   141    58    47   179    71    69     9   141    88    80   160   145   148   124   130    95   110    20     4   149    29   154   112    25   165    75   124    20   130     5    61    31    16    57     3    81   161    77   167    63   136   143   170    70     2    60    57   129    89    98     8     7    31   154    32    95    11    49   110   169    20   162     8   157    73   162    66   112    78   157     4   103   112    70    85    13   121    24   178    24     8    49    22    63   120   144   145    65   134     1    70    96   177   177    18   137   101   176    58   132   165    48   105    24    75    18   170   161    19    58   168   178    20     6   173    13    68   171   123   155   148   173    98    43    43    61     4    94   104     8   124   157   112    26    43   100   175    83   159    10    92    66    84    78   118   103   110    73    76   120     8    98    84    20    10    65     9    33    20    98    54    22    54   145   147    55   156   134   103   164    66   158   158    81     2    96     3    50   153   130    42   177   125   124   143   106   132    57    71    72   100   110    99   164   173    75   173   115   105    18     9    62   150    44   169   119   173    52    78   112   126   173    43     2   178    34    29    45    48    21    35    38   142    14   127    27    12    46   106    12   174    25   157    73   127   125    83   137     2     7   164    58    40   155    34    70   139     4    56    40   108   105    37    61   120    86   116     9   160    87   122    73   145    31    90   110   121    34     2    72    62    49   124   105     6   130   147    64   146    44    96   160   157   154    10    84   147    94   103   122    85    42   161   144    78   148    55    80    65   157    12   174   151    85    45    59     9   103   114    79    50   174    91     6    26    92   105   135    70    23    30    74    43   101    32    55   116    83    94    50    43    40    43    59    26    37   127    24    35    92   167    76    39    52    15    48    62   122    95   157    25    41 
 0.00  0.32  0.21  0.30  0.34  0.21  0.23  0.20  0.21  0.39  0.27  0.31  0.30  0.35  0.20  0.30  0.36  0.34  0.38  0.27 
 0.32  0.00  0.21  0.32  0.22  0.22  0.26  0.23  0.30  0.33  0.23  0.28  0.22  0.26  0.26  0.34  0.31  0.38  0.38  0.30 
 0.21  0.21  0.00  0.24  0.37  0.21  0.27  0.27  0.36  0.35  0.30  0.29  0.34  0.33  0.38  0.37  0.34  0.21  0.31  0.32 
 0.30  0.32  0.24  0.00  0.23  0.39  0.39  0.23  0.33  0.31  0.38  0.37  0.38  0.40  0.26  0.39  0.35  0.39  0.23  0.25 
 0.34  0.22  0.37  0.23  0.00  0.28  0.22  0.39  0.25  0.34  0.40  0.31  0.31  0.35  0.21  0.35  0.23  0.28  0.39  0.29 
 0.21  0.22  0.21  0.39  0.28  0.00  0.34  0.31  0.30  0.33  0.26  0.22  0.22  0.23  0.27  0.29  0.38  0.22  0.34  0.34 
 0.23  0.26  0.27  0.39  0.22  0.34  0.00  0.37  0.28  0.22  0.32  0.34  0.36  0.32  0.32  0.31  0.23  0.22  0.24  0.22 
 0.20  0.23  0.27  0.23  0.39  0.31  0.37  0.00  0.36  0.32  0.28  0.39  0.35  0.37  0.28  0.29  0.21  0.21  0.23  0.29 
 0.21  0.30  0.36  0.33  0.25  0.30  0.28  0.36  0.00  0.25  0.26  0.33  0.32  0.29  0.22  0.33  0.38  0.34  0.38  0.23 
 0.39  0.33  0.35  0.31  0.34  0.33  0.22  0.32  0.25  0.00  0.27  0.39  0.24  0.21  0.39  0.38  0.25  0.33  0.27  0.40 
 0.27  0.23  0.30  0.38  0.40  0.26  0.32  0.28  0.26  0.27  0.00  0.34  0.27  0.26  0.26  0.29  0.33  0.34  0.31  0.34 
 0.31  0.28  0.29  0.37  0.31  0.22  0.34  0.39  0.33  0.39  0.34  0.00  0.36  0.33  0.24  0.20  0.32  0.36  0.24  0.35 
 0.30  0.22  0.34  0.38  0.31  0.22  0.36  0.35  0.32  0.24  0.27  0.36  0.00  0.36  0.31  0.20  0.28  0.34  0.23  0.20 
 0.35  0.26  0.33  0.40  0.35  0.23  0.32  0.37  0.29  0.21  0.26  0.33  0.36  0.00  0.23  0.23  0.31  0.31  0.28  0.23 
 0.20  0.26  0.38  0.26  0.21  0.27  0.32  0.28  0.22  0.39  0.26  0.24  0.31  0.23  0.00  0.30  0.25  0.37  0.40  0.26 
 0.30  0.34  0.37  0.39  0.35  0.29  0.31  0.29  0.33  0.38  0.29  0.20  0.20  0.23  0.30  0.00  0.20  0.28  0.28  0.22 
 0.36  0.31  0.34  0.35  0.23  0.38  0.23  0.21  0.38  0.25  0.33  0.32  0.28  0.31  0.25  0.20  0.00  0.38  0.28  0.34 
 0.34  0.38  0.21  0.39  0.28  0.22  0.22  0.21  0.34  0.33  0.34  0.36  0.34  0.31  0.37  0.28  0.38  0.00  0.37  0.24 
 0.38  0.38  0.31  0.23  0.39  0.34  0.24  0.23  0.38  0.27  0.31  0.24  0.23  0.28  0.40  0.28  0.28  0.37  0.00  0.22 
 0.27  0.30  0.32  0.25  0.29  0.34  0.22  0.29  0.23  0.40  0.34  0.35  0.20  0.23  0.26  0.22  0.34  0.24  0.22  0.00 
