90 12
2
     23637
     25915
  2.9  41.2 320.5   2.0
  1.7  39.3 153.8   2.2
  2.6  47.6 216.9   2.4
  4.2  10.4 940.3   2.1
  3.0  40.2 252.9   2.4
  4.5  15.0 192.2   2.4
  3.9  48.9 900.1   2.2
  3.2  39.7 116.4   1.6
  1.5  20.6 933.9   1.8
  2.0  12.0 471.2   1.8
  3.3  15.0 909.3   1.9
  2.8  15.4 936.1   1.7
  2.3  12.8 443.5   1.9
  1.1  36.7 354.1   2.4
  2.8  41.7 411.4   2.3
  3.7  21.0 320.9   1.7
  1.4  38.4 522.9   2.2
  1.6  20.3 798.4   2.2
  2.1  16.1 912.0   1.6
  4.0  41.0 592.7   1.5
  2.2  41.4 374.0   1.7
  2.4  47.2  53.6   2.4
  4.4  16.8 536.1   2.1
  2.6  25.0 154.7   1.9
  3.5  37.5 433.1   2.1
  1.3  48.8 941.7   1.5
  1.2  27.1 631.5   1.5
  2.6  30.9 922.4   1.9
  4.9  14.1 194.4   2.4
  3.6  42.5 147.7   2.3
  4.4  49.6 329.3   1.7
  3.3  14.0 753.2   2.1
  3.4  42.0 680.6   2.0
  2.7  23.9 210.4   2.5
  2.7  11.9 937.2   1.6
  3.2  13.0 845.5   2.5
  2.9  37.0 892.5   2.0
  3.3  11.2 572.4   1.6
  1.3  14.8 447.5   2.1
  2.4  36.1 829.2   1.8
  2.1  25.8 346.0   2.3
  4.0  28.1 748.6   1.8
  2.6  13.9 881.0   2.1
  4.6  32.9 607.7   2.2
  3.7  14.3  95.9   2.2
  1.4  29.4 656.0   1.9
  1.7  27.2  68.7   2.3
  3.3  43.0 101.3   2.1
  3.6  11.2 720.3   2.1
  4.0  27.9 806.7   2.3
  1.8  48.7 829.5   1.7
  1.4  28.6 585.7   2.1
  2.3  26.1 232.9   1.8
  3.8  18.1 516.9   2.3
  3.3  22.4 597.9   2.4
  2.7  16.1 174.3   1.9
  5.0  21.7 767.5   1.9
  2.6  27.1 898.0   2.0
  1.3  21.4 253.4   2.0
  4.9  35.4 494.6   1.6
  4.6  44.8 667.9   2.4
  1.4  15.8 430.7   2.4
  1.3  22.2 694.7   2.0
  4.9  23.6 791.9   2.0
  3.2  46.3 175.4   2.1
  3.3  29.8 844.8   1.9
  3.3  27.0 125.0   2.1
  2.9  17.7 589.9   2.1
  1.4  22.9 314.5   2.5
  3.6  35.9 745.2   1.8
  3.5  44.7 766.0   2.4
  3.8  29.5  64.7   1.5
  1.0  46.2 817.8   1.9
  4.1  31.1 340.1   1.5
  1.1  23.4 946.8   1.9
  4.0  14.4 628.5   2.4
  1.2  26.7 716.8   2.1
  2.3  37.2 639.9   1.7
  2.9  41.8 172.9   2.5
  2.7  33.9 384.1   1.8
  1.2  15.0 857.9   1.8
  4.6  30.5 451.8   2.2
  1.6  27.5 413.7   2.1
  3.6  24.5 624.7   2.0
  2.9  13.7 788.9   1.7
  2.8  12.6 487.2   2.0
  3.7  14.3 257.6   2.0
  3.6  39.9 107.0   2.0
  3.8  31.1 769.6   2.5
  2.0  17.6 850.0   1.7
  1.6  17.5 921.9   2.3
  2.5  16.9 807.4   1.8
  3.6  14.3 353.2   1.8
  2.1  24.6 233.5   1.5
  2.4  30.9 128.4   2.0
  4.7  19.7 933.3   1.8
  3.7  24.1 275.0   2.2
  1.4  28.4 110.0   2.1
  1.1  30.6 387.3   1.9
  4.5  42.5 228.9   1.7
  3.4  44.7 180.6   2.0
  4.4  14.1 765.3   2.2
  4.5  14.5 453.4   1.6
  4.8  13.7 487.7   2.2
  2.2  46.7 405.7   1.5
  1.3  14.1 824.1   2.2
  4.5  25.2 812.8   2.1
  1.6  40.4 399.5   2.2
  3.1  39.9 353.7   2.4
  3.7  27.0 909.4   2.3
  1.2  41.3  69.8   1.8
  3.1  31.0 839.4   2.3
  3.9  13.6 430.3   2.0
  1.2  18.8 541.7   1.9
  3.6  13.6 602.3   2.0
  4.3  20.5  67.3   2.1
  4.5  21.7 486.7   1.7
  4.9  14.6 255.8   2.5
  4.7  20.6 882.9   1.7
  2.0  16.8 489.5   2.5
  4.4  26.3 789.4   1.7
  2.1  36.2 137.6   1.8
  1.9  20.7 765.0   1.7
  3.7  24.4 615.2   1.5
  4.2  46.2 170.4   2.0
  1.4  39.8 642.2   1.7
  2.1  27.1 428.7   1.9
  4.5  27.0 112.4   1.6
  3.5  26.4 116.0   2.0
  4.2  33.6 212.3   1.9
  4.9  34.5 148.7   2.0
  1.3  18.3 929.0   1.9
  3.3  12.1 334.0   1.6
  2.6  42.9 238.0   1.7
  4.1  43.1 188.6   2.0
  4.9  25.9 902.8   2.3
  1.5  10.2 533.4   1.8
  4.4  11.7 263.7   1.6
  2.0  28.5 431.0   1.5
  4.9  38.6 562.5   1.5
  2.9  29.8 151.0   1.9
  1.7  15.2 632.1   1.9
  4.8  35.5 553.2   1.6
  4.3  11.9 805.6   2.1
  2.7  37.4 613.8   1.7
  3.4  10.7  85.4   1.8
  4.5  49.1 170.7   1.9
  3.6  45.4 533.7   1.7
  2.7  18.1 522.9   2.5
  1.2  21.1 483.8   2.4
  4.4  22.2 275.1   2.2
  1.8  30.3 795.8   2.2
  2.5  47.6 412.3   1.9
  3.8  22.9 785.0   1.6
  4.3  37.4 721.6   2.5
  2.8  22.1 584.4   2.4
  4.5  46.7 694.3   2.2
  2.7  35.1 749.2   1.9
  2.4  44.5  53.5   1.6
  4.4  25.6 443.5   1.8
  3.2  28.7 563.8   1.6
  1.9  33.8 859.5   2.2
  3.3  10.1 752.8   2.3
  3.8  25.6 680.7   2.2
  2.4  32.2 877.3   2.1
  3.1  15.0 778.5   2.3
  5.0  43.2 258.6   2.0
  3.5  25.4 147.4   1.6
  4.0  30.6 100.6   2.4
  2.4  19.2 923.9   2.4
  1.2  15.8 156.2   1.8
  2.4  19.5 560.9   2.5
  4.4  21.1 776.0   1.8
  1.9  38.3 270.1   2.0
  4.8  40.3 415.0   2.4
  2.8  45.1 675.4   2.2
  3.6  23.9 214.2   2.2
  2.0  28.5 475.7   2.1
  3.1  30.1 103.3   2.1
  1.7  20.5 656.3   2.3
  0.2   0.3   0.3   0.4   0.2   0.3   0.4   0.3   0.3   0.4   0.4   0.4   0.4   0.4   0.2   0.4   0.4   0.3   0.4   0.4   0.2   0.4   0.3   0.2   0.4   0.3   0.3   0.3   0.4   0.3   0.2   0.3   0.3   0.4   0.3   0.3   0.3   0.3   0.3   0.3   0.3   0.3   0.3   0.3   0.3   0.3   0.3   0.4   0.3   0.3   0.3   0.4   0.2   0.3   0.3   0.4   0.4   0.3   0.3   0.4   0.2   0.3   0.4   0.3   0.3   0.2   0.4   0.4   0.3   0.4   0.2   0.4   0.2   0.3   0.3   0.2   0.4   0.4   0.2   0.2   0.4   0.3   0.3   0.4   0.3   0.3   0.4   0.3   0.4   0.3   0.3   0.2   0.3   0.2   0.4   0.2   0.3   0.3   0.2   0.2   0.3   0.3   0.4   0.4   0.4   0.3   0.3   0.3   0.3   0.4   0.2   0.4   0.3   0.3   0.4   0.3   0.3   0.3   0.3   0.3   0.3   0.3   0.3   0.3   0.3   0.4   0.3   0.3   0.3   0.3   0.3   0.3   0.3   0.2   0.4   0.2   0.2   0.4   0.3   0.3   0.3   0.3   0.3   0.4   0.3   0.4   0.3   0.4   0.2   0.4   0.2   0.3   0.3   0.3   0.3   0.2   0.2   0.4   0.3   0.3   0.2   0.3   0.2   0.3   0.4   0.3   0.2   0.3   0.4   0.3   0.4   0.3   0.3   0.4   0.2   0.3   0.4   0.3   0.3   0.4 
    1    53   166   137     5   146    38    31   100    48    60    86   180    47    26   113     2    91    11    32   130    24   173    90    24    69     7    99   146   114   125   107   133   162   113   176   102   175   101   136   176    15    42    76   147    93    28   157    39   149   136   175    70   164    76   135    37   168    24   143    64     1     7   167    37   173    97    93   111   148   177   123    99     1   135    49    83    56   121    73   101    59   173    87   119    98    30    43   105   145   173    96    86    25    64   114    36   170   178    24    11    96   133   157     4    23    20   166   136   109    92    98   111   120    91    43    70   125    35   134   178   171    62    10   162   177   157    36    84    37   173   104    11    74   119    11   172   101    84    38   162    83    46   134    11   166    66    65   177    99   144   178   151   134   158    28   163   145   114   173    51    83    75    35    25   141   172   156   157    64     1    63     5    29   174     6    42   105    38    18 
   47    69   159   129    51    66    21    35    44   131    76   147   133   128   122   175   154    46   106   119   102   160   118    40   121   169    90    71   169   159    64   140   144   121    14   177   119    93   175    32    35    91   101    72   101    60    22   170    83   156    66    90   107   102   166   154   102    31   157   172   115    23   151    67    39    93   131   147   134   127    42    89   147   156    55    31    71   129   125   101    23    39    94   118   111   142    25     1   141    27    68    96    73    64    74   157    86    54    70   122   154     4   172   129    88    47    14    75    43    93   165   162    18   177   163   153    85    78    73    16     8    50    99   167   127    20   115   129   157   150   143   151    20    61   166    21    69    56   135   106   126    97     4    89    72   121    64    58   172    56   166    28    73   159   164    75   141    22    61   100   128    33    14   136   149    40    53     7     2   148   119    41     4    67     7   141   164   102    24    18 
   31    25    93    25   143    22   153     7    39   104    90    75    87   128   170    61    52    74   116   134    31    49    77    77    49    13   107    95   172   152   158    24     1   113     9   180   167    25    29   165    32   172     3    56    98   125   180    85    51   110   180    61    45   176   146    12   146    32   163     6    33   145    56    61    16   111    44   124    37    86    81     7   153   167   174    74    30   175   101   127    77   138   165   124    64    34   118   126   121    92    86   166   113   110    24   137   108   171   149    62   146    87   121   100    77   177    95    18    48    98     3   159    38   179    66     4   133    41   140    63   119    46    46   139    11   179     9    87   114   153   146    33     7   117    44   152   179    54   113    22    41    13    74    60    31    65   102    96   148     3    27   171    16    64    67   150   178    89   161    80    89    19     3    61    54    60    46    49   113   116   106   143    39    86    60    49    42   170   112    72 
   98   177   155   161   166   136   127   122   133    82   161   153   161   162   180    11    32    39   170    17    47   140    39    74    32    80   108    29   167   107   150    27   129   160    58     3    47    87    76    91    71   157   159   162    27    88    15    97   100   152    55   174    26     9   112   115   112    73    69   175    89    47   166    61    45    51    64   117   154   110   161    72   120   140    29   125    79    28   180   159    79   109    49    88    14    86    95    38   128    73   169    34    44    53    30    10   143    52   146    53    50    50     1   136   146   143   106   123    76     2    29    94    15   168    40    74    10   154   124    10    98    54   173   108   161    44   155    14    10   102    42    71    44   110    81   144    96    38    46   121    62   122   178   137    93    45   113   155   113    10   148    61    14    57   139   158    10     4   129     5   100    49    86   108    70    90   116     9    74    48    64   102   180   124   126   156    66    32   129   122 
  130    66   153   142    60    48    29   111   117   154    86   111    85   112   121   156    74   145    35   124   120    32   172    42   138   107    90   171   103     7    15     1   152   109    52   122   174   104   128   152   162    62    73   144    21    69   139    21    16    62    25   127   162    21    17    61   107    46   125    67    71    24    82   114   110   160   160   141    86   147   171   150    95   154   178   177   173   167   175    42    78    44    26     3   149   106   110    20    70     1    59   157   178   157    80    76    95   160    80   131   128    74   118    82   142    35     8     9   126    43    16    97    64    49   178    72   169    38   159   135   164    20    54   102    68    53    47     9   151    42    80    81   101    74    22   152    62   178   172    66    76    72   159    44   163    60    98    64    72   175    51   110   129   178   141    51    20    99   120    46     8    72    76    38   110    79   129    46    74    48    68   164    79    16    19    24    10    86    21    19 
  175    81    82   166    30    90    87   125   170    52    66   118   158   140    57   180    38    99    27   115    23    87    77     7   168    56   114    15   138   124   172     2   118    16    72    75    43   167   152   178   118   115    24    16    46    45    24   139   161    59   155    59   117    76    25    60     4    97     8   112     7    43   117   180   139    44   139   144    59   105    51    21    89    13     1    76    24   177    46   162   151    59   126    55    35   156    24     9    37    19   141    52    80   100    46    18    51    61     2    38   151    28   161    79    83   160    62    35    36    44   115    67    13     3    42    19   103    60   172    55    35    85   153    93    58    26    30   165    31   126   145   152   163   104    54   175    43   122   173    91    27    61   117   107   105    65   112   154    30   144   108    60    69   162   105     1    89   117    10   121    53    82   127   131    21   147    53    39   161    47    76   168    39    43   143    32    52     2    25    83 
   33   179   173   127   101   132    51    56    84   152   164    26    43   131    80   129   110   115    64   132   104    84   116   141    11    54    65    90    80    63    94   132    50    35   165     1   102   130   163     6   105   166     2   149    99    69    82    81    81   114   169   146   132   141   145    70    13   110    78    25    56    92    24    92    97    81    74    10     3   154   177   146   122    93    99    26    28    67   166   133    41    33    27    86    77    77    69    71    19   127   111    85    78   125   175   126   173    94    88   170    86   112    71    32   160     2   109   119    36    60   120    58    14    75    91    62    33   100    49    84   125    31     3   133   106    80    99   147   110   119    72    30   117     6   174    90   151    71   101    62    99   162    30    77   107    53   178    76   144    73   151   141    48    54   126   121    78   135    22   130   164    42   109    52   130    73   139    38    27   126    94   138    43    63    70   112    82   117   118   155 
   14    80    71    78   159    74    46   172   105   179    60   166    87   150    34   159    85    85    83   104    40    45   160    88     4    30     7    93    46    12    11   141    65   145    20    60    85   149   141    31    44    82    74    33   151    99   103   138    18    94   115   119    79   119    47   165     8    11    21     6    27   168   137    86   155   155    79   129    92   177   164    92   131   107   103   156   120   137    97    85   176   149    20   129   142    91   116   142   129   167   104     1   112   180    86   143    76    80    66    48   177   115   101    64   163    77    79    47   135   113    87     8   163   164   133    68   149   161    36   105   150    15    12    86   152    82    79    97    68   108    32    95    86   167    20    61    66    36    59    99    26   145    71   150    64    30   139     1   148    66   175    77   114    55    17    84    64    71    54   133   163   149    88   161    46   166   160    85   158   142   133   168    34   114   177   114     7   153    39    86 
   64   159    22    97   151    99   170    81     5    62   102    36   111    82    34    82     5   113   113    44    37    98   133   149   167    53     4    42   151   116   156    43     4    15   167    28   137    62   115    73   139   128    97    73   158    79   116    72    80   100    81    59   116   116    69    86    89   175   171    35    17    10   143    68   169   167   124   164    91    20   165   160   168    28    54   113    51    76    91   111   148    12    44   120    31     3   103   159    51   103   130   154   142    89   145    37   146   179     8   142    11   175    70    70    90    48   176    76    25    59    67   170   144    57    75    29    33    18    78    35    96    18     3   100    12   139    66    70    48   120    43   145    29   146    29   152   143    22    73   103   135   132   140     1   171   100    75   109    47    53   124   164   149    29    38   121     2    10   180   167   112     3   167   101    84   180   159   114    17    97    50    85    30   152   173    49    59    71    14    69 
  160    69    49    70   128    97   174   114    70    72    56     5   149     5    52    42    31    34   153    79    24     8     6    61   150    68    44    95   177   148     6   120    55    33   146    33    91    54   172    35   134   111   159    89   155   126    95   120   141   134   169    15     3    59    27    25   168   148   129    85    82    76   177   102   157   140    48    19   122    85   156    98     3    77    74    10   123    40    73   106    74    83   108   178    35   134   116    93    59    60   137   147    86    21   176    17    90    76    93   117    74    11   178    64   150    54   159    44   139     8    88    11   170    26    58   132    11   160    85   139   150    65   147   100   146   179   159   127    97    96    62   101    58   125    88    12    61    98    27    72    41   151    90   116    80   146    56    77    34    51   116   169    83    73   108    92    77   152   172    96    24    23   111   120   173   171    87    83   178    36   105   106    85   142    80    59   164   138   178   144 
   74    24   151    19    31   146    15    10    92   139   165    38    22   104    76    32    96    89    53   154   122    27    34   141    45   160   130   149    49   126     9    30     9    48    26   100    74   109   128    68    90   180    82     1   105   150   152    89    83    56   115   172    39    58    73   103   123    50   149   118    53    98    73    53   144    31    66   119    14     9    28    54    57    67    78    77   132   176    65   165    40   121   157    91    43    10    53    40    22    15    91    66    16   147   156   123   109   148   165    24   101    33   168   132    47    37    25   159    21   164   111   169    25    99   178    18    94   152   133    31   104   156   172   128   147   170   124    99    37    47   106    46    66   167   143    58    17    58     5   149    70    34    85   166     1   155   172    67   129    27    72   152   179   141   148    81    21    21   157    73    14   156   155   154    56    56    97   166     2   111    11    35   139   166   106    53    28    62    59    23 
  150    57   122   175    58    27   135    50    24    68    53    70   166    89   175   127    85   142    90    46     9   146    22   102   107   110    40    13   101    72    63   122   157   124   164    83    74    89    69    59    31   158   144    39   128    79   145   179   101    78   175    47     9   152   125   155    67   144   150     4   157   106   118    70   157    77    17    80   126     7    74   171   158    32    82    68    77   108    27    30     1    98    65    40     7   175     2    76    55   158   122    18   122    79   124   109   144   139     6   138    26    62   101   114    92   123   171   117   118   117    40    45   162   135   147    67    76     6   118   141   130    15   103   165   153   111    55   161    85   136    91    34   147    48    80    53   174    89    26    54    82     7    81   129   150   138   120     8    89   175     4   174   171    74    38   135     1    22   128    80   128   132   165   162     7   123   177    72   116   143    79   168    34    68    94   112    10   146   150     4 
 0.00  0.20 
 0.20  0.00 
