120 12
6
     33579
     34622
     32701
     33202
     31654
     31384
  4.0  17.7 868.3   1.6
  2.3  35.9 839.9   2.4
  4.1  31.8 851.2   1.7
  4.6  27.3  72.5   2.3
  3.4  10.9 823.1   2.0
  4.1  22.9 563.8   2.2
  1.9  45.9 487.4   2.0
  3.6  30.5 445.9   2.3
  4.4  23.4 938.9   2.3
  2.4  48.7 494.7   1.8
  3.4  10.3 145.5   1.7
  3.6  46.6 415.3   2.2
  4.3  17.3 654.9   2.1
  2.9  30.3 740.5   2.2
  2.0  12.9 793.9   1.6
  2.8  45.2 748.9   2.4
  2.7  46.1 721.3   2.3
  2.9  26.9 291.4   2.3
  3.8  17.0  64.8   1.9
  1.6  24.1 156.3   2.2
  4.3  11.2 812.9   2.5
  4.1  27.4 392.8   1.8
  2.6  37.8 115.5   2.0
  4.7  34.4 875.6   2.0
  2.7  42.6 197.7   2.5
  1.7  22.7 676.0   1.5
  3.1  29.6 478.1   2.0
  2.0  25.1 880.4   2.0
  2.3  30.2 266.4   1.6
  3.3  20.4 660.5   2.4
  1.2  46.8  75.3   2.3
  1.7  39.2 546.3   2.4
  4.7  46.1 405.2   1.6
  3.2  35.9 737.7   2.1
  3.8  13.5 389.1   2.2
  4.2  32.2 417.7   2.3
  3.8  49.1 649.7   1.9
  3.8  14.2 932.9   2.0
  1.2  44.5 853.9   1.5
  2.3  38.6 115.4   2.0
  2.0  29.9 206.5   1.8
  4.6  23.9 506.4   1.7
  2.8  20.7 654.6   2.4
  4.5  32.9 865.6   2.1
  3.1  49.7 702.0   1.7
  4.6  44.9 457.8   2.4
  3.2  23.9 273.7   2.0
  3.1  37.0 626.7   2.0
  4.8  35.2 124.5   1.9
  3.5  26.8 831.4   1.9
  1.4  34.1 496.2   1.9
  4.9  23.9 314.3   1.7
  1.6  18.9 336.3   1.5
  3.6  26.1 628.0   2.4
  1.5  45.8 686.3   1.6
  3.8  17.5 863.6   1.6
  3.7  48.7 831.2   1.9
  1.3  46.0 717.5   2.2
  4.0  32.2 512.7   2.0
  2.8  22.4 926.5   1.8
  1.8  32.3 719.3   1.7
  3.7  11.3 408.2   2.0
  1.4  18.9 269.9   2.4
  3.6  17.9 136.3   2.0
  3.2  32.0 512.3   2.2
  4.0  33.8 405.0   2.0
  2.7  44.4 189.7   2.1
  1.9  43.9 165.6   1.6
  1.4  13.2 558.0   1.6
  4.1  43.9 313.8   1.9
  3.5  27.1 807.7   2.0
  1.5  44.6 232.4   2.1
  3.6  41.0 177.7   1.5
  2.6  34.0 629.0   2.1
  1.1  41.1 110.3   2.3
  2.9  18.8 301.9   2.4
  2.6  39.7 749.4   1.6
  3.4  29.7 285.8   2.1
  3.5  23.9 707.4   2.4
  4.0  31.9 478.0   2.3
  3.2  41.3 709.5   1.6
  4.7  12.4 736.4   1.6
  4.2  29.2 821.6   2.4
  3.4  48.4  94.6   1.8
  4.0  10.4  91.8   2.2
  2.3  47.2 833.1   1.7
  3.7  10.4 305.5   2.4
  1.2  13.5 334.1   1.5
  4.5  43.5  99.0   2.2
  2.7  18.6 316.3   2.0
  4.0  47.9 811.6   1.8
  1.3  15.4  86.0   1.9
  2.1  28.2 530.6   1.9
  1.6  45.9 575.1   1.9
  4.8  46.7 856.4   1.9
  2.0  44.1 745.7   2.2
  2.0  38.6 479.1   2.1
  3.3  30.8 895.7   1.6
  3.7  32.6 186.6   2.0
  4.1  39.4 770.5   1.7
  3.6  37.6  62.1   2.2
  3.6  15.4 843.9   1.6
  4.2  48.1 312.1   1.8
  3.3  14.4 220.2   1.7
  2.3  22.4 102.0   1.5
  2.2  31.4 329.8   1.6
  4.3  37.5 542.6   2.1
  1.3  22.4 203.4   1.7
  4.2  49.5 385.4   1.7
  3.9  37.1 609.3   2.3
  1.5  32.9 696.4   1.7
  1.2  44.2 150.4   1.8
  2.7  19.0 829.7   2.0
  2.9  13.1 245.5   2.2
  3.4  13.4 577.9   1.5
  1.5  28.2 244.9   2.0
  4.3  34.1 848.4   1.8
  4.8  34.5  54.5   1.9
  1.6  34.6 552.5   1.9
  2.1  35.6 220.3   2.4
  2.6  37.5 697.2   1.5
  3.8  22.6 676.3   1.9
  4.0  38.1 142.0   2.0
  5.0  14.6 815.9   2.4
  3.3  21.1 525.2   1.6
  2.1  23.5 168.9   2.1
  3.0  38.6 496.3   2.5
  2.7  20.9 125.5   2.0
  2.4  13.7 262.0   1.9
  3.3  45.1 415.6   1.8
  3.1  26.7 669.4   2.2
  2.4  22.6 881.6   2.0
  3.0  14.5 345.3   2.5
  4.2  42.3 367.1   2.2
  3.2  24.3 515.8   2.4
  3.6  27.1 347.9   2.5
  2.1  40.6 257.7   2.4
  2.8  33.1 778.2   1.7
  2.0  42.9 412.5   2.0
  5.0  40.7 212.8   2.0
  3.4  41.7 942.5   1.9
  3.0  35.2  91.3   2.2
  1.7  43.5 751.9   2.3
  4.8  27.5 536.9   2.3
  2.6  29.6 696.7   2.2
  4.1  27.3 520.0   2.1
  4.7  24.7 714.7   2.1
  3.0  31.7 381.7   2.3
  4.6  26.0 153.5   2.1
  4.4  19.7 509.9   2.0
  2.9  19.1 505.5   2.5
  2.3  19.2 114.4   1.9
  3.9  15.8 530.5   2.4
  2.1  12.0 912.8   2.0
  3.1  18.6 648.1   1.5
  4.8  23.2 180.0   1.9
  2.5  44.6 838.1   1.9
  1.7  49.0 268.4   1.8
  3.0  33.8 711.9   1.6
  2.0  27.9 537.8   2.2
  1.2  20.5 568.4   2.2
  4.6  48.2 558.7   1.9
  1.4  22.2 586.6   1.6
  1.1  21.7 410.7   1.9
  2.7  35.2 391.4   2.5
  2.8  12.9 442.5   2.4
  3.6  21.5 593.9   2.1
  3.8  43.2 597.0   2.0
  2.4  15.6 665.6   1.8
  3.4  45.0 382.1   2.5
  3.6  28.2 929.3   1.7
  2.3  38.6 280.1   2.2
  2.1  28.9 154.8   2.5
  3.9  19.8 646.4   2.0
  3.9  32.8  52.1   1.5
  1.1  11.2 559.0   1.7
  1.4  45.3 465.9   2.1
  3.8  37.5 768.2   1.8
  4.0  39.6 850.8   2.2
  3.2  19.5 197.1   2.2
  4.4  12.0 514.5   1.6
  2.5  20.6 941.2   2.0
  4.1  27.6 364.5   2.4
  4.9  28.5 554.7   2.2
  1.6  16.0 747.5   2.0
  2.1  43.7 949.7   2.3
  2.5  26.4 820.1   2.1
  3.6  29.3 493.6   1.5
  1.6  44.1 452.1   1.8
  4.8  43.5 314.8   2.1
  1.9  31.8 659.7   1.8
  3.6  48.1 222.7   2.2
  4.8  44.0 550.8   1.8
  2.8  24.4 744.9   1.7
  5.0  48.8 527.2   1.6
  3.0  40.4 821.8   2.2
  1.3  46.6 847.1   1.9
  2.1  31.1  99.2   2.1
  1.9  38.6 690.6   2.1
  1.3  36.9 856.4   2.3
  4.5  21.6 461.5   1.6
  2.7  44.0 280.6   1.7
  1.5  45.1 589.6   2.4
  4.4  27.9 756.4   1.8
  4.6  32.8 269.1   2.4
  4.6  50.0 294.6   1.9
  2.4  44.6 789.2   2.0
  4.9  32.9 111.8   2.2
  3.1  21.8 544.7   2.4
  3.1  28.4 503.5   1.8
  4.9  42.1 388.5   1.6
  1.3  18.0 753.3   2.1
  3.3  37.9 168.6   1.8
  3.3  49.4 659.5   2.1
  3.1  36.7 331.8   1.8
  1.6  46.1 298.0   1.7
  2.6  33.5 431.6   1.8
  4.8  43.9 221.1   2.1
  3.2  10.8 349.4   2.0
  4.9  24.1 448.9   2.2
  1.5  15.2  79.6   2.3
  3.4  36.8 104.2   1.6
  4.4  33.5 100.3   1.8
  2.0  48.9 875.5   2.2
  2.0  18.0 384.0   2.2
  4.7  13.5 578.2   2.0
  4.4  44.6 197.0   2.1
  3.6  48.8 784.8   2.3
  4.0  44.1 741.0   2.2
  4.6  18.5 112.6   1.5
  4.3  32.1 323.5   2.5
  4.6  16.7 907.7   1.5
  1.5  48.6 679.4   2.1
  5.0  40.9  56.1   2.4
  4.0  45.2 539.4   2.2
  1.8  22.4 267.5   2.0
  4.5  34.5 927.4   2.5
  4.1  42.5 122.7   1.8
  4.4  14.6 456.0   1.5
  3.0  46.7 456.4   2.5
  4.7  13.8 821.2   2.0
  1.1  45.6 393.3   1.5
  1.0  37.1 646.0   1.9
  1.5  43.7 881.8   1.6
  4.7  21.3 885.5   2.0
  2.9  19.1 916.7   1.5
  4.5  31.3 496.2   1.9
  1.4  22.4 789.2   2.0
  2.2  22.1 638.0   2.2
  3.7  25.6 240.0   2.0
  4.3  38.6 493.9   2.0
  3.2  23.6 236.5   2.5
  3.4  33.8 879.9   1.8
  4.9  41.7 382.0   1.9
  2.3  38.7 322.7   1.7
  4.3  38.2 696.8   1.8
  4.9  25.9 919.5   2.0
  1.4  44.8 349.0   2.4
  2.3  27.4 408.2   2.2
  4.0  20.6 300.1   2.2
  1.1  15.2 380.7   2.2
  1.9  30.0 787.0   2.1
  2.5  30.1 324.5   2.1
  2.2  39.5 469.3   1.7
  3.4  25.7 821.4   2.4
  3.8  28.3  95.9   2.1
  1.8  35.6 557.9   1.6
  2.5  46.8 639.6   2.1
  3.3  16.5 526.6   1.8
  4.3  24.1 347.6   2.0
  1.7  17.4 111.3   2.1
  1.3  11.0 821.2   2.2
  4.5  18.3 273.4   2.3
  4.9  39.0 470.2   2.4
  2.8  44.3 468.9   2.4
  1.7  10.1 728.4   2.2
  3.7  48.8 454.8   1.9
  2.6  21.3 268.0   1.9
  2.1  11.8 567.4   1.7
  2.9  49.8 358.9   1.5
  4.7  16.7 512.3   2.4
  1.4  11.2 894.8   1.7
  3.0  12.7 828.6   2.5
  5.0  11.3 600.3   2.0
  1.5  21.9 444.4   1.8
  2.3  30.3 770.6   1.8
  4.9  33.3 442.8   2.2
  2.5  38.5 614.7   1.7
  1.1  31.5 919.8   1.8
  4.0  36.4 781.1   2.3
  4.3  21.1 843.1   1.8
  3.6  45.9 462.9   1.7
  4.5  38.0 680.5   2.1
  2.7  34.4 561.7   1.8
  2.0  11.5 415.1   2.4
  5.0  10.9 143.8   1.9
  1.4  30.2 475.8   2.0
  3.1  17.2 203.6   1.8
  5.0  48.4 249.0   2.2
  2.3  26.8 541.5   1.8
  3.0  40.1 131.8   2.4
  3.1  39.5 241.8   2.2
  2.5  36.2 831.8   1.6
  1.9  36.9 662.1   2.0
  3.1  17.2 386.1   1.8
  4.4  25.8 937.0   2.1
  3.5  43.8 515.0   2.3
  2.1  27.4 789.5   2.4
  4.4  46.7 757.7   1.6
  5.0  46.3 187.5   1.9
  3.1  44.1 338.0   1.7
  3.2  44.7 723.8   1.9
  2.0  45.4  54.5   1.7
  3.4  24.2 832.0   2.1
  1.3  34.8 286.5   2.2
  1.3  19.1 533.4   1.7
  2.6  21.7 181.0   1.6
  3.7  44.2 866.9   1.9
  3.7  43.0 400.5   2.2
  4.3  42.7 918.5   2.4
  2.5  36.3 261.1   1.8
  1.2  30.0 766.4   2.3
  2.3  21.4 595.2   1.6
  1.2  19.6 213.2   1.5
  2.3  42.3 214.9   2.1
  3.8  29.2 779.8   2.1
  5.0  26.2 774.8   1.8
  2.6  16.2 699.3   2.1
  1.5  21.4 677.9   1.9
  2.8  40.2 125.5   2.3
  3.7  36.5 835.4   1.6
  1.9  43.0 297.9   2.1
  1.2  11.3 902.6   1.7
  2.2  21.1 681.1   2.2
  4.8  28.6 873.6   2.2
  3.0  35.9 733.8   2.0
  1.9  13.3 474.0   2.3
  4.1  21.9 673.2   1.9
  4.7  41.9 488.5   2.4
  3.7  35.1 613.5   2.5
  1.2  46.9 300.1   2.0
  3.0  11.1 929.4   2.1
  4.2  37.7 178.0   1.9
  4.9  42.8 525.3   2.0
  4.5  22.6 274.8   2.0
  1.4  35.7 844.0   2.4
  2.7  35.9 337.6   2.2
  1.9  50.0 873.1   1.6
  1.2  12.6  67.0   2.0
  3.3  11.9 731.6   2.0
  4.1  30.6 391.2   1.7
  3.6  13.5 582.6   2.2
  4.7  44.8 378.8   1.6
  3.1  28.0 841.7   1.9
  3.7  38.9 447.0   2.3
  4.9  40.8 564.6   2.1
  2.7  36.8 653.7   2.5
  1.1  10.6 798.5   1.9
  3.5  19.9 692.6   2.2
  1.1  37.2 344.8   2.2
  4.3  21.0 904.0   2.2
  4.8  28.9 919.7   1.7
  1.5  36.2 118.5   1.7
  4.8  33.3 426.6   1.6
  3.4  12.0 623.1   1.6
  1.9  23.8 834.2   2.1
  1.6  26.2 385.9   1.6
  2.1  48.2 334.2   2.5
  1.1  48.3 308.3   2.4
  4.8  12.6 213.8   2.4
  3.7  47.9 800.1   2.1
  3.1  38.6 497.4   1.7
  2.0  15.0 748.3   2.2
  3.6  18.9 719.0   2.4
  2.7  48.4  50.9   2.2
  2.3  20.7 554.6   1.8
  2.0  21.9 284.3   2.0
  3.6  37.4 720.6   1.8
  3.9  36.4 341.0   2.0
  2.2  29.3 696.1   2.4
  3.8  17.9 196.3   2.3
  1.3  19.3 650.2   1.7
  4.2  29.0 847.8   2.0
  4.7  19.8 856.2   2.0
  2.0  33.4 401.5   1.8
  2.7  18.2 901.8   1.7
  4.4  27.8 462.8   2.1
  3.8  43.5 346.6   1.7
  1.5  49.9 535.8   1.6
  1.7  44.8 623.4   2.4
  2.7  20.5 409.8   1.6
  4.4  45.7 197.6   2.1
  3.0  47.9 261.8   2.2
  5.0  11.8 446.8   2.5
  2.6  27.2 491.1   1.9
  4.6  34.2 540.5   2.4
  3.0  45.6 134.4   1.6
  3.6  26.4 421.7   1.9
  1.8  49.0 527.3   2.1
  3.7  39.6 743.3   1.8
  2.4  46.9 428.5   2.1
  3.0  25.2 254.6   2.0
  1.5  13.6 550.1   1.9
  3.9  48.5 522.6   1.6
  2.6  12.2 561.2   2.0
  2.6  11.3 910.3   1.8
  2.7  40.8 381.7   2.4
  4.1  14.5 935.0   2.3
  1.2  37.3  61.2   1.8
  1.5  39.6 499.4   1.8
  1.5  20.1 309.4   1.6
  2.9  34.3 698.8   1.5
  4.8  41.8 811.1   2.2
  1.4  28.8 304.0   1.6
  1.2  42.9 641.8   2.4
  4.0  34.3 554.4   2.3
  4.3  24.4 337.7   2.0
  1.7  30.1 666.0   1.6
  4.5  15.6 113.4   2.1
  2.7  23.9 667.7   1.7
  4.0  12.6 422.5   1.8
  2.8  48.9 385.1   2.2
  2.7  40.3 590.4   1.7
  3.0  30.1 591.4   1.5
  3.1  21.4 731.1   2.3
  2.1  37.3 597.7   2.0
  3.6  29.0 190.8   1.5
  2.7  38.0 708.3   2.2
  1.2  15.3 213.5   1.7
  4.9  10.0 699.1   2.1
  2.1  40.3 236.1   2.2
  2.8  38.6 144.0   2.0
  4.8  15.9 358.8   2.0
  4.0  12.8 540.6   1.5
  2.9  38.9 822.6   2.1
  3.9  47.3 860.6   1.9
  1.2  28.3 434.9   2.3
  2.0  22.7 475.3   2.3
  3.2  46.0 450.8   1.8
  2.5  33.3 157.2   1.6
  2.4  36.8 281.3   2.3
  3.9  32.1 313.3   1.8
  2.8  31.2 452.4   2.0
  3.7  46.2 309.3   1.8
  1.2  38.2 459.9   2.0
  4.2  33.7 784.8   2.2
  4.8  36.9 298.3   2.2
  2.6  35.8 671.3   2.0
  3.3  26.5 201.7   2.4
  1.7  40.7 338.7   2.2
  1.0  29.1 718.4   1.5
  3.1  31.6 524.3   1.6
  3.4  15.6 584.1   2.2
  4.8  35.5 420.9   2.0
  4.7  15.6 823.9   2.1
  1.2  42.6 150.0   2.1
  2.2  36.0 584.6   2.3
  4.8  37.6 785.9   1.9
  4.7  13.4 404.0   2.3
  4.0  28.2 251.7   1.9
  2.8  19.4 152.0   2.4
  4.5  18.4  97.2   2.1
  1.9  36.1 614.5   1.6
  4.7  34.9 795.6   1.9
  4.9  27.2 738.3   2.2
  4.7  33.3 441.0   1.8
  3.5  41.6 435.1   1.6
  3.7  33.6 915.4   2.0
  3.5  11.9 343.6   1.9
  2.3  26.5 200.3   2.1
  2.3  32.5 177.4   1.8
  2.9  40.7 132.6   1.6
  4.2  13.5 691.6   1.8
  3.8  44.1 597.4   2.2
  4.6  29.2 514.7   2.2
  1.1  24.6 373.1   2.0
  2.2  25.3 520.1   1.8
  2.6  42.2 339.5   2.2
  1.8  47.8 377.5   2.4
  3.7  23.2 879.6   1.7
  4.9  35.5 164.5   1.8
  1.1  28.3 520.9   1.5
  1.8  17.4 433.7   1.7
  4.4  19.2 758.0   1.5
  3.5  17.4 414.3   1.6
  4.7  19.3 100.2   1.6
  2.9  41.4 280.2   1.6
  4.3  38.6 272.2   2.3
  4.1  44.8 302.6   1.7
  2.5  21.3 182.4   2.4
  1.1  31.2 478.6   2.0
  3.5  46.2 489.8   2.0
  4.8  20.2 796.6   2.2
  3.3  17.1 415.5   1.6
  1.3  32.6 185.0   1.8
  3.2  48.0 796.6   2.3
  1.0  19.8 560.3   2.2
  3.3  27.5 688.9   2.1
  3.6  38.7 400.4   1.6
  1.4  38.4 637.0   1.7
  3.4  47.5 891.0   1.9
  1.8  39.4 712.1   2.5
  4.4  41.2 687.6   1.9
  1.0  30.4 845.4   2.1
  3.2  22.6 932.6   1.8
  4.3  40.2 426.7   2.1
  4.6  32.1 597.6   1.9
  2.3  17.2 915.3   2.2
  1.7  16.9 905.8   2.1
  2.6  18.7 537.7   2.1
  1.5  34.0 819.4   2.5
  3.6  37.8 625.8   2.1
  1.3  43.9 473.6   2.5
  1.7  12.3 143.6   1.6
  1.5  15.6 326.1   1.9
  2.5  27.0 739.1   1.6
  1.9  32.6  92.5   2.3
  4.6  49.3 909.3   2.2
  4.1  28.5 800.1   1.9
  4.1  47.4 394.7   2.3
  4.1  29.9 119.5   1.9
  3.9  18.3 568.5   1.9
  1.2  27.3 710.0   2.0
  4.7  34.0 837.2   1.8
  4.6  25.3 106.7   1.7
  1.5  37.5 493.8   2.0
  1.8  42.6 308.3   2.0
  2.4  20.1  60.0   2.4
  3.6  10.9  57.4   1.9
  2.8  31.0 761.3   2.3
  2.1  35.3 699.9   2.1
  1.9  21.9 888.7   2.0
  1.4  44.3 822.4   2.0
  3.7  41.1 694.9   1.8
  3.7  29.9 356.2   1.8
  1.3  44.6 392.1   2.1
  3.7  31.9 387.1   2.3
  4.2  19.7 317.6   2.0
  2.1  30.4 671.0   1.7
  4.5  46.5 394.3   1.9
  1.6  42.4 871.6   2.1
  2.7  42.1 624.4   1.7
  1.8  19.1 157.4   2.0
  3.1  23.7 409.6   1.5
  3.8  11.7 817.0   2.3
  1.5  31.4 261.8   1.8
  3.9  14.5 727.6   2.1
  4.3  34.5 344.2   1.6
  1.3  13.6 796.7   1.6
  4.2  18.8 434.5   2.1
  3.6  15.2 948.5   1.8
  3.9  10.3 401.7   1.6
  4.8  29.3 561.4   1.7
  4.0  45.4 782.0   1.8
  4.7  18.2 526.7   2.1
  3.3  24.3 455.4   2.3
  2.3  19.4 814.9   1.7
  1.3  18.3 242.2   2.3
  2.1  38.8 770.8   1.8
  4.1  10.8 168.0   2.2
  1.2  42.5 549.4   2.5
  1.4  36.4 103.4   1.9
  3.6  48.2 805.4   2.4
  4.4  19.9 427.1   2.0
  4.5  45.4 329.2   1.9
  2.4  48.7 170.5   1.7
  3.7  12.0 659.9   2.1
  3.0  48.9 860.0   2.1
  2.5  33.8 440.9   1.8
  4.0  30.3 595.0   1.9
  3.6  38.1 534.5   1.8
  3.0  39.6 655.7   2.2
  3.9  45.8 509.3   2.3
  1.1  17.5 293.5   2.0
  3.6  33.8 680.4   2.4
  4.7  13.2 660.4   2.0
  4.6  47.9 168.9   2.1
  4.2  16.1 848.7   1.6
  1.6  38.2 454.5   2.4
  1.1  19.7 799.3   1.6
  2.4  40.9 370.1   2.4
  3.5  32.2 577.1   2.2
  4.8  14.6 172.0   2.4
  4.3  17.4 498.9   2.3
  3.7  37.7 477.1   1.6
  1.7  28.7 629.9   2.0
  3.1  25.4 428.2   2.3
  1.7  28.2 161.8   2.4
  1.0  17.2 704.2   1.8
  1.2  34.3 897.4   2.1
  3.9  45.7 254.4   2.3
  3.1  42.7 867.3   1.7
  1.8  39.0 656.7   2.3
  1.7  13.3 774.8   1.8
  3.3  16.8 823.4   1.8
  1.5  40.0 559.7   2.0
  1.3  47.6 827.3   2.2
  1.2  34.8 732.3   1.7
  3.6  29.2 346.4   2.0
  1.1  47.8 106.5   2.3
  2.3  40.1 616.5   2.3
  1.0  48.0 841.3   2.1
  4.1  29.6 550.0   1.8
  4.5  19.0 648.3   2.3
  4.9  21.5 122.0   2.0
  4.2  26.1 302.5   1.5
  3.3  16.6 639.8   1.8
  3.0  38.4 466.6   1.9
  3.9  30.4 910.9   1.8
  1.6  18.1 112.1   2.2
  3.5  34.5 923.6   1.6
  1.7  25.3 781.6   1.6
  1.4  24.8 734.8   2.4
  3.8  46.7 600.9   2.2
  1.9  40.8 441.2   1.8
  4.2  19.5 715.0   2.3
  4.1  40.2 496.1   1.8
  2.6  47.6 737.2   1.8
  1.4  13.4 380.8   2.0
  3.5  15.4 868.0   2.2
  4.9  16.8 519.1   1.7
  3.8  16.0 342.1   2.4
  4.5  10.4 612.6   1.7
  1.6  49.7 160.2   1.7
  4.1  33.5  61.3   1.9
  1.5  42.2 564.8   2.4
  1.4  47.9 831.5   2.0
  2.9  17.8 224.9   1.7
  3.6  30.3 746.3   1.7
  1.9  36.7 833.7   2.2
  3.5  48.8 208.3   1.9
  3.2  38.4 348.7   2.1
  1.4  49.6 421.1   2.4
  1.4  17.9 919.3   1.6
  1.5  14.5 520.2   1.7
  2.0  32.0 633.7   2.3
  4.7  29.8 663.4   1.5
  3.2  47.3 472.8   1.8
  1.3  25.2 865.4   1.7
  3.3  47.6 190.7   2.0
  2.5  31.8 542.9   2.3
  4.6  23.6 800.1   2.0
  2.0  34.8 610.7   2.4
  3.9  41.8 187.5   2.2
  5.0  23.6 643.4   1.7
  4.7  40.9 515.9   1.7
  3.4  41.7 132.4   2.4
  4.3  48.5 351.2   1.9
  2.5  16.1 449.7   1.5
  5.0  37.7 599.0   1.9
  4.3  40.8 197.0   2.5
  2.4  40.5  74.1   1.5
  1.9  22.0 739.7   2.2
  1.9  10.2 352.4   1.9
  2.6  39.6 473.5   1.8
  4.4  39.5 232.6   1.9
  1.6  40.8 425.2   2.0
  4.7  39.8 587.6   1.9
  2.4  16.3 706.8   1.6
  1.1  32.5 417.8   1.7
  4.5  13.8 246.8   1.7
  1.8  28.5 621.6   2.2
  4.1  22.4 707.3   1.8
  2.7  39.8 595.3   1.9
  3.1  22.4 579.8   1.7
  2.6  32.3 298.1   2.1
  1.7  12.9 126.8   1.9
  2.4  21.7 905.8   2.1
  1.7  20.2 509.6   2.3
  1.7  32.3 937.9   2.0
  1.3  33.3 128.7   2.0
  1.6  24.9 132.4   1.7
  3.3  34.7 610.4   2.2
  1.7  46.9 283.0   1.8
  2.2  33.7 475.6   2.5
  5.0  32.1 265.2   2.2
  4.7  24.7 349.7   2.1
  2.8  44.5 386.3   1.9
  4.2  34.9 723.9   2.2
  4.4  34.0 849.4   2.0
  4.5  24.6 731.0   1.6
  1.6  49.1 262.2   2.1
  1.8  28.6 663.3   2.3
  2.0  47.0 605.1   1.8
  1.5  41.8 476.8   1.6
  1.4  48.7 403.0   2.2
  1.6  30.2 778.7   2.2
  2.5  49.3 203.1   1.8
  1.0  38.4 211.2   2.2
  4.4  19.8 833.1   1.9
  4.7  18.7 214.0   2.4
  2.0  44.7 341.6   1.8
  4.6  21.5 669.7   2.5
  2.2  23.1 508.9   2.2
  3.4  31.0 842.1   2.1
  2.5  17.3 469.8   1.9
  2.9  11.6 854.1   1.6
  1.6  25.7 795.1   1.6
  3.5  11.5 860.5   1.6
  3.3  45.9 232.1   1.6
  2.4  19.0 849.3   2.3
  2.2  47.0 522.7   2.4
  2.8  24.1 255.0   1.7
  1.4  29.1 123.2   2.1
  2.4  43.9 620.1   1.8
  2.6  38.3 754.8   2.4
  3.7  30.8 427.1   1.6
  4.1  31.5 376.2   2.1
  1.3  43.0 557.8   2.3
  1.6  45.5 283.0   2.4
  1.7  39.8 328.3   2.4
  1.4  39.3 293.6   1.7
  2.9  29.8 827.1   2.0
  1.4  14.0 498.1   1.6
  4.9  21.5 187.6   2.4
  1.1  12.3 136.0   2.2
  1.4  46.0 384.8   1.9
  4.3  41.2 774.2   2.2
  2.8  35.3 370.1   2.4
  4.8  20.8 632.7   1.8
  0.2   0.4   0.4   0.4   0.3   0.3   0.3   0.3   0.3   0.4   0.2   0.4   0.3   0.3   0.3   0.4   0.2   0.2   0.3   0.2   0.3   0.2   0.4   0.4   0.3   0.3   0.3   0.2   0.3   0.3   0.4   0.2   0.4   0.3   0.3   0.3   0.4   0.4   0.3   0.3   0.3   0.3   0.3   0.3   0.3   0.4   0.3   0.4   0.4   0.3   0.3   0.3   0.3   0.4   0.2   0.2   0.3   0.3   0.4   0.3   0.3   0.2   0.4   0.2   0.3   0.2   0.4   0.3   0.3   0.3   0.2   0.4   0.4   0.3   0.3   0.3   0.4   0.4   0.2   0.3   0.3   0.3   0.4   0.3   0.3   0.2   0.3   0.3   0.2   0.2   0.3   0.3   0.4   0.4   0.3   0.2   0.4   0.3   0.2   0.2   0.3   0.3   0.4   0.3   0.4   0.3   0.4   0.3   0.3   0.4   0.4   0.3   0.3   0.4   0.4   0.3   0.4   0.4   0.2   0.3   0.3   0.3   0.4   0.4   0.3   0.3   0.3   0.3   0.3   0.3   0.3   0.3   0.2   0.3   0.4   0.4   0.2   0.3   0.4   0.2   0.2   0.3   0.2   0.2   0.2   0.3   0.4   0.2   0.3   0.2   0.3   0.4   0.3   0.2   0.4   0.2   0.3   0.4   0.3   0.3   0.2   0.4   0.3   0.3   0.3   0.4   0.2   0.3   0.3   0.4   0.2   0.4   0.2   0.3   0.2   0.3   0.3   0.4   0.2   0.3   0.4   0.3   0.3   0.4   0.3   0.2   0.3   0.4   0.4   0.3   0.2   0.3   0.3   0.3   0.3   0.2   0.4   0.3   0.4   0.3   0.3   0.4   0.2   0.2   0.3   0.2   0.3   0.3   0.3   0.2   0.3   0.3   0.2   0.2   0.2   0.2   0.3   0.3   0.3   0.3   0.3   0.3   0.2   0.2   0.4   0.2   0.3   0.3   0.3   0.2   0.3   0.3   0.4   0.3   0.3   0.3   0.2   0.4   0.2   0.2   0.3   0.4   0.4   0.4   0.2   0.4   0.3   0.4   0.2   0.4   0.3   0.3   0.3   0.3   0.3   0.2   0.4   0.4   0.2   0.2   0.4   0.4   0.3   0.2   0.3   0.3   0.4   0.3   0.2   0.4   0.3   0.4   0.3   0.3   0.3   0.3   0.2   0.3   0.3   0.4   0.3   0.3   0.2   0.3   0.3   0.3   0.3   0.2   0.4   0.4   0.3   0.2   0.4   0.3   0.2   0.3   0.3   0.4   0.3   0.4   0.3   0.3   0.2   0.3   0.2   0.3   0.2   0.3   0.3   0.4   0.4   0.4   0.4   0.3   0.4   0.3   0.4   0.4   0.4   0.2   0.2   0.2   0.3   0.2   0.3   0.3   0.3   0.3   0.2   0.4   0.3   0.2   0.3   0.4   0.4   0.3   0.4   0.3   0.3   0.3   0.3   0.2   0.4   0.4   0.3   0.3   0.4   0.4   0.3   0.2   0.2   0.3   0.4   0.3   0.3   0.3   0.3   0.2   0.3   0.3   0.4   0.2   0.4   0.3   0.4   0.4   0.3   0.3   0.2   0.3   0.2   0.4   0.2   0.3   0.2   0.3   0.4   0.2   0.2   0.3   0.2   0.2   0.3   0.2   0.3   0.2   0.3   0.3   0.2   0.3   0.4   0.3   0.3   0.3   0.3   0.4   0.3   0.3   0.3   0.3   0.3   0.3   0.3   0.4   0.3   0.2   0.3   0.3   0.3   0.3   0.3   0.2   0.2   0.2   0.4   0.4   0.4   0.3   0.3   0.3   0.3   0.4   0.2   0.4   0.2   0.4   0.3   0.2   0.4   0.2   0.2   0.4   0.4   0.2   0.3   0.2   0.3   0.3   0.3   0.3   0.3   0.3   0.4   0.4   0.4   0.4   0.3   0.2   0.2   0.3   0.4   0.4   0.2   0.2   0.4   0.3   0.4   0.4   0.2   0.3   0.3   0.3   0.3   0.3   0.2   0.3   0.3   0.4   0.3   0.3   0.3   0.2   0.3   0.3   0.3   0.3   0.3   0.4   0.3   0.3   0.2   0.3   0.3   0.4   0.4   0.4   0.2   0.2   0.4   0.3   0.3   0.3   0.3   0.4   0.3   0.3   0.2   0.2   0.2   0.4   0.3   0.2   0.4   0.4   0.3   0.4   0.4   0.4   0.4   0.2   0.3   0.3   0.3   0.2   0.2   0.2   0.3   0.3   0.2   0.2   0.3   0.2   0.3   0.3   0.2   0.3   0.3   0.3   0.2   0.4   0.4   0.4   0.4   0.4   0.3   0.2   0.3   0.3   0.3   0.2   0.3   0.3   0.4   0.4   0.2   0.2   0.3   0.4   0.2   0.2   0.3   0.3   0.3   0.2   0.3   0.3   0.3   0.4   0.4   0.2   0.4   0.2   0.3   0.3   0.3   0.3   0.4   0.3   0.2   0.2   0.3   0.3   0.4   0.2   0.3   0.2   0.4   0.3   0.4   0.3   0.3   0.4   0.3   0.3   0.2   0.2   0.4   0.4   0.2   0.2   0.2   0.2   0.2   0.3   0.4   0.2   0.4   0.2   0.3   0.3   0.2   0.3   0.4   0.3   0.4   0.4   0.3   0.3   0.2   0.2   0.3   0.4   0.4   0.2   0.3   0.3   0.3   0.4   0.2   0.2   0.2   0.3   0.4   0.2   0.3   0.2   0.2   0.4   0.3   0.2   0.2   0.4   0.2   0.4   0.3   0.3   0.3   0.3   0.4   0.4   0.3   0.2   0.4   0.3   0.3   0.3   0.3   0.4   0.4   0.2   0.2   0.2   0.2   0.4   0.3   0.2   0.2   0.3   0.2   0.3   0.3   0.3   0.3   0.3   0.3   0.2   0.4   0.2   0.2   0.3   0.4   0.4   0.3   0.3   0.2   0.3   0.4   0.2   0.4   0.4   0.4   0.4   0.3   0.4   0.3   0.3   0.2   0.3   0.4   0.2   0.4   0.2   0.3   0.2   0.4   0.3   0.3   0.2   0.3   0.4   0.4   0.4   0.3   0.4   0.2   0.3   0.3   0.3   0.4   0.2   0.2   0.2   0.4   0.2   0.3   0.4   0.2   0.3   0.3   0.3 
   99    19   176   108   172     3    67   149    89    36   171    70   162   164    90    64   163   156    14   173   153    70   113    52    78   150   180   106    10   117    35   158   171     2    47    29    95    90    80    60    92   171    71   161   137    92   114    59    92    22    98    89    12   101    94   154    66    59    10    99   137    84    58    94    75   148    69     2   151    97    80   147   116    65    90    99   161   123   171   176    17   155   119    67    36   162     8   157   133    34   100    81    87    52    97   170   159    85    30   178     7   155     8   161    33   102    29     2   109    24    57   115   112    61     1   119    11   158    31    36    39    34    68    95   111   167   153    44   176   138   173   170   122    78   106   111    51   138   147    32   103    50   138    77    95   159   169   106    64     4    71    62    77     9    98   142   166     1   179    23    61    16    37    29    93   122    15   174    76   167   139     1    42    16   140   114     1    12    37   138    68   108    95   165    47    93    92   153   138    45    67   154   158   150    30   172    19   127   169   136    73   150   145    54    24    40    71    80    74   117   105    53     3   152    66     5   166    88     9    31   167    47   174   179    45   123   178    44   156    17   111     6    73   153   101    41   110    48    99    33    72   128    63   178    73    38    72     7    19    32    62   100    80   104   131    97    62   175    14   128   177    73    26    11   125   123    31   152   151    67    20    92   175   179   140    35    54   118    21     3   141   100   180   109    95   141    42    31   161    59     1   119   121     2   132   160   150   123   126    87   134   109    40    23    85   141   124    52   101   119   127    36    58   141   113     9   138     6     8   169    56    25    90   166   164   149   157    58     3    59    14    78   125    46     6    46    45    73   140    20    15    42    22   130    97    72    32     8   113   123   155    53    56   156   102   104   109    78     3   104    40   119   117    59   115    54    59   158    80    93   157     8   166   146    79   163   166    12   134    87    23   100    82   175   143   108     3    38   123    38    12   176    49   173    42    58    76   128   142    30   169    62   178   136   108    34   113    91   123   134   108    88   158    82   103    21    17   149    45    26    28   131    94    95   100   121   137    25    63    30   138    46   100   160    38    32   141   141   105   170    45     9    14   137   152    53    40   162   170   150   163    13   102   140   154    48    67    85    36    63    60   108    88    46   103    86     8   139    44   141   134     8    17   157    14   136   135    82   110    66   111   116   123    34   117    97   167    47     3    28    82    30    65    42    97    88    35    36    59   100   153    83   130    16   122    12    33    85    68    47   118    66    59    26    96    98   170   163    60    42    42   160   147   170    97   156    91   149    32    28    51    22    71   169   112    55    81    61    90   108   110    88    98   103   120    25    98   135    60    49    56    55   108   156   108    12   104    98    56   133     7   167   119    63   174    65   105    81   113     7    13    55   101    63   158   116   153   141   145   146   165    87    94   173    35    44   113    93    35    75   117     4    65    69    46    80   123   100    82   104   166   170     4   110    64    34    61   135    66   104    41   114   149    91    38   122    42    27    12    43    24    61    12    50   136    86    21   163     4    19    71   111   176    13   149     9    33   179   118   161    27    81    93   155     8   117   164    89    12   113    26    50     9   173    60    67     7    50   172    34   159   179    57   131    28   131   105   141   176    17   162    50     3    64   127   165   123   152     1   163   102    66   145    16     8    11   176    12   142   108    15    76    92    47   136    99    94    68    50   172   135    87   133    88   141    32   155   153    86   116    43   118    80    99   151    94     7    56    36   130 
  173    33    87   168   115   142    71   151    75   171    27   125    13   143   130    71   175   165    75    66    84   177   145    95    23    40    43    68    92   137    52    31   132   147     3    88    56    18   166    97   151    17   101   100    36   124    35    76    46    40    65   178    73   104   127    60   103    36   175    24   118   165   166   140   160   112   155     1     8   107   147    17   152    46    50    80   175    99   131    85   144    79    26   178     4   114   171    45   147    77   167   128    32    51   111    82   111    84   168    46    92   131   161    48    23   146    71   162   120   132    65   172    25   154    49   127   132   178    31   164   140   120   131    10    31   123    50   137   172   125   166    35    90    43   112   162    76   158    21   100   159    78   113   119    16   123    32   177   102   112     1   137    31   108   169   175    69    80   149    99   128    51   157   143    38    42    34   102    56    71   146   110    28    94    15   145    59   154    28    32   120    45   145    76   170    35   112   112    26    85   171   162    19   175   102    23   164    33   129   175    30    35    23    58    43   151     8    23   174    57   142   163    11   104     3    82     2    36    90    29    16   123   127   140    54    24   156   117    20    25   131   174    22   172     9    40     3   126    95    46    79   162   148    76    57    15   124    43    64    58    63   108     9    49    73   140    17   168     8   161    63   130   134   113    32   148   120    48   155    83   149    31   129   152   174   138    63    75   173   180    94    45   108   145    13    44   160   152   179    89   180   147    14    75    62   103   135    88    89    71   150   156   126   159   180    59   167   108    73    74   124   129   176   170    69    36   123   132   104   152    98   148    17    24    44    48    96     1    78    19    98   123    82    62    13   170    31     3   133   134   129   159    10    47    54   165    23   175   154    86   179   159   180    11   147    31   155    18   158    48    60   127   159    33    72    82    67    82   126   100   135     6   103     8   127    70    97    68   166   174   104   136    74   171   122    33    24    87    61   111    58    51   141    87   119    95   107     1    89    51    32     4   165   111    58   147    30    95   117    95   104   155   157    10   128    38    62    22    55    71   117    75   153    51    33   172   125   126   151   142    67   143    55    57   109    81   175   167    93     8     2     8   125    60    16   180   108    61    94    10    25   175    64    81   114    97    41   147    41   164    84    61    41    61    65    51     6    43    87   114   173    88   117   121   142   128    65    57   112    39   101    27    99    27   140   161    89    86   156    20   174    62    16   104    23   136     8    39    14   123    39   123   166    97     8    26   127    53     2    75    57    16   159   151     6    41    56    79    68    89    48    72   153    32    10    16    65   172    51   169   132    82    20   177   164   131   107   135   114   156    13    70    84    77   180     8   155    15    44    21   108    80   152     3   123    44   165    44   141    34    43   179   108    63    33   177    90    77   140   105   136    95    72   156    92    43    82   178   109     9   114   143    89    22    22   142   155    70    45    15   105    76   165   162   141   143    59    59    77    31    57    62    27   174   164    45    22    16   111    43    13   108    84   118   168   166   110    43   140   166   167   178   124    67   163   175    61    35    64   172   150    36   170    70   127   144    21   154    22    44     9    33     2   154     3    90    33   178    15   109   137    22    16   147    85   180    18   167    45   133   179   126   147   101    44   113    92   138    28    19   120   103    32   102    79   156   180    24    75   147    80     2    77    57    94   140    91   167   147   180   146   120    97   175   132   179   105   161    44    51   172   121    48   176    35    87   125    18   114    24    74    61    62   142   155   166   165   168    40   155 
   59   179   135   147   150    51   129    67    36   146    80   157   145    41   176    37   142    44   146    18    90    67    74   145    90   173    93    75   166     8   135   145    20   140   140    50    74    97    87    20   115    12   133    92   166   157   172    88   100    71    98   137   133    37   157   151    76   139   142    61   110    64    13   113    65    45    56    61    84   101   127    56   155   103   151   119   137    52   103    69   174   112    21   110    29   129    40    93   160    99   108   178   169   176   160     1     2    70   118     5    31   103    69    24   151    57     2    85   101    77    58   171   135   151   104    81   103   117     5    25   160    39    22    83    82    23   117    67   134     5    25   101    39    91    71    16   166    60    33   174    66   127    12    95   135    37   148    88    84   109    80    60   179    36    17   152    68    65   100   133    21    73   167    96     3   103     1   169     7    73    44    40    50    51   131   124    83   132   170    52    98    42    14   115    54    56   114   116    47    45   100    46   168   104    58   123    35    59   128    28    65    37    29   150   148    63   148    51    14   149    31   149    45   152    44    16   171    93    39   139     2    68    15    75   173   122    10     3   160    39    55    51    95   145    84   169    47   180   112   129   119   170   177    52    91    92    52    50   109   174    91   110   139    70    52   164    76    65   178    30   124   115    25   165    20    31     5   111   127   125   133    82    12   154   145   109   100   126   138   139   145   118   121    43    47   146   165   107    14   114    71    54   151   121   155    26    17   137    34     2    16    66   141    28    58   152    91    33   115   169   134    45   116     8   162    87    44   142    12   149   129    12   161    79   147    40    38    62   129    54   117   115   150    53   111    29    34    50   143   152    52   123    28    33     2     2   154    72    36    46   134   150   158   142    71   122    96   140   180    89    21    56     9   105   176   119    79   134   166    74    27   115    99    66   152   158   158   152    89   136     3    86   117    75   135    42    63   117    10   139    60    14    92    59    99     7    94   163    38   165    87    81   161   137    90    53   127     4   174    67   173   124   165   180    22   172    31    49    91   166   157    52    33   109   136    86   130    22    66    65    63   112   109    84   110    11    45    64    53    33   123   127   134    88    97    85   128   104    44   142    79    15    68    96   115    93   153    95    58    90   143    38   111    86    15    91   158    41   145    36    75    25   149    94    66     6    98   141    67   116    87   116   105    93   122    17   163    60   146   156    65   136    27   153   164   102   178   170   177     6     1   106    91   108   180     6    81    20   179    34   106   117    17    72    21    19   168   130    46   155    47   147    46    72    11    80    45    96    18   105    85   159    51   132    40    10    38   134    84   165   106   164    56    21   144    96    56    62    75   115    25    84   146    25   144    79    75    24    61   170   172    62    15   143    56   112   134    87    82    17   116   105    49    57   159    73   113   117     7   151   102   129    94   113    74   160   144    90    61    36    98   109   138   100    64    58    20    64    29   140     7    40   118    36    28    72    92    43   152    44   138   173    13    20    33    86   103    64   119   179    31   114    43    92   102    21   120    97   150   110   100    50    86   168   102    39   117   156    90    66   127    95   148    18     9    68   137    28    27   136   139    91   173    47    45    69   159    41    85    14    30   149    18    67   120    56     6   131   136   116    75    88    23    65   124   129   178    48    92    70   173   142    15    78    42   139    57   164    55   156   127   171   123    85    59   109   169   123    17    53   177   124   103     7    39   165   130    22   147   111   128   170   160   133   131    27     3    17    29   141 
  164     6   122    34   156    74   168    87   139   179   106   131   153   114   110    19   156   129    61   121    69   165     8   116     8   126    70   103   179   111   117   115    81   179    14   116   179    77    93    91   119    23   126    69   122   172   156    80   165    82   115   172    77   109    10   141     8    36    49    66   117   169   152   153    96   159    72    86    51    83    81    24   109    91   119   146    11   165   129    59    66   139    33     4   104    37   105   179    80    25    64   155    12   132   180   110   160   145    23   102    47   168    85   150    32    86   143    20   162    18   100   117    16   128    34   156    85   120    87    71   121   112   114    55   157    43    66    38    31    56   120     1   131     9   103   115   155    19    76    34   120    14    27    46    70    47   116   140    14   175    36   101    89   161   174   175    15    31    91    12   118    14   142    72   178    35   153    35   115   148   109    93   167   164   105   102    46   124    78    18    76    51    72     7    87    15   162    68    82    80   114    80   134    75    97    22    35    40    97    58    27   172    67    80    22    39   178   116   104   109    51    41   113   148    10    94   139   102   120    71    31     9   140    14    81    74   100    66   152   130    29   167    51    13   180   159   103   174   121    72   120    13    90     5    30    47    84   140    76    27    18   178    70    62     9   100    60   168    98    60   166   158    86    49    81   172    36   109   155   150    98    76     9   175    98    48   109     2   143    17   144    12    69    19   103   144   159    41   173   112    57    37     6   112    80     8   103   132    61    44   144    79    36   101   101    49    23   136    72   121    40   169    83   157    76    31   107     7    18   119   178    19   143   141    10   160   142   166    71   173    71    30   136   158    23    66   129    61   165     7   177    99    81   180    91   141    20    73   134     6    61     2    32   106   130    74   105    12    28   125    41    74   105    34   110   101   124    43   178   105   146    50    27    11   143    20   129    56    86    37   141   119   148     6    29    38   152    28    38   129     2    86    29   127   117   153   143    46    63    64    47    15    49    53    41    77   120    42    53    19   101   147    87     7   102   104    26    56    78     1    98    80   130   120    91    56   168    34   146    47   104    86   139   147    73    17   170   115   157    48   165   162   142   167   114   135   156   132   159     2   121    13    64    30    57     3   158    42    55    73   174   155    70   156    40    66    53     8    16   101    82   107    98    26    82   112    11   178    18    11   136    41   132    17    57    20    28    80    81    29    12    87   158    44     7    92   112    53   153    22   116   149    42   177    37   121    93   106    40    37   138    88   149   137    17    44    20   135   114   116   146   158   154   161    64   137    29   147   137    25   135    21   153   137   174    26    33   145    72    41    43     6   113   158    63   104   107   101    24     2    70   140   161   110   113    78    61   130   131   143    17    49   122   136   102     1   133    71   150   135    28   108    30    92   131   159   104   125    94   149    25   108   137   116    18    67    93    50    34    85    64    57    20    97   137    66    66     3    25    75    34   126   172   126   162    39   101    21   148    72    88    26    30   125   153    96   123    25   173   109    37    99   141    81    38     9    54   129   112   169    95    44   140   110   153    95   178   136    54     6   131     6    64   114   105    59    21    64   142   112   171    44   164   175    64    71    45    73   146    83    23    99     9    84    39    31   171    33   154   134   178   179   158     9   108   156    74   106    61    13   113    86   145    85   151   166   171    14    49     6     7   120   114   153   159   153   105   147   133    31   116   175    54    46   143   177    62   128   177    43    73    50    38    15   123    63    99    12    23    23 
   67    22    53    92    95   134    20   113   115     8    35    92    56    83   159    64    37   113   111    12     3   138    67   169    48    17    20    56    95    11    58   109    69   172    28    49   159    90   101   115    38   179   103     6    37    10   125    12    61   110    24     4    17    21    68    78    28   125    99   175   104   103    93    43    16    17    55    16    15   137     5   115    60   148    70     8   132    39   126    42    32    75    38    54   117   169   157   157    49    59     4   175    66    88   159   112    94   124   112    55     4   101   115    68     1    50   123   140    20   152     2   112   126   178     3    96    45   167     4    11    18   158   133   166    17   134    61     9   129   162   151   114    43   168   172   131    47    45   164    74    94    86   110    67    43   126    67     4   160    67   162   110    38   100   124   178     5     9    36    36   119    74    67    30   114    58   156    35     4    89   165    56   135    83    78   176    56   120    30    30   102   179    75    62     2   139    32     1   104    85    10    65   120    69   127   103   121   154    36     5    93   123    57    71    16   124    87    99    44    35    64    24    68    20    48   129     2    38   132    40   115   159   125    71   154    83   106    62   148    55   119   139    10   142   126   154   105    41    28    96   110    37   178   103   175    45    46    70    50   142   160    74   120   155    51    15    31   175   168   122   147   140    22     8     8   116   153   146    85   167   166    36   147   140     1    41   158   131   132   162   152    14    53    48    91    79    76    46   112   112    42     7   116   145    21   121   123    57    78   156    34   128    61    29    62    35    95    74    40   169    65    45   106     2   120   168   111   134    82   177     1    22   123   109    35    26   110    77   164    20    63     7    94    91   149    98    72   131   163   166    35    56   169    37   164   147   112    72   129   155   155    99    49   152    30    71    15    34   128    71     6   106   151   132   120   123   112   149   126    42    47   142   138   107     5   105   116   152    84    43   128   143    21    12     6   107    29    47    42   133    62   150   121   160    13    75   100    12    40    76    81   151   171    61     6   151    34   176   154    90    38    10    64    82   154    83    78    76    95   172    65    46    30     5    72    63    46   139   103    57     8    83    73    71   165    12    49    17    23    59    40   125   168   142    49   119    12    57   141   102    11   156    67   166    81   139    22   150    45   172     4    10    25    16    21   173    42   120    29   147   159   104   155    11    60    75    38   155    80   117   140    65   150   118    27    28   122   121   140    89    18    19    24   136     5   159   173   162   119    61    31   156   170   107   159   133    71   157   166    28     6   100   164   173   121   102    69   159    11   149   103   124   163   116    35    28    18   100   135   123    57    40    94   154   172   153   179    98    19   118    98   168   153    86    51   120    92   127    43   146    40    25   104   124    13     6   135   111   134   137    90    43   158    14    89     9   170    27   141     9   156    56    84     2   129    85   135   122   180   103   156    12     2    18   144   162    23    91    12    79   115    58    26   109    31   131   133    12    45   138   146    15   165   144     3    58   150     7     1     8    64     4    39    40    74   168    52    37   169    42   179   117     2    75   161   110   103   175    70    93   162   165   127    41   108    85    82   146   154   145    57    65    91    74    57   170    26    48    60   171   156   150    70    40   156    96   170     7   145    41   104   148     9    20   101    97    56    95    28    46    48    93    91     9   160    31    95   128     9   148    93    62   118    79    20    56   106    45    18    36   149   179    56    54   115   104   121   158    24   125   156   142    42   176   123    41    20    73    55    63    54     5    18    11   131    21   146   128    21    18 
   61    26    65    11   110   151    87    47   163    78    21     8    25    28    89    22   149   144    61    84   100    36    39     6    79    72    57    75    53    97    54    62     8    92   163    69   113   132   139    45   116    61    98   132    68    69   110    95    91   137    96    39   130   142   123    94    90    39    78    44     8   137   120    39    47   105   165   106    62   178   169    18    72     3   178     6     9   164   135    94   153    83   131   112   137    23   149    77   157   136   148    20    38   174    43    80   111     6   146    90    89    77   140    42   123   109    18   144    40     9    13    31   148    67    27   180     7     4   159     8    28   162   147    70    42    72   176   173    25    43   101     6   136    26    94   163   115    23    24    74   135    82    83    92   108    11    99    35   167    73    97    99    52     5    53   170    97   115    12   127    52   147   115    33    45   120    80   118   172   126   127   121    45    50    78   171     2    77    73    11    28   151    59   101    82    95    14   113    10   127   154    81   144   170   118   174    70   173    71    48   120   116    18    90   110    68   100    58    57     3   166    93   141   178    11   176    98   114   105    27    41    11   134    99    37   103   135   156   123    74    87   165   122    73    25    46    90   120   108    91    91    85    65     2    40     2   136    41    64   110    73    68    60   147    38    92   130   107   174    10    14   166   118   106   100    13    76    73   164   135   158    61    68   147   167    24   153    43    30   158     6    84   152    66   105   150   105    95    37   154    73   160   179    85    25    86     9     9    87    64   159    56   156   146   123    70    11   112    51    77    56   147    42     2   149     2    90   107    14   165    21   105   175     2    35   131   123    83    46     1     5    86   136    89   150   132   101    16   156    26   175   109    97    46   159    95     9    17    59   104   171   162   176    69    64    96    38    12   165   161   107   132     5   141    45   140    62   170     5    85     5   137   177    35    15   104    60    70    52   100   114    67   152    56   179   123   137   133    17    22    59    19    72    61   137    47    12   120   134    39   176    43   155    95    18    77   145   169   130   120   122   142    29   125    47   151    39    72    46   156    64    43    37    80    87   123     9    44    66   157    81    79   169   138   137   121   111   145   140   153    29    20    79   142    21   164   102    95    15   169    48    11   166   143   137   151   156   122   148   116    68   143    67   126     1    57   125   162    25   180    49    66   162   127   171   166    14    96   134   139    13   150   159   175    16    99   130   143    18     8    68    41    71    44    27   157   124   103    85    69    93    41    48     7   120     7     8   148   122    95    81   125   118   153     3    71    89   112    68   114    84    71    41   170   112   144    60   113    12    51   153   105    64    56    32    66    74   149    55     6    44    94   170   101    81    79   144    69    53    47    12   138   112   178   128   155    44    75   107    97    78   108   179    10   120     5   138   158    51   165   100    87    50   115   153    68    66    52   119   171    64    56   141   166    75    26     4    39   111    43    58    27   157   175   180    28   131    40    73   178    82    94    32    32   126    14    24    71    62   113    94   114    47    11    50    57   118    87    37    65    95   176    59    22    41    65   110   168    71    64    57   106    16   127   125    58   122    86    96    27    43   177   150   122   163    80   135    22   160    87   124    71   177    34    95    46    82   146    41    66    54    18    49    81   126   165    35    84    22   173    81   167     3   178   117   166    70    49    16   131     5   106   107   104   106   159    23   159   104     6   105   124    73    94    86   164   174    22   164   124    44    31    73    70   117   101    81    18   142   135    80   151    90   165    18    10    20     2    50    52 
  174    12   149    59   139   107   115   142    25   169   121   145   150    99    66   126    45    16    90    88    65   150   126    24   168    47   134    29   140    78    54   125    59    68    39   149   117   166   104   115   133   138    65    39   115   150    35    65   176   140   175    57   128   158    60   138    96   108   170     9    61   175   119   176     7   137    44    79   152   170    50    75   155    50    90   168    22    38    98    51   127    69    17   140    63    13   166    31   104    92    45    77   178   133    97    52     5    47   100   159    31   114     7   119   168   147    13   145   170     6   122    30    75    86   176   116    12   113    70    65   168    76    95    15   120    50    68    51    56    68   177   155   160     1    27     8   128   106    22    97    89    18    66    71   156    88    39   148    19    68   171    43    54    50    86   117    33   118   142     3    67    85   123    97    33   157   111   133   108    56    12    77   128    56   150    90   107    32    81    53    36    71   113   161    54    15    62   116    43   137    62   128    41    25   166    10   150    37   155    96   127    73   111    88   179    39    46   172   119   177    55   104    70   127    37    87    73   169    43    35    69   114   124   138    79    20    59    91    84   123   123    81    57    25     5    26    17    45   107    70    77   169    89    58    57    69   139    83    66   165   151   105    42   143    90    39   124   145    43    57    92    62    64    47    59    30    27     3   112    76    19     6    29    32    21   107    18    52   135   161    59   100     4    58    50     4    22   138    84    13   111   129   105   122    60     7   155    87   150   117    76    60   178    39    54    19    93   113   124    68    72    51   167   150   118   144   162   128   151    32   120    26     2    77    16    78    98   155   156     9    47   125    23    86     3   146   132   177   178    70    82   128    67    69    66    64    53   129   125   134   167    62    57   113     7   162    46    76    42   149   154   152   160    22    81   169   168   163    26   155    28    71   103    83    57    26   148   131    77    67    50    59   131   168   108   118    70   130   113   167    98    10    74   104    71    13    17   116   138    24   168    56    62   151    54    35   102   154   160    23    63    74   162   169   143    88   159   178    83   138    75    69    31    11    69   156   115    10   142   123   154    68   161    76    82   135    52     6    20   105   148   153    62   178   135    64    60    55   175    56   137   134   162    51     3    76   119    95   146    56    88    78    19    52    69    45   129   105    84    39    36   180   121   147   128    42    40    69   169   128    42    48    86    22    98    59    39   135    85    93    33    52   156   179   148   141    48   156    82    47    25    25    22   116   171   167    73    73    25    58   124   114   102    81   167   161   139    69    69    81    50    90    88    39    44   112    39    13   127   140   128    27   141   113    85    67   163    81   164    11   159    50    77   139   125    82   100    67     5   119   126    13    60    29    48   110    83   148    82    78   176    82     6    78   103    69    75    72   135    14   150   152   122    32    12    24   152   132    77   155   127    79    16    99    33   155   150   168   101    15    78    59   126    43    30   134    44    15   149     4    19    89   173    20    93   172   150     4    49   162    62   151   161     1    40    46   177   139    36    31    18    39    81     7    58    59     6    88    66    91    49   150    11    49    27    61    21    48    35   158   141    30   180   147   176   139    80    67    37   157    51    86   130   143    40    56   161    40   142    60   147    80   123    39   110    85   113    41   134    93     8   129    18   118   171   141   134    75   159    31   151   178    77    98    24    62   171   125    77    10    22   147    73   152    72   134    45   143    92   101    92   153    99    24    34   142    56   155    83     4   163    70    33   135    86    37   134   145   172    91 
   53    70   124   119    97   177     6    10   132   100   143    11    98   143    49    93    10   147    84   132    16   104    62   108   149    55   101   144    29   125    86   123   146    22    43   106     7   156    25    90   166    68    42    20    15    43     9   159   128   175    83    64     1    21    16   135   159    11   137     6    61    40   172    60    86    26    81    78   162   122   121    18   144   126    26    35   145   104   159    72    60    27    38    41    84    36   113   180     6   136   167    38    18   154   127    46    38    90   121   140    96    36   156    92    75     9   142    60    55    81   168   162    73    28    31   152   132   157    13   140    24    26   118   168    65   121     5    81    47    33   166    80    51    53   147   148    36    13    39   160    89    53    23    51    78   151    11   133   121     8    62   130    79    77   148   153   163    85    59    64    55    52    38    27   112    18   126    67   113    32     1   101   173   173    45   140    82   169   165    55   150    52    79    24    54    93    26     9    34    94   173     3   108    73     1   169    12   148   160   116    84   177    16    73    15   100    65    44    50   132   132   143   175   139    97   146   145    90    74    65    14     6   178   166   119   146   101   121    65   134   144    55    79   165    48    58    70    29   126    59   132   174    22    71   107    68     7   140    75     9     8   128    25    90    70   138    22    40    90    17    45    98    58   143   137   169   155   146    17   155    33   151   121    47     7   118   165    36    60   123   133   135   156   116   178    36    48    47   144   128   138   138   114   138   175    76    42    63    10   123    68    51    30    59   111    50   119   112    28    58     4    92   124   103    96   119   117    80    57   141   117    89    20    37    76    61   162    86    98   114    89    69   171   175    24   138    64    16   142    50    30    78   126     6    81    70    91    87   121   153    82   127    99   104   155    44    81    80     2   107    42   146   139    60   125    39   180   129    11    89   175    99   116    92   136   177   109    10    44   121    21    18   105   106   143    38    58   118   159    49    16    67   148   111   179   173    38   161   121   154    31   120   168    63    15    72    98   165    76   169   120   123   155     3    96    32    59   129   169    61   168    74   119     2    93    97   117   167    51    67     9   172    95     2   112    22     4   121   121    87    30   155    47   170    87   117    36   120    96    67    75   145    74    82    77   145    63   113    67   138   113    39    26    19    83    20    10   149    81    76   157   138     4   166   105    15     4   113   112   110    46   159    25   154    72    65   113    39   103    77    51    43     1    99    54    10   108    22   171    74    19   104   141   173   139   119   175   167   157    97    31   153    30    84   147    14    10    78    29    40    13    24    77    60    64    60    99   106    77   134    85    87   139    86    21    46   122   147    28   179     9    22    96    13   107    36    15    42   167    12   156     4    35    31   179    30   118    47   169    40    54   143   118    90   124   127   114    39    17   102    33   175   103    68    39   120   172    22   168   150     9   120    55    88   174   155   104    31   133    52    96    72    72    64    77    84    51    31    92    21    63    47   104   150    38   110     1    97    48    96   160    26    77    49   177   161    61    48   161    41    33   138   175    31   136   178    76   152    23    41    38   121    67    35    63   168   122   101    23     7   154   137    88   157    34   174    23   102   114   157    69   170    41    79    38   127   133     6    43   117   160   154    52    27    74    99   154   171   152    15    80    51   135   115    66   135    27    10    44    32    64   111    90   126   128   101   147    40    63    35   103    81   119     4   108   167   101   132     1    83    79   178   165   127    23   125    86    72   134    76   120    14    23    34   141   132   145    36    63    81 
  106     8    48   176   124   157    65   134   157    71   113    32   170   159   127    16    77     2   153    19    55     1   149   147     7   134   141    53    97   129    27     1   110   163   129   147    56    16   101   146    62    56    91     9    71    91    18    42    69    80    46    44    59   147    92    71   151    98    71   153   157   107   130   141    64   115    15    97    52    60    62    33    49   146    77    12    76   134    92    88    28   166    83    26   122    84    93   177   104   122   129     4   171    53    86   122   110   101   145    90    53   160   178    97    85   171    79    31    17    92    74   107    59    39   149   140   162    98   101   167   151     1   149    22    79    54    38   118   115    82   141   133    40   145    15    11     6    24   106     7    78   170    95    80   129   128    68   151   131    43    87    26   150   111    38   146     8   160    43    67   149   105    91    67   136    65   108   109    12   118   109    57   106   158   164   114   171    16   124    41   139   171   119   131   168    73    58   122   127    13   143   127   127   155   172   170     8   166    60     4   101   170    81    79   119   106   171   174    28    78    22   105   114    11    32   120   179     9    48   119   165   171    59   109   102   132    11   168   105    35    87    37   124    34   169   157    69    58    86    79   126     4    82   137    18   119    58   135   172   100   159     3    68    16   142    94    34   178   122   113    89     3   120   119    14   152   125   124    84    29    25    26    48    57   158   111   147    76    29   170   106     3   137   175   104    68    81   130   154   126    16   139     2    51   172   180   172    91   160   105    27    19   100   132   102   102    32   156    52   133   170    28     5    67   118    87   178    90    21   143    78    42   151   152    62    77    76   154    54    13    43    79    10    41   141   177    28   171    92    86    35    74    89    67    65   160    39    66   161   102   119    92    49    36    74     3   112    89    98    47    57    36   145    98    41     6   134    36    91    36     5    88    80    10   158     3   175    47    66    54    17   112   135    94   176    85   143   128    19   146    39    24    86    66    71   145   149    17    36   114    26     4   118    68   139   103    77    75    74    73     2     5   174    98   155   105   132   138    37   178    97    65     9   123    99    79    65   155   128    80   180   131   137    28   149   180   155    19    11    33    89   159    74   176   178    49   154    78     4   148    42    46    94   170    50   143    79    78    37    87   151    19   177    63   107    18    30    47   148    42   137   138   153   102    27    66    39    96     9   105   158    82   129   116   157    52    85   176   141    58    47   179    71    69     9   141    88    80   160   145   148   124   130    95   110    20     4   149    29   154   112    25   165    75   124    20   130     5    61    31    16    57     3    81   161    77   167    63   136   143   170    70     2    60    57   129    89    98     8     7    31   154    32    95    11    49   110   169    20   162     8   157    73   162    66   112    78   157     4   103   112    70    85    13   121    24   178    24     8    49    22    63   120   144   145    65   134     1    70    96   177   177    18   137   101   176    58   132   165    48   105    24    75    18   170   161    19    58   168   178    20     6   173    13    68   171   123   155   148   173    98    43    43    61     4    94   104     8   124   157   112    26    43   100   175    83   159    10    92    66    84    78   118   103   110    73    76   120     8    98    84    20    10    65     9    33    20    98    54    22    54   145   147    55   156   134   103   164    66   158   158    81     2    96     3    50   153   130    42   177   125   124   143   106   132    57    71    72   100   110    99   164   173    75   173   115   105    18     9    62   150    44   169   119   173    52    78   112   126   173    43     2   178    34    29    45    48    21    35    38   142    14   127    27    12    46   106    12   174    25 
  157    73   127   125    83   137     2     7   164    58    40   155    34    70   139     4    56    40   108   105    37    61   120    86   116     9   160    87   122    73   145    31    90   110   121    34     2    72    62    49   124   105     6   130   147    64   146    44    96   160   157   154    10    84   147    94   103   122    85    42   161   144    78   148    55    80    65   157    12   174   151    85    45    59     9   103   114    79    50   174    91     6    26    92   105   135    70    23    30    74    43   101    32    55   116    83    94    50    43    40    43    59    26    37   127    24    35    92   167    76    39    52    15    48    62   122    95   157    25    41   108     8    13    93   106    34   122    14   155    26    14    17     7   174    75    23    55    64   176    17   125     2    25    61    30   170   101   152    13    94   145   121    44    90    72   141   170   116   133    98   130   121    16   111    43    65    23    91   162   180    52   105    70    56    64    96    72    77   152    98    21   129   170   118   172   125    95    18   126   163   104    23   141   136   110    39    60   144   136    53   120   177   135    27   111   154    86     7    52   118   146     1    59   164    52    13    66   110    70    17   170    52    38   100    29    94   129   158   167   131    83    95    82   120   161    82     1     1    30    88   143   101   129   140    30   165    25     6   162    43   116   111    74    96    43     4   122   161     7   175    77    20    22     6   130   121   126   141   129    97   157    76   159   161   161   102    26   168   123    38    30   161    64    98    39    25    72   177    69    69   149    63    89   112    44    78   123    19    81    28   177   126   138     4    28    55    21   122    40    20    81    24    97     4   105    13    22     4    41   132    41   128    26   111    46   124   151   164   105    18    68    92    75   146    41   161    57    35    95    39    66    71    90    93    26   142    94   129    53    62   115   169   161    62    27   110    52   142    32   168    73    65   113   179    46    74   147   109    55     1    67   166    61    70   119     7    83   155   177   174   113    18   112    49   179    60    65   174    47   172    73   174    14    85    98    29   116   109   134   175   153   118   175   149   142   146    68   124   101    95    40    55    35    81    30   104     8   126     6    82   121   102    97   136    42   158    34    87     5    38   147   108    32    43    34    34    88     4   166    32   145    63    81    12    89   169    37    71    60     4   176    99   157    12    88   178    44    84    65   132    14    31    11    26    43    70    19    85    10    21   176   158     3     8    84   111    29    83   148    49    62    58   112   147   170    17    54   154    75   116   179    19   112    79    89   153    55    88   122    44   126     1   120     7    94    94    19   107    19    60    99   155   165   152    48    35     5    35   142   175    77   176   123   151    44   134   107    92    83    77   123    37   146   102   139   150    54   179    41   109   120    15   114   116    63   165    48     8   131   150   180    10    88     5   151   122    77    71   154   162   113    22   155    73   124   144   134   167   177    89   117   119    95     8    56   127    86    25   177   178    87   154   111   109    57    65    27    35   172   176    52   159   163   118   151    27    31   106    45     1    82   106   103   159   124    64    27   153   162    75   139   122   117    49   124     9    50    52    68   144   180   156    78    76    94   168   143   165    27    61    81     9    42   145   143    47   154   156    92   145   154    69   172    35   106   130    66   125   154   158    80    68    55    65   119   169    68   144   111   147    65    89   155   123   176   120   158    37   142   151   117    81    37    14   141   154    89    90   102    20   145    91     9    54    29    16    72    67   173    34    26     1    10   129   140    75   178   101    67    84   153    61   105    25   171    69   172   139    35    87    91   178   101   110    44    74    62   103   101    29 
   94    47    70    46    19   170    24    40   130   149   106     7   127   152     1    20   120   114   150   105    89   170   151    67    85    94    18    86    14    59   156    77   103    84     1   159   126   123    18   159    65    54   150    42    73    88    30    53   157   115   154   107   172   116   159    61     3   114   166    81     6   171    44    49    80    48   153    57    98   113   145    18    82    23   124    67   176   148    74    36   141   178    85   159   172    76    51   128   147   103   144    11   157    38    30    95    90    94   134    95    84    81   132   115    21    40     5    15    32   124    67    77   167   134   163   179    68   172    22    86   168   124    59   136   157   105   100    56    74   103    42   158    89    54   164    21    92     3   116    90   121    86    93    14    77    99   151   116    66   104   170   175    56    28   122   100   109    32    65     1   179   163     5    51    75   133   115    86   150    33   134   172    66   146    35    55   163     3   144   148    66   120   177    11    26    81     8    98    17    19   163    35    48   152    66    98   158    51   153    53   157    72    75    29    16   123    99    65    57   148   175   105    76   161    39   118    27    69   145   127    53   102   178   132     2   154   127    58   143   168    22   162    53   157   180    27    61   163    10    68   170    36   162   125   138   109   108    94    21   161   120    83    77    76   150     2   100    49   164    44   166    48   154   135     9    73     5    44    88    47    21   148   157   105   113   154   176   169    24   100    93   168    66     3     9    99    67    96   118   119   108   147    88   104    30    48   113   127   112   128    11    84    21   164    53    28   112    52   146    94     8     5    17    88    25   153   144    42    25   101    18    92   158   144   170    47    34   107    37    92    45   138   169    66    76    70   124   124   136   124    73    52    17   161   159    30    20    72    48   143    61    74    75    79    49    71    92   151   151   137   175   153    29   102   154    38    36    70   128    58   106   114    49   122    36    60    69   178   107    58    16    21    51   128   147    79    97    65   156   143    78    14    56    56    23    79    98   135   157    89    80    84    43   129   113    90    14   178    14   166    22   108     6    91    28    30   156    90    45    72   125    47    18     3     7   130    10   164    41   165    14   156    86   108    15   116   127    92   149     9   165    40    97   154    67    21   103     6   165   162    74    91    95   176    19    60   126   130   104   164    96   121   170   135    88    81   136   151   139    60   120    30    53    12   158    78    71    65    73   147   113    44    97   119   150     8     1    41    47    73   177    70   156    92   122   153   170    25   153    22   144   161   154    13   118    32    10    56   141    56   175    82    77    14    99   150    15   126    42    38    55    73   160    76   106   145   157   150   111   175   122   134   150    41    81   104    10   150   149    17    48   111    64    21   175    95    67    95   127   176   128   105   103   115    22   116   162    73   170    96    70   128    18   101   145   149   129   168    83   158    18   106    36   117   130   133    45    63   128   161   130   179    10   142   135    66   122   137   112    13    77    78    20    76   168   155    55    14   129    90   166    74   101    60    24    79   171   165   144   107   104   127   168     4   157   159   143    94    27   168    46    25    28    67    92     9    93    26   166    59    11    41    88    35    62    66    35     9   159    83   173     3   153   127    43   108    91    44    91    81   102   101   105    40   167   179   144   107   161    76    27     4   106    12   179   122    17   155    94    56    46   138    46    75    19    81    77    79    95   129   100   109    33    97   111    48   128     5   170   155   133    60    27    86    88    98   112     2   165   104    88    31   139   168    99   102   113    23    71    70   166   166    74    46    34   155    41   111     4    46 
  120   105    77    91   172     4    78   150    33   163   120    81    64    76   139    19    88    90    86   166   180   161   117   121    59   158   108    14    60   100   155   142    24    14   143   133    79    66   154   115    51   101   166    10    61    13   113   138   102   107     4    95    75   116    67    98   113    68   121    45    11    77    92    39    83   115     8   142    59   106    24   175    40    95   113   105    31     4   134    19    75    40   117   111    90    17    30     1   112    23    47   136   161   139   135   159    93    54   113   106   142    24     4    73   121   140    71   152   139    13    69    55    58    70    47    14    35    53   129   169   113    77    87   127    93    56     3   115   118    93   138   162   105    18    38   142    56   171    52   179     6    77    16    11    67    83   138   135   178    13    95   125    46   169   168   178    16    20    69    29   110    46   105    34    82   123   139    55    47    49    80    53   151    19    86    31   167   155    99   128    66    56   140   167   152   108   168    13   143   128    70   139   139   154   111   121    48     6    89    70    83    81    13   165    60    40   153   104   177    58    69   154    78    64    29   116    89    12    92    39    92    92    56    84    88   141    45   115     9    87   156    85    57    46    44   136   134   151    57    34   143    28    98     1    53    72   127   151    71    53   160    60   156    27    82   126    63    75    16    34   144   100     5    51    92    60    95    86    28   119    71   126    83    43    68     8    34   144    86   178    29    60   110   120   176    32    89   167    76   137    53    27   112   176    96   174    82    38   104     7    95   126   166   172   143    97    22   147   165    95   148   142    77    27   111    50   104    81   146   175    98     9    40    29    58    80   168   145    19    63    13    69    47    43   107   144    40    47    82    36   175     9    37    64    85    77    14   100   158   178   141   115   166    38    77   139    59   103    58    46    81   158    15   162    77    28    73     4    76   113   163    59    88    42     2   162   104   147    86    58    63    51   126   160    96    33   167    62   140   136    44   166    19    33   126   166   169    16    53   164   179    12    55   167    57   121   157   107   151   129    72   142    70   126   154   125   175    89    30   173    84    86   138   111   173     9    77    80    46   168   135    47    48    73    51   124   134    12   148     5   147    24   127   179   156    41   115    36    79    58   117    15    68   154    44    67    57   117    15    98    27   128    26    12    55   126    10    95    55   106   139   141    43   142   124    25    70   149     3   177    23   170   103   125    78    87    99    57   138    44   135    65   170    25     9    98    18   162   127   168   152   156    42    38   154   177    19    53   105    15   129   143   117    32   116    14   150   102   101    32    59   132   126    25    94   105    71    48   118     5   116    25   160    93    11    31   158   104    31   169    53    32   164    62    47    35   176   146    22   114    61   141   146    96    49   147    48   169    33   157    58   148   137     4    14   172    10    74    11     6    28   114   135   144    67    19   107   107   105    14    23    92    91    18    81   177   140    14   164    50    69   132    59    10   171    71    83   116   153    44    98   170   114    40   115    98    36   159   173   125   101   154   133   165    29   141   116    81    21     4   177   131   115   117    63   119   126    69    18   129   173    84   126   128    32     7   102   160   164    10    90    65    32   107   149   160    32    13    17    30    30    99    76   161   147   161    15   148   100     2    83     9   176   141   144    44   170   155     9    95    26    72   131   137   145   104    32   122   103    86   118   102    83   169   157    21    46     4   131    31     1    73    62    79    84   129    81    65   107   123    92    18    79    99    17    32   129   131    94    28   136     9    70     9   135    25   111   175    61    75 
 0.00  0.39  0.26  0.21  0.21  0.30 
 0.39  0.00  0.35  0.36  0.26  0.31 
 0.26  0.35  0.00  0.38  0.22  0.34 
 0.21  0.36  0.38  0.00  0.38  0.22 
 0.21  0.26  0.22  0.38  0.00  0.20 
 0.30  0.31  0.34  0.22  0.20  0.00 
