10 12
2
      3014
      2560
  3.3  11.4 219.1   1.8
  2.7  10.2 669.0   1.9
  2.9  36.5 496.5   2.0
  4.2  30.9 662.7   2.5
  4.7  42.5 790.0   2.3
  2.5  36.7 542.6   1.9
  3.7  17.4 857.9   2.2
  1.2  15.3 544.0   2.4
  4.3  48.0 877.6   2.2
  4.4  25.7 483.4   2.0
  5.0  18.7 867.3   2.4
  4.7  38.5 251.7   2.2
  1.7  41.0 135.0   2.5
  2.1  22.5 430.5   1.8
  1.4  33.0 440.3   2.0
  4.6  29.1 509.9   1.8
  2.5  26.4 860.8   2.0
  2.0  25.0 367.5   2.0
  3.0  12.0 201.7   1.6
  1.4  11.7 375.7   2.4
  0.2   0.4   0.4   0.4   0.3   0.3   0.3   0.3   0.3   0.4   0.2   0.4   0.3   0.3   0.3   0.4   0.2   0.2   0.3   0.2 
   85   121   144    91   139    67   139    77   112   162   172    96   123   171   162    47   170   169    44   116 
  107   107   164   180    55    95    73    56    48    56   105   115     9   100   179   171    20   105   146    16 
   28    56    17    18    11   114   154     4    96    20    51   152    96     5   144    33    92   137    75   117 
   43   155   100    98    46   149    25    58    80   167    37   140    43   126     9    79    60   151    28   102 
  167   109    96   171   113    32   134   138   166   130    19    91    50    85   123    43   142    95   157   107 
   57   166    20     9   122    30    65    78    87    12    61    79     8    14    19    10    84    97    89    82 
  103    92    20    32   151    44   132   124    99    17    74   126   180   123    61    55    45   136    20    14 
   92   136   154   139    21   169    99   167    16   149    63    76   102    82    50    10   169   149    42    38 
  173   159   106     3    53    71   176   135    13   174   104   157    89    63   109   107    42    64   117   156 
  133   118    15   100   103    51   121     8   141   169    55    13   161    65    38    65   104   176   115   180 
   65    86    33   103    44    68    12    64   107   137   147   145   139   121   159   115   145   175   147    16 
   17    24   114    22    84    93   115   112    15   165   106    24   109   164   171   130   173   115   108   117 
 0.00  0.34 
 0.34  0.00 
