60 12
4
     17525
     16849
     15829
     16560
  4.4  11.2  67.6   2.2
  2.4  21.6 256.5   1.9
  2.6  27.8 579.9   2.1
  4.6  45.0 647.4   2.0
  1.9  48.9 460.0   2.4
  2.1  36.2 565.5   2.5
  1.5  10.2 529.5   2.3
  1.9  40.7 317.7   2.2
  4.6  11.1 382.4   1.6
  2.7  20.9 437.6   1.5
  3.9  49.3 213.8   2.0
  4.5  41.0 111.4   2.1
  2.7  15.1 131.3   2.1
  2.9  23.5  86.6   2.2
  4.3  26.3 762.0   2.4
  1.5  35.2 395.7   1.6
  3.0  45.4 424.9   1.6
  4.6  31.0  86.6   2.2
  2.8  39.9  66.5   1.5
  1.8  13.5 792.1   2.4
  4.5  21.5 621.0   2.2
  4.5  44.9 441.0   1.8
  5.0  42.2 570.0   2.1
  4.7  35.9  61.2   1.5
  5.0  32.7 145.7   2.0
  1.2  43.8 815.3   1.8
  2.2  13.0 692.3   1.9
  4.5  30.3 641.7   2.2
  3.0  41.7 753.8   2.1
  3.6  29.4 808.5   2.0
  1.7  22.1  86.0   2.4
  3.2  36.3 890.9   2.1
  2.5  33.1 365.0   1.9
  4.7  38.4 806.8   2.5
  1.3  19.5 529.0   1.6
  4.3  35.6 274.2   2.4
  1.2  46.2 217.4   1.6
  1.8  22.6  87.1   1.6
  2.8  31.5 706.9   1.6
  1.6  15.6 779.5   2.3
  2.1  49.5 132.0   1.6
  1.3  38.1 243.4   2.3
  4.3  19.8 720.6   1.8
  4.5  17.4 757.9   2.4
  2.5  40.3 941.9   2.3
  4.0  25.6 403.0   2.2
  3.7  27.2 613.4   2.3
  4.1  26.2 929.3   2.0
  4.6  38.7 736.1   1.5
  2.4  13.8 892.1   2.4
  1.3  27.2 205.3   2.1
  4.2  23.2 603.9   1.6
  3.8  28.7 921.6   1.7
  1.4  40.6 687.1   1.5
  2.9  44.3 245.9   2.0
  3.4  33.5 413.4   2.4
  2.1  24.3 127.8   2.1
  2.7  26.3 632.4   2.2
  4.1  38.7 263.5   1.6
  4.8  31.1 471.2   2.1
  1.2  12.5 248.0   2.4
  1.0  47.0 544.7   1.6
  2.0  31.5 328.4   1.9
  3.8  46.9 336.4   2.4
  3.9  41.3 198.8   2.2
  3.9  46.2 255.6   2.4
  4.3  41.8 424.9   2.1
  3.5  19.1 705.7   2.0
  1.2  22.6 944.9   2.5
  2.2  38.2 655.9   1.9
  4.0  41.1 638.6   1.5
  1.5  24.7 312.1   2.3
  3.2  16.8 321.6   2.3
  1.5  18.4 305.9   2.1
  3.7  48.9 444.9   1.6
  3.9  20.7 102.8   1.8
  2.5  41.3 923.2   1.8
  1.0  19.1 816.3   2.1
  3.1  39.1 634.8   2.2
  2.1  38.6 629.9   2.4
  4.8  14.9 445.6   1.8
  3.2  14.6 279.3   1.9
  1.9  22.4 397.8   1.7
  1.8  45.3 174.9   1.5
  4.6  16.2 570.9   1.9
  2.6  41.9 695.1   1.7
  4.8  29.4 795.4   2.5
  1.1  20.0 376.2   2.4
  4.5  32.1 631.3   2.0
  2.4  21.7 551.5   1.8
  3.5  32.5 866.8   1.9
  4.7  26.9 163.7   2.3
  4.2  22.2 924.0   1.5
  2.6  11.3 865.3   2.0
  3.1  14.4 842.8   2.5
  2.4  23.4 305.6   2.1
  1.0  28.0 103.5   2.3
  2.7  39.4 581.4   1.8
  3.4  24.1 402.7   1.8
  4.1  24.7 180.4   2.1
  1.7  31.9 798.1   1.5
  4.2  25.7 101.8   2.2
  4.0  46.8 691.0   1.7
  4.7  43.0 704.0   1.8
  4.1  47.9 532.3   2.0
  4.9  24.7 345.7   2.1
  4.4  22.4 629.2   2.1
  1.6  23.3 161.8   1.7
  3.2  42.0 104.5   1.9
  2.7  10.5 701.9   1.9
  4.8  19.1 581.6   2.3
  3.5  25.4 430.0   1.7
  2.9  42.2 221.7   1.7
  1.2  40.8 258.9   1.5
  3.3  16.1 350.8   1.5
  2.2  27.3 939.7   1.6
  4.9  47.9 506.2   2.0
  2.2  40.9 283.1   1.8
  2.0  23.5 746.6   2.2
  3.7  11.4 739.7   2.4
  1.2  36.0 789.9   1.6
  2.1  42.7 667.3   2.4
  4.3  19.0 403.1   1.9
  2.4  19.6 544.2   2.1
  2.2  25.5 307.7   1.6
  5.0  31.1 862.0   1.7
  4.4  11.9 144.5   2.1
  3.3  49.4 247.6   2.3
  4.2  14.0 818.2   1.8
  4.0  11.7 856.0   1.9
  3.0  33.9 739.3   2.0
  3.3  47.5 930.3   1.8
  3.2  10.6 232.1   1.7
  1.3  23.2 236.6   1.9
  2.0  44.4 589.7   1.9
  3.6  49.5 751.8   2.3
  2.1  17.3 324.7   1.8
  1.7  25.9 801.8   1.7
  1.0  22.7 488.2   1.6
  4.3  28.1 825.4   1.5
  4.8  17.7 747.9   1.6
  3.9  23.4 910.9   2.0
  1.2  24.9 153.6   2.4
  1.3  19.7 561.7   2.1
  1.9  48.5 899.6   2.2
  2.2  13.1 136.1   1.7
  3.1  23.9  96.3   2.1
  4.5  32.5 593.7   1.8
  4.8  43.4 675.0   1.9
  3.2  30.8 101.7   1.6
  3.9  45.2 597.1   1.7
  1.2  36.3 321.9   2.3
  1.6  30.8 686.0   2.1
  2.1  42.9 480.6   2.1
  3.1  14.4 416.8   1.7
  3.8  26.7 846.3   2.4
  3.8  40.6  66.8   1.7
  4.3  11.1 443.1   2.2
  2.5  36.3 662.1   2.4
  4.3  20.5 459.2   2.0
  2.5  16.6  63.2   1.8
  3.6  22.5 485.7   2.2
  3.4  47.0 436.5   1.9
  1.9  20.0 646.4   2.4
  3.9  27.5 186.7   1.6
  3.0  34.1 872.1   2.0
  4.4  46.6 919.1   1.7
  2.0  22.0 217.0   2.0
  2.8  45.4 860.2   1.8
  1.8  16.7 278.3   1.8
  1.1  15.1 540.9   1.9
  1.1  23.3 538.6   2.1
  2.3  24.3 356.0   2.0
  3.4  30.1 335.7   1.6
  3.8  20.6 852.8   1.8
  4.2  30.1 572.9   2.4
  2.7  39.5 849.9   1.9
  1.3  47.1 400.2   1.7
  4.0  37.3 818.9   2.0
  1.1  15.6 292.2   1.7
  2.7  47.3 101.1   1.9
  3.6  42.6 174.2   1.6
  2.6  26.6 116.5   1.9
  4.7  26.2 493.9   1.9
  3.7  49.7 445.0   2.2
  3.4  27.9 762.6   1.8
  3.1  19.0 117.6   1.6
  4.1  31.0 619.9   1.9
  4.6  21.9 242.7   1.6
  4.8  31.8 525.4   1.5
  2.4  24.8 144.1   1.9
  4.7  14.1 422.9   1.7
  1.6  13.2 299.2   1.6
  3.1  18.3 208.4   2.2
  2.8  46.1  97.5   2.4
  3.6  16.4 201.8   2.5
  4.4  29.7 205.7   1.5
  2.7  38.3 944.2   2.3
  1.2  20.5 780.1   2.3
  3.3  42.7 153.3   1.7
  1.8  33.3  54.1   1.8
  4.1  20.4 160.7   1.8
  1.1  49.6 464.4   1.8
  4.7  18.5 195.4   2.2
  4.4  41.6 443.5   1.7
  3.7  22.1 514.0   1.6
  2.7  21.6  62.7   1.9
  4.9  15.3 909.6   2.5
  1.6  41.7 177.6   1.9
  2.0  48.1 234.6   2.1
  5.0  46.4 773.3   2.0
  1.9  39.4 264.9   1.5
  3.5  12.7 578.5   2.1
  2.0  13.2 803.7   2.2
  1.5  48.0 880.0   1.8
  2.9  14.8 225.0   1.5
  1.8  25.2 643.9   1.6
  4.2  46.3 659.9   2.5
  1.1  16.0 156.9   1.7
  4.2  46.1 517.9   1.7
  2.2  29.9  72.3   1.7
  2.1  13.5 708.9   1.8
  2.1  33.8  54.4   2.3
  4.1  33.9 605.2   1.7
  3.0  43.9  56.0   2.1
  1.4  13.9 399.6   1.8
  1.3  33.1 431.1   1.6
  4.1  40.7 268.1   2.3
  3.5  48.7 113.3   1.7
  4.5  22.0 111.9   2.4
  2.0  12.4 811.9   2.5
  3.5  47.7 663.9   2.0
  2.3  24.8 257.6   2.1
  2.6  14.3 314.5   2.2
  2.9  14.4 257.6   1.6
  3.3  19.5 118.8   2.5
  1.5  10.4 650.9   1.8
  2.6  23.5 510.4   2.3
  2.4  14.2 230.4   1.7
  3.5  46.7 147.5   2.4
  0.2   0.4   0.2   0.4   0.3   0.3   0.3   0.4   0.2   0.4   0.2   0.3   0.2   0.4   0.3   0.3   0.4   0.4   0.3   0.4   0.4   0.3   0.3   0.4   0.4   0.3   0.2   0.3   0.2   0.3   0.4   0.2   0.3   0.3   0.4   0.4   0.3   0.2   0.3   0.4   0.3   0.3   0.3   0.3   0.3   0.2   0.3   0.2   0.3   0.4   0.3   0.3   0.3   0.4   0.3   0.4   0.2   0.3   0.2   0.3   0.3   0.3   0.3   0.3   0.4   0.4   0.3   0.3   0.3   0.3   0.3   0.3   0.2   0.4   0.4   0.4   0.3   0.2   0.3   0.3   0.4   0.4   0.2   0.3   0.2   0.3   0.3   0.3   0.2   0.2   0.2   0.3   0.4   0.3   0.3   0.4   0.4   0.3   0.4   0.2   0.2   0.4   0.3   0.2   0.3   0.4   0.3   0.2   0.3   0.2   0.4   0.2   0.3   0.3   0.2   0.3   0.4   0.2   0.3   0.2   0.4   0.3   0.3   0.3   0.2   0.2   0.3   0.4   0.3   0.3   0.2   0.2   0.2   0.3   0.4   0.4   0.3   0.3   0.3   0.3   0.3   0.2   0.3   0.4   0.3   0.4   0.2   0.4   0.2   0.3   0.4   0.3   0.3   0.4   0.3   0.2   0.4   0.4   0.3   0.3   0.4   0.2   0.2   0.2   0.4   0.2   0.3   0.2   0.2   0.4   0.2   0.2   0.2   0.3   0.4   0.4   0.4   0.3   0.3   0.3   0.2   0.2   0.2   0.3   0.4   0.2   0.3   0.3   0.3   0.4   0.3   0.4   0.3   0.3   0.2   0.3   0.3   0.2   0.4   0.3   0.2   0.3   0.3   0.2   0.2   0.3   0.3   0.3   0.3   0.2   0.2   0.2   0.3   0.2   0.3   0.2   0.3   0.2   0.2   0.4   0.2   0.3   0.2   0.3   0.3   0.4   0.4   0.3   0.4   0.3   0.4   0.3   0.3   0.3   0.4   0.4   0.3   0.3   0.2   0.4 
  116   134   153    87    61    78    63    17    76    89   124   144    47   152    38    92   125     3   158    60   156   162    27   160   171    43    48   157   139   149    15   110    75   154    81    66    37   104   167    56   122    44     2   126   104   147    19    90    22     8    61   141   142   130    86   126    64    49    97   142   141   104    88   138    67    82    45    81    10    50   150    14   156   110   135    15    18   173    33    77   160   140    28    26    13   130    24    10    97   106   155    17    96    77    84    24    60   120    57   147   112    54   174   120    28   100   146    71   172   163   180    55   110    86    23     5    73   119   138   103    78    39    18    20    64   141    96    31   160    20   154   134   122     1     8   155    96   146   107    60   171   146    19     5    99   119   166   123     8    54   148   163    16    24    19   149    42    74   124   104   110    49    37    77    97   101    75    33   145   164    38   146    69     8    94    53    90   105    94    33   158    81   164   118    70    34    54   105   140   118   157    45   113   141    76    96    11     4     6    90     5    12    85   150    47   171    25    21    99   109    77    18   167    18    35    12    55   138   180   138   101    21    22   178   174    88   170     5   106   127    70   171   159   179   126     9   173    82   129    37 
   33   111    96    77   150   123    91    88   149   137   153    63    46   173    78   160   169    26   143    49     9   117    18    16   105    70   132   179   151   178    23   152   131    98    45    16   145    24    54   140    88    56    99    87    71    54   109    56    32    56    40    21   134   131   141    51    77   157   137   107   177   101   180   179     1    81   130   137   101     9    89   151   161     9     4    13   167   178    36   111   122    19   166   135   148    26   161   127   144   164   111   134    30   112   101   149   127   146   144    25    62    35    99   132    18    35   167    27    72    38    41   149   133    79    87    47   115    68    75   136    69   131    43    14    79   121   180    98   126    87    22   131    88    70    78    48   180   132    16   145    56    19   142   121    30   121   148    60   143    66    17   149   101   162    90   167    61    49    29   165    36   104   122   148   149    56    53    61    89    15    88   122    96    17    99    23    29   168   119    37   178    61    31   138     9     5   164    61    21   180   132    46   160   111    25    68    30    75   157    59    17   121    40   170    97    53   168   178    94   177   180     9    96    69   159    85    53   171     4    32   173   122   105    17    42     3    19    36    79    99   160   147    80    17    35   153    98    18    80    85 
  124    16    81    52   107   141   169   138    52     8    42   127    20   122   135    78   158    27   113    95    93    13   161     8    63    74    47    60    11     5   123   155    73   151     3    26     9    50    86   109   110   108    81    44     7    20   132   125   176   122    32    71   116   123   107    93   100   111   164    32     9   173    47   167   120    86   155    46    91   126    51    97    65    15   154   104   163   126    36   109    39    64   166   131     5    96    66    56   133   146   172   174   167    94    38    16    53    34    14   159    79    56   101   153    44    15    65   136    62   151    37    26    66    90   131   112    88    29   139   124   111   148    62    73   173    14    54   172    72   132    65    42     5   138   160    70    82   165   166     4    91    14   156    55    48   140   149   125   130    40     6   130    19    69    10   108    67   109    82   104    77   143    19    31   150   157    82   111    39    62    92    55    62    51    71    68    62    43    99   137    20    50    41     3   177    97    36   137    46   107   125     2    78    94   105   153    53    31    24   101    14    74    58   101   152   179    14   169   102   136    70   144    35    83    79   153   136    96   127   119    23    52    80    97     9    98   152   168    69   130    41   128    92    28   161    89     8   108   171    27 
   69    61    63   124   178    41   159   147   121   152   107    52    86   101   162    13   102    75   177    11   104   108   152   148    83    78   176   150   105    47     5   152   177    81    88    13   132   169   144    18   111    20     4    10     6   104   158    41   119    35   157    19   101    72    44   142   159    48    14    47    32    58   165    21   135   129    42   112    96   164    44     7    30   105    60   135   110   166    25     2   176   111    37   108   162   119    99    91   168   170   172    60   156   149   119    36    88   173    39    84   163    91   134    43   128   112    19   104   141    86    80     6   119    79   153   163   109   148   138   126    75   106   133    35    44   131   104    49    80    82   129   157   137   150   179   144    65   133    24    25    45   114    16   112    36   149    41    35     1    89   170   126   162    71    17    55   138   165    27    77    71    29   146    90   106   113   172   113   171    48   133    42   133    42    15    75   124   106    80   133    55    44    91    58    79    58    59   142    37   128   121    27   175    90   142   153   123   176     5    31    23    76    50    60    26    97   180    46    47    31    47    80    70   153   138    95   144   136   112   180   121   109   160    97   120   146    38   110    44    13    42   112   178    28   151    81    69    71    99    80 
   59   116    28   130   150   110   153    42     2   112   134   104   155    19   145    28    66   127   132   108    38   154   115    38   158    78   180   180   109   102    41   147   136   123   118    36    99   133    96   136   138   117   122    49    45    72   169   177   134   106    26   125   158    47    45    91   142    92   136   102   149   137    39    27    44    70     9    12    57   150    62    49   169    56    75    31     7   152   158     2    44   180   150   136   125    67    59    60    17    62    15    32   160   132   132   108     5    28   155    57    48    37    25   112   157    74     4   157   141    11   105   119   159    67   111    24   160     4    94   170   125    97   167   106   129    42   120   158   170    38    88    30   140    62    23   114   141   133    67    20    97    91   142    60    93    16    44    49    20    75   129   177   157    73     9   144   111    68   180    57    29   169   120   160    45   120   172   153   109    97   109    92   172    50   147    71   111    31    32    53   144   118   105    52   162    85    61    24   112    40    39   169   102     2    90    81   171    10    47    28   104   102    65   171   119    58   133    12   131   139    63   166   101   163   177    93    91    69    69    89     9   175   123     8    39    20    13    18    42    52   134   139   112    86    68   109    44    63   132    69 
   10     9   169   161   147   104     1   112    12   155    89    41    12    22   152   154   132   148    59    24    71   125   141   173   159    87    91   161    94     6    28    43    11    33    99   145    18    78    27     1   119   149    51   119    65    94   107     5   124    83   134    88    74   141    23     8    41    97   133    50   137    49    85   144    91    37    72    81    45    60    61   175   173    90   170     8   129   137   101    28    89     7    37    73    73     6   133   111   111    39    59    90    94    83   177    44   159    73   153    27   153    13   153    50   135   172     2    20   115   156    92    92   120     5    48    34    50   109   103    97   173    38   129   150    75   145    16   101   102    90   158    90   153    32    57    16   109   117     5    94    21    82    99   140    63    29    12    62     1    81     1   117    18    22    64    19    65    43    16    11    62    40    64   105   152    19   158    62     5   116   127    26    28   139   122     1   117    42    19   123    65   151    68    91    93    83   108   128   141   141   140    36   173    18   151    10    82   150    24   108   140    83   100    51   122   178    13   146   146   153   164    67    74    90    47    11   143    96    86    68    84     6    17    98   165   145   170    84    86   107   176    18   157    82    28    37   116   121    21    44 
   72    49     5   124   180    32    38    72    46    53   127     5    44    35    53   109    97    74   168    30    96    48    99   157   107    10    87   177    99   104   105    55    93    49   113   179    46    22    44   153   112   143    30   132   154   173    72   111   139   161    20    85   166   120    29    25    17   129   129    22    51    81    45   140   130    12    91    24    81   104    40     2   107    56   154    39    22    49   180    80    59    95   152   121   140   104    57   110    89    63    64   170   141    21   151    24    73    90    57   175   144    59    47   110   176    48   141   130    38    27   103   168   128    52   129    94    46    97    66    69    46   180    98    96   115   167    24    58   135   167    92    71    10    73   152   101     3    55   158    57   140   109    42    34   173    62   162   124     2    37   147    62    77    87   104    50    68    38     8   157    70    51    20   176   124    26    49   102    35    27    74    42    55    58   143    83   149   118   133   173   115   131     3    79    87    86   142   177   111    59   126   142    31   108    36    47    63    97    58   106   130   114    14    38    73   100    77    60    83   125    20    39   144   152   169   166    97   118   120   145   163   119    97   101    36   169    12    89    90    21    76    10   121   147    36   106    67    56     2    49 
  176   165    35   106    47   173   112    77    37    30    32    75    60     7    61    49    48   174   113    54    96    63    37    84   133   101   119   147    83   126   152    35    72   105    24    69    72    21   145   130   169    69   109   115    13    54   130    79   165    75    46   132   155   120    39    65     3    95   163   171    13    84   102    24     2   178   144    13    15    31    55    59   116    79   122   102     3     2   132   175     1    12   103    39     4   151   118    87    27   122    86    28    87   170    11    25   106    20   171    64    94    83   137     8   120    10   140   163   151     5    50    99   171   170   133    37    57    30    73    93     8   180    88   125    77   100   153    63   175   116    20    14   148    70    42   120   116   165   116    29    17   178    42    38    11    47    68   122    65    11    50   113   106   152    46   138   121    66   102   175   109   172    82    75   140    39    59    29    91   133   125    87    16    14    73     9   163    26   135   177    44    30   163   113   162    39    68    84   169   163   144    76     6    19     6   161    41    96    22   138    94   116   177   120   133   180   149    24    91     3     4    24    22    81    96    35   108   115   110    51    46    89    87    96    74     2    50   100    86    78    86   132   162    60    14   140     6    43   119    12 
   85   101   172    74    38    54   171    96   136    15   106    99    55     1   154    96    43    93   167    88    63   127   119   155   161    11   124    41    11   132    96   111    10   171    19    82   155   128   109    16   117    12   133    98   130    53    68   116    74   140     4    47    17   154    57    92    98    16   129    83   120   153     2   141    84   163   134   172    37   164     8   101    77   140    13    12    27    13    22    55   174   172    44   162   110   110   127    83   110   122    88    89    13   121    12   132    25    78     9   118    95    39   149    59    14   115   173    59    75    53   109   143    29   119   100    58    19   114   101    63    97    54     3   180    44    28    46   121   125    83    50   100    93    43    20   153    48     2   145   168   160    31    13    72    58    53    37    47   127    52   137   177    83   122   163    75    61    78   135   156   153    36     8    42   145     2   122   145    91    56    52   156   137   151   126    86    33    53    59    27   125   159   108    17    71    72     3    39    56    83   158   158    87   139     1   166    64    61   141   141   116    43    66   156    73   142    13   149   124   159    53    76   164   145   122   100   167    30    30    28    20     3    34    99    79    89   101    53    12   107    25   148    12   114   147    38    20   106    99   148 
  143    80    20    49   121     3   100    87    93    13   171    42   135   178   170    19    48   177   150   140     6    97    76    36   112    72    20   104   152    27   164    56   170    97    69    19    35   128   125    17    35   146    16   156    49   176   128    62     5   129   136   175     6   150   177    84   141    60   134    72   111    45   111   113    13    89   125   162    32    63    11   136    21    53   168    55   130   111   158   136    31    38   164    84   109   112   169   110   101   153    49    46    69    40   124    32    18   165   131   126   124    89    35    96    40    57    66   107   147    82    13    57    73   176   132    68    39   154    19    13    39   124    47    87    44   169    25   144    30   102   141    27   154    15   129   132   161    19    31   173   110   180    55    98    35    79    20   102    84   134   160    21   175   141   120    52   136    88    28    28    55    47    12    51   135     7    81    90    22    78   116    12    34     4   152    40    19   105   110    89   151    48    87    93     5   135    14   135    98   106    20   169   101   154   159   171    71    22    94    54    79    90   177     3   175    67   121   170    52    21    71   108   114   173   171   165   122   159   158   110     9    80   120    11    82   153    21    28    95    89   177   107    12    79    39    74    38    26   116   118 
  138    57    55   163    31    80   163    53   104    63    94   102   164   161   155    86    47   174   133   120   137   173     2   167    92    81    95   129    35    90   114    72   103   153    72    57    20   129   111     1   149   164    53   130    60   143   135    86    26   172   172   117    60   161   106   118   150    52   145    31   132    38   104    71   170     1    23   170   152     9    44    99    53    37    17    86   164    70   160   169   173   115    61    81    48    16    81   157   164   171    52    77   152   164   155   161    40     5   105   171   118    39    97    10   157    42   146   169    95    27    19   175   146    21   148   103    23    78    77    60    53   154     4   100    50    55     4    21   159    50   117    89   175    98   101    25    82   163   126    10   105    71    76    43   150   145   159   132   146   153   129   168    53    41   122    65   174    29    27    83    93    41   134   143    58    94    36   109   180   158    30   169   178    91    43    68    76    26    59    25   142   149   115   133   115   130     9   161   148    87    62   161   108   106     7    67    84   154   136    90     5    90    55   101   152    95   164     8    26   128   132   141   136   153   155    41    61   140   103   173   165    48   158   147    31    48    41   169    17    13    97   156   143    51    68    21   104   151    40    78 
   30    93    96    82   148   102     8   156     4   157   160    12   134    45   145   109   133   131    33    99    53   139   148   164    43   161    46    30   118    16    51   124    91    29   139    43   159   136   119   146    76    75   146    69    82   147    75   161    61   162   142   127    15   120    90    93     5    94   141    58    80   166     7   180   166    19    16   108   145   173   156     1   108   138    86   108   135     1    65    67    89    96    11   121    95    37    46     1    53   152    43    31    43    39    18   151   161   180    55    13   105    12   117    24    95    42    51    59    79    89   126   146   117     9   112     6    94   139    31    87    77   107   164   124   158    51    39   179    91   166   121    26    39   115    75    12   132   171   171   145    33   152   173   106   157    46    38   169     7    19   159     3    76   130    37   158   147   146   146    80   132    68    84    72   139    92    32    73    25    10    33    87    75    14    54    78   147   101   114    46    92   145   130    80   174   149    78   173   126     1   105   106   165    98    91   173    48    60    70    24   141   144   131    51   150     2   148     6   115   164    83   106    66   135    32   157   122    43   134   127   143    45   177     4   122    16   107   120   114   133   104   170    48    78   110    60    72    32   119    53 
 0.00  0.29  0.25  0.40 
 0.29  0.00  0.32  0.22 
 0.25  0.32  0.00  0.24 
 0.40  0.22  0.24  0.00 
