120 12
4
     35243
     35359
     33724
     36035
  3.2  73.9  62.9   2.4
  3.9  42.3  64.0   1.7
  1.7  27.9  38.4   1.8
  1.7  41.5  45.2   2.2
  3.8  68.2  62.5   2.0
  2.6  67.2  48.7   2.0
  3.2  65.4  10.7   2.0
  3.5  39.3  85.0   1.7
  2.0  31.8  70.9   1.7
  3.7  61.6   6.0   2.3
  2.7  51.0  16.3   2.4
  3.8  39.1  71.9   2.1
  4.2  32.2   9.5   1.7
  4.2  62.5  17.2   1.9
  1.3  70.7  65.2   1.5
  3.2  32.7  29.8   2.2
  1.2  48.7  28.1   1.6
  3.1  27.3  74.7   2.3
  3.0  29.8  88.6   1.9
  1.3  33.8  38.7   1.9
  3.2  31.1  92.4   1.6
  2.6  30.9  52.1   1.9
  2.4  25.6  78.0   2.2
  2.3  30.8  14.1   2.1
  2.9  52.3  36.4   1.9
  3.7  25.4  11.8   2.1
  3.3  17.1   7.7   2.1
  4.8  49.5  63.6   1.8
  1.5  37.9  45.7   2.3
  4.6  22.0  56.6   2.4
  2.6  22.8  48.7   1.6
  2.9  63.8  79.2   2.1
  4.8  70.6  45.3   2.3
  4.3  50.2  46.8   1.6
  4.9  67.3  23.3   2.2
  3.8  39.3  18.6   1.9
  3.8  29.1  43.4   1.9
  4.7  27.6  62.3   2.5
  2.5  32.6  18.1   1.6
  3.2  39.5  35.6   2.5
  2.7  38.8  49.5   2.1
  2.6  73.1  22.4   2.0
  1.4  48.0  63.3   2.2
  3.4  41.2  48.9   2.2
  2.7  20.2  52.5   2.3
  4.9  41.9  14.9   2.3
  4.8  32.0  66.2   1.8
  1.8  47.9  58.9   1.9
  4.7  33.5  51.2   2.4
  3.6  20.2  37.6   2.1
  3.6  53.1  10.9   2.0
  4.6  34.6  72.3   2.2
  1.1  47.3  22.0   1.8
  4.1  29.6  77.9   1.5
  3.0  19.0  28.4   2.5
  4.3  34.5  16.9   2.2
  1.8  21.1  61.7   2.3
  2.1  35.2  92.1   2.1
  2.8  68.2  51.2   2.3
  1.3  15.7  86.5   1.9
  1.8  43.3   5.1   1.9
  1.7  56.8  78.8   2.1
  1.9  55.3  32.6   2.0
  3.3  36.6  53.6   2.2
  2.5  68.7  17.1   2.0
  2.2  42.3  52.6   1.6
  4.6  30.6  59.4   2.3
  2.1  15.4  67.2   1.9
  3.2  58.9  93.4   2.4
  1.9  58.4  41.6   1.6
  3.3  42.9  46.4   2.4
  2.8  35.7  54.5   2.5
  3.3  58.0  77.3   2.4
  3.2  37.8  75.0   1.6
  3.9  61.7  19.1   1.5
  2.2  45.5  39.4   1.8
  1.1  66.1  70.1   1.7
  1.6  37.2  27.9   2.4
  2.7  40.4  89.4   2.2
  2.7  56.4  65.4   2.3
  2.9  52.1  50.2   1.7
  1.8  34.9  82.5   2.0
  1.7  48.1  20.4   2.1
  3.3  41.7  51.4   1.7
  3.6  17.0  82.5   2.3
  3.2  68.7  24.3   1.6
  4.2  39.3  18.4   2.3
  2.7  59.9  32.0   2.0
  3.9  39.2  28.3   2.0
  1.9  35.7  93.1   1.6
  1.3  41.6  29.7   1.5
  3.3  74.6  79.6   2.4
  2.9  43.3  32.6   1.9
  1.1  24.7  65.4   1.9
  2.4  63.1  84.3   1.9
  2.0  42.0  21.1   2.2
  1.4  46.2  78.9   1.5
  1.2  18.4  55.6   2.4
  4.4  66.5  15.9   2.3
  3.9  50.6  68.7   2.0
  4.9  64.4  29.0   1.7
  3.9  70.4  80.7   2.5
  2.7  41.6  17.2   2.4
  4.6  40.6  67.5   2.0
  4.6  69.5  92.8   1.7
  4.3  19.8  77.2   1.7
  2.5  51.0  47.8   1.7
  2.5  26.9  92.3   1.7
  2.4  24.8  21.8   1.9
  3.5  33.0  59.7   2.1
  4.6  64.6  48.1   2.3
  4.5  62.1  53.8   1.8
  1.1  65.7  25.2   2.2
  4.3  47.8  94.3   1.6
  3.4  42.3  63.1   1.5
  1.8  47.5  11.1   1.7
  4.3  53.4   6.0   2.3
  4.0  35.6  49.0   2.5
  4.5  41.3  34.9   1.8
  3.6  53.4  48.0   1.7
  4.4  68.6  77.9   2.3
  4.6  66.0  14.7   1.6
  4.8  20.6  92.4   2.4
  3.4  24.6  56.1   2.5
  2.3  15.9  27.0   2.0
  4.5  68.9  67.5   2.2
  2.2  73.0  47.6   2.1
  2.5  73.1  65.6   2.3
  2.4  53.9  20.5   1.9
  1.6  56.5  37.8   1.8
  2.1  44.1  26.7   2.4
  4.8  26.1  46.4   1.6
  4.2  32.4  78.1   2.4
  3.3  55.9  14.3   2.4
  1.9  39.6  13.3   2.5
  4.8  50.9  14.1   1.6
  1.9  38.4  73.4   1.7
  2.0  55.2  43.2   2.2
  3.5  66.5  52.4   2.0
  4.1  67.6  24.7   1.5
  2.9  50.7  28.6   2.3
  2.4  48.7  15.3   2.5
  3.8  55.4  20.2   1.7
  1.6  51.8  63.9   1.8
  3.7  66.7  37.4   2.2
  4.8  28.7  72.2   1.6
  1.3  15.3  43.3   2.4
  3.8  65.3  58.1   2.3
  4.1  21.7  23.7   1.6
  1.4  35.2  79.1   1.9
  2.8  52.9  40.8   2.5
  4.8  64.9   8.8   2.4
  4.9  28.7  69.4   2.5
  3.4  21.7  16.7   1.7
  2.8  40.0   9.4   2.3
  3.6  42.3   6.6   2.1
  1.4  47.1  84.6   2.1
  4.5  59.8  30.1   1.5
  2.0  17.7  50.6   1.7
  1.5  65.5  34.1   2.2
  4.5  29.6  32.2   2.0
  2.1  51.5  61.5   1.9
  3.6  30.1  40.0   2.3
  3.9  30.0  58.4   1.7
  1.4  22.8  40.1   2.2
  2.8  70.1  16.3   2.0
  2.5  54.3  39.6   2.1
  1.6  53.3  25.7   1.9
  3.5  19.8  26.4   1.8
  2.6  39.7  68.6   1.7
  1.5  20.3  84.1   2.0
  4.4  34.4  46.6   1.7
  1.2  52.2  28.6   1.7
  4.1  62.9  20.4   1.7
  1.0  40.1  61.3   1.6
  3.8  33.2  49.6   2.5
  4.1  32.1  58.5   2.2
  1.0  27.7  72.8   2.1
  2.4  26.3  83.1   1.7
  1.9  21.2  72.2   1.9
  4.4  45.8  88.2   1.5
  4.2  65.6  66.2   2.5
  4.8  45.1  41.3   2.2
  3.5  66.0  26.5   1.7
  3.3  15.0  61.8   1.9
  3.8  58.5  83.3   2.2
  2.7  70.8  53.5   2.0
  1.5  42.4  71.9   1.7
  2.1  33.4  22.7   2.4
  2.8  57.7  10.5   2.2
  3.6  61.7  71.6   1.8
  3.1  58.9  93.7   2.3
  4.6  16.9  91.2   2.1
  2.8  42.0  82.9   2.5
  4.2  38.3   7.6   2.5
  1.5  45.4  69.1   2.4
  4.9  63.6  78.1   1.9
  4.7  59.0  64.0   2.1
  2.5  38.6  40.3   2.0
  4.9  56.7  93.0   1.6
  2.6  25.6  40.8   2.1
  3.7  34.2  49.7   1.9
  2.1  43.0  90.8   2.4
  3.2  63.8  78.4   2.2
  4.8  44.8  20.2   1.8
  1.7  40.4  63.8   2.0
  4.3  61.8  52.5   1.9
  1.5  58.1  65.8   1.9
  4.1  27.5  42.2   1.6
  2.6  52.2  81.1   2.4
  2.6  40.7  88.0   2.0
  2.3  70.1  80.0   2.3
  2.8  49.6  57.5   2.2
  1.1  45.9  33.8   1.9
  1.4  34.8  42.1   2.4
  2.6  26.0  72.6   1.6
  3.6  54.6  25.3   2.2
  1.4  16.9  13.6   1.6
  2.7  57.8   8.3   2.3
  3.3  66.7  35.1   2.4
  1.4  57.8  43.5   1.9
  3.3  15.1  17.0   2.4
  2.4  30.9  87.4   1.7
  2.7  30.5  47.3   2.5
  3.9  37.5  10.5   2.3
  1.3  43.5  35.0   1.8
  1.7  46.6   8.2   1.9
  2.3  48.0  68.4   2.1
  4.1  15.2  67.7   2.2
  1.4  43.0  73.0   1.6
  2.9  68.5  55.0   2.2
  3.9  71.0  84.4   1.5
  1.9  43.5  36.4   2.3
  4.8  41.9  48.5   1.5
  1.8  42.0  81.0   1.7
  3.9  64.4  34.9   1.9
  4.5  29.0  90.2   1.6
  3.5  39.2  44.5   2.4
  3.6  38.8  29.3   1.8
  2.5  43.5  29.2   1.8
  4.7  60.2  71.7   2.1
  4.6  68.9  17.3   2.5
  2.0  61.4  85.8   1.8
  4.7  50.6  41.4   2.1
  2.0  43.9  78.9   1.7
  1.6  44.2  25.8   2.0
  1.6  18.0  77.0   2.5
  3.0  30.4  75.1   2.0
  4.4  51.4  89.5   1.9
  2.7  24.2  73.0   2.0
  1.3  43.4  92.6   2.2
  2.0  32.6  28.9   1.6
  2.1  31.6  16.3   2.1
  2.7  15.5  11.3   1.8
  1.2  66.2  76.2   1.9
  4.6  29.4  69.0   1.6
  2.0  51.6  18.7   1.8
  2.4  55.4  75.7   1.8
  3.5  18.1  20.4   2.3
  1.2  16.3  66.9   2.1
  2.5  44.8  43.4   1.5
  5.0  56.0  14.2   2.5
  3.9  36.7  94.1   2.4
  3.6  66.3  77.0   2.1
  2.6  63.3   9.3   1.9
  4.1  50.5  65.8   2.0
  4.4  51.2  15.8   1.6
  4.6  35.3  40.5   1.8
  1.4  35.6  13.9   1.9
  3.4  30.2  14.7   2.2
  3.4  68.1  43.7   1.7
  3.1  66.3   7.7   2.2
  2.7  29.6  92.1   1.7
  2.5  15.3  41.3   1.8
  3.1  68.0  32.9   2.1
  4.1  26.4  31.4   2.5
  2.4  31.0  30.7   1.6
  4.6  21.6  83.3   2.4
  4.3  29.0  32.4   1.6
  2.4  74.1  86.8   2.1
  4.6  35.0  43.1   2.1
  3.9  74.3  34.0   1.6
  1.2  38.9  83.2   2.1
  2.6  30.9  86.5   1.5
  1.2  43.5  35.1   1.5
  1.6  44.7  42.7   1.6
  4.5  61.5  76.5   2.0
  1.5  43.8  16.3   1.6
  4.0  56.0  44.4   1.7
  1.9  70.6  13.3   2.0
  2.0  29.7  14.7   2.2
  3.6  40.1  52.5   2.2
  1.1  29.2  31.0   1.5
  2.3  49.7  28.9   2.1
  1.5  73.8  50.4   1.5
  1.8  66.7  39.4   1.6
  2.8  48.2  85.9   2.2
  4.3  24.3  12.3   2.5
  1.8  29.6  79.5   1.7
  3.3  35.0  89.0   1.7
  2.3  23.5  91.3   1.7
  4.6  49.6   5.1   2.0
  1.6  35.1  34.1   2.1
  1.6  62.8  77.0   2.1
  3.0  53.7  89.7   1.7
  1.5  63.8  16.4   1.5
  1.9  29.2  64.5   2.1
  1.7  74.5  90.2   2.5
  2.9  65.4  23.3   2.0
  3.4  53.1  55.4   2.5
  1.2  32.9  88.0   1.6
  2.1  26.4  71.8   2.3
  3.3  70.2  46.1   1.8
  2.8  52.7  37.0   2.4
  1.3  51.5  57.4   1.7
  3.1  42.0  38.0   1.8
  3.7  45.8  68.7   2.2
  1.9  25.7  85.0   2.1
  1.4  57.1  84.3   2.4
  4.8  46.3  51.3   2.2
  4.6  15.5  34.6   2.1
  1.3  39.7  55.8   2.1
  3.8  25.0  16.0   2.1
  3.4  54.6  68.2   2.2
  4.4  38.5  69.2   1.9
  3.4  32.7  75.8   2.1
  2.1  32.9  36.9   1.9
  4.6  28.8   6.7   2.4
  1.6  56.8  51.1   1.7
  2.8  54.0  43.7   2.0
  4.5  39.4  14.8   2.2
  2.9  64.7  35.5   1.6
  1.9  29.8  53.2   2.2
  2.0  18.7  32.8   2.5
  2.9  64.3  15.9   2.3
  4.4  47.9  24.8   2.3
  2.7  54.4  38.5   1.5
  1.6  71.0  17.4   1.7
  3.0  73.8  56.6   1.7
  3.6  60.5  41.7   1.8
  4.1  45.2  11.5   1.8
  3.5  74.8  61.5   1.5
  4.9  53.2  90.8   1.7
  4.0  52.4  59.8   1.8
  4.3  68.6  20.7   2.3
  4.4  42.3  60.0   1.6
  2.9  70.5  88.2   2.3
  1.6  63.0  73.8   1.9
  4.3  36.9  50.6   2.2
  2.4  38.4  90.2   2.1
  2.0  70.1  93.1   1.9
  1.8  52.9  94.3   1.7
  2.4  68.0  27.9   2.2
  1.1  35.6  81.5   2.1
  1.1  52.6  31.8   2.5
  4.7  32.6  37.2   1.7
  1.1  19.7  36.6   1.6
  4.1  57.5  14.3   2.0
  2.8  48.2  62.8   2.1
  3.0  73.1  90.0   1.7
  3.8  55.4  25.9   2.0
  5.0  18.4  10.1   2.4
  1.8  39.6  15.6   1.8
  4.3  23.9  77.6   1.8
  2.7  45.3  41.5   2.4
  1.3  47.1  21.4   2.2
  3.5  53.2  10.3   2.1
  4.7  35.2  22.0   1.7
  4.6  38.8  14.6   2.2
  5.0  68.0  52.1   1.8
  3.1  27.4  36.6   2.2
  1.7  18.1  51.4   1.5
  1.0  60.1  83.2   2.1
  1.6  46.1  15.2   2.4
  3.7  18.1  87.5   1.8
  4.4  19.5  39.2   2.4
  2.8  62.7  72.4   2.0
  4.9  60.5  75.4   1.5
  4.3  35.1  13.0   2.2
  3.8  16.4  13.1   2.1
  3.6  17.9  31.3   2.4
  3.8  66.8  28.8   2.4
  4.4  62.2  41.6   2.4
  2.9  51.9  29.1   1.7
  1.8  56.2  86.5   2.3
  3.0  71.8  43.5   1.8
  2.1  55.3  42.0   2.1
  2.6  62.7  60.2   2.5
  1.5  57.1   9.6   2.1
  3.8  37.1  79.5   2.3
  4.6  61.7   5.4   1.6
  4.9  73.8  46.6   1.8
  1.6  15.8  49.6   2.0
  2.3  67.0  62.3   2.5
  2.8  58.4  66.6   1.9
  1.2  17.7  93.1   2.4
  4.9  38.8  23.2   1.9
  2.2  48.9  32.5   2.3
  2.8  41.8  89.6   1.9
  4.8  37.0  66.8   2.3
  3.2  36.3  87.6   2.4
  4.1  31.9  82.6   1.8
  2.7  27.6  47.1   2.1
  2.5  69.6   5.3   2.1
  1.5  21.0  55.0   1.8
  2.9  56.4  79.8   2.5
  2.3  74.8  51.4   2.2
  2.7  17.2  18.0   1.6
  4.8  15.4  29.9   2.3
  4.4  74.3  73.2   2.4
  1.5  61.1  36.2   2.1
  1.5  34.8  50.3   2.0
  3.6  74.8  73.1   2.4
  2.1  21.8  47.9   1.8
  2.0  68.8  20.6   1.6
  1.5  17.8  54.2   1.5
  2.0  20.8  93.0   2.1
  4.6  41.1  42.6   1.7
  3.5  37.3  92.2   2.3
  4.8  33.2  76.0   1.6
  1.6  69.8  51.4   2.0
  2.2  73.1  29.5   2.2
  3.6  50.4  48.4   2.5
  3.4  34.8  52.8   2.5
  1.2  55.3  16.7   2.5
  2.2  27.7  87.8   1.6
  4.2  25.5  26.0   2.0
  4.8  57.2   9.7   1.8
  4.6  23.6  56.9   2.5
  2.4  58.7  24.0   2.0
  2.4  44.8  37.1   1.9
  4.6  15.3  18.9   2.4
  1.0  64.6  22.1   1.9
  4.8  63.5  36.4   1.5
  2.7  23.2  14.0   1.7
  2.6  18.2  22.1   1.6
  3.2  23.4  92.1   2.2
  1.6  43.5  24.9   2.2
  3.4  43.2  74.6   1.9
  3.0  71.4  20.7   2.5
  3.4  54.6  89.5   1.6
  3.0  35.5  81.8   2.4
  1.0  59.3  38.0   2.3
  2.6  24.9  49.2   1.7
  3.2  35.6  55.2   2.2
  4.9  40.2   5.5   1.6
  3.8  55.3  83.0   1.9
  3.4  32.2  69.2   2.5
  3.1  60.9  85.7   2.4
  3.6  66.4  12.5   1.9
  2.0  72.0  69.3   2.1
  1.8  67.8  15.1   2.4
  4.6  44.1  49.0   1.5
  1.2  61.8  18.9   2.4
  4.1  25.2  54.6   1.8
  3.3  60.7   8.1   1.8
  2.0  70.0  75.2   1.5
  4.0  43.5  17.3   2.0
  4.6  45.4  42.3   2.0
  3.2  43.1  71.8   2.1
  3.6  62.1  52.0   2.1
  2.9  62.6  94.5   1.5
  3.2  36.1  33.0   1.5
  2.9  17.7  35.3   2.5
  1.8  49.8   7.7   2.4
  2.7  47.2  66.7   1.7
  1.4  35.2  41.6   2.5
  2.6  64.9  66.7   2.4
  4.9  40.5  87.6   2.0
  2.2  59.1  35.5   2.3
  4.5  43.3  13.6   2.0
  4.9  52.8   7.0   1.9
  1.5  47.2  74.5   1.8
  3.2  27.0  21.4   2.3
  3.5  29.4  15.9   2.1
  1.1  28.8  52.9   2.1
  4.7  24.3  79.7   1.9
  3.1  39.2  35.1   1.5
  2.8  34.6  76.0   2.1
  4.8  26.7  41.0   2.1
  0.2   0.3   0.3   0.4   0.2   0.3   0.4   0.3   0.3   0.4   0.4   0.4   0.4   0.4   0.2   0.4   0.4   0.3   0.4   0.4   0.2   0.4   0.3   0.2   0.4   0.3   0.3   0.3   0.4   0.3   0.2   0.3   0.3   0.4   0.3   0.3   0.3   0.3   0.3   0.3   0.3   0.3   0.3   0.3   0.3   0.3   0.3   0.4   0.3   0.3   0.3   0.4   0.2   0.3   0.3   0.4   0.4   0.3   0.3   0.4   0.2   0.3   0.4   0.3   0.3   0.2   0.4   0.4   0.3   0.4   0.2   0.4   0.2   0.3   0.3   0.2   0.4   0.4   0.2   0.2   0.4   0.3   0.3   0.4   0.3   0.3   0.4   0.3   0.4   0.3   0.3   0.2   0.3   0.2   0.4   0.2   0.3   0.3   0.2   0.2   0.3   0.3   0.4   0.4   0.4   0.3   0.3   0.3   0.3   0.4   0.2   0.4   0.3   0.3   0.4   0.3   0.3   0.3   0.3   0.3   0.3   0.3   0.3   0.3   0.3   0.4   0.3   0.3   0.3   0.3   0.3   0.3   0.3   0.2   0.4   0.2   0.2   0.4   0.3   0.3   0.3   0.3   0.3   0.4   0.3   0.4   0.3   0.4   0.2   0.4   0.2   0.3   0.3   0.3   0.3   0.2   0.2   0.4   0.3   0.3   0.2   0.3   0.2   0.3   0.4   0.3   0.2   0.3   0.4   0.3   0.4   0.3   0.3   0.4   0.2   0.3   0.4   0.3   0.3   0.4   0.3   0.3   0.4   0.4   0.3   0.2   0.3   0.4   0.4   0.2   0.3   0.3   0.3   0.4   0.2   0.2   0.4   0.2   0.3   0.2   0.4   0.2   0.3   0.4   0.3   0.4   0.3   0.3   0.2   0.2   0.3   0.2   0.3   0.4   0.3   0.3   0.3   0.3   0.2   0.2   0.3   0.4   0.3   0.2   0.2   0.4   0.3   0.4   0.3   0.3   0.2   0.3   0.4   0.3   0.3   0.3   0.4   0.3   0.2   0.3   0.2   0.3   0.3   0.4   0.3   0.3   0.3   0.4   0.3   0.4   0.3   0.3   0.2   0.4   0.4   0.3   0.2   0.3   0.4   0.4   0.2   0.3   0.3   0.2   0.4   0.2   0.4   0.4   0.3   0.3   0.3   0.3   0.3   0.2   0.3   0.3   0.3   0.3   0.3   0.3   0.2   0.4   0.3   0.2   0.2   0.3   0.2   0.3   0.3   0.4   0.4   0.2   0.4   0.2   0.2   0.4   0.4   0.2   0.4   0.3   0.2   0.3   0.2   0.4   0.3   0.4   0.3   0.2   0.3   0.3   0.2   0.4   0.4   0.2   0.2   0.3   0.2   0.4   0.3   0.2   0.4   0.4   0.2   0.3   0.3   0.4   0.3   0.3   0.2   0.3   0.2   0.2   0.3   0.3   0.3   0.2   0.3   0.4   0.3   0.2   0.4   0.3   0.3   0.2   0.3   0.4   0.3   0.4   0.3   0.4   0.2   0.3   0.3   0.3   0.2   0.2   0.3   0.2   0.3   0.2   0.3   0.3   0.4   0.4   0.4   0.2   0.3   0.3   0.3   0.2   0.2   0.2   0.3   0.3   0.2   0.3   0.4   0.4   0.2   0.3   0.2   0.4   0.3   0.2   0.3   0.3   0.3   0.3   0.3   0.2   0.2   0.3   0.4   0.3   0.3   0.4   0.4   0.3   0.2   0.3   0.3   0.2   0.3   0.2   0.3   0.4   0.3   0.2   0.3   0.4   0.2   0.3   0.3   0.2   0.4   0.3   0.2   0.3   0.4   0.3   0.4   0.3   0.3   0.3   0.4   0.3   0.3   0.4   0.3   0.3   0.3   0.3   0.3   0.4   0.2   0.4   0.3   0.2   0.4   0.3   0.3   0.4   0.4   0.3   0.3   0.2   0.3   0.3   0.3   0.3   0.3   0.4   0.4   0.3   0.2   0.2   0.3   0.4   0.3   0.3   0.4   0.4   0.2   0.3   0.2   0.2   0.3   0.4   0.3   0.4   0.4   0.4   0.2   0.3   0.3   0.3   0.3   0.4   0.3   0.4 
   17    10   143    68   169   167   124   164    91    20   165   160   168    28    54   113    51    76    91   111   148    12    44   120    31     3   103   159    51   103   130   154   142    89   145    37   146   179     8   142    11   175    70    70    90    48   176    76    25    59    67   170   144    57    75    29    33    18    78    35    96    18     3   100    12   139    66    70    48   120    43   145    29   146    29   152   143    22    73   103   135   132   140     1   171   100    75   109    47    53   124   164   149    29    38   121     2    10   180   167   112     3   167   101    84   180   159   114    17    97    50    85    30   152   173    49    59    71    14    69   160    69    49    70   128    97   174   114    70    72    56     5   149     5    52    42    31    34   153    79    24     8     6    61   150    68    44    95   177   148     6   120    55    33   146    33    91    54   172    35   134   111   159    89   155   126    95   120   141   134   169    15     3    59    27    25   168   148   129    85    82    76   177   102   157   140    48    19   122    85   156    98     3    77    74    10   123    40    73   106    74    83   108   178    35   134   116    93    59    60   137   147    86    21   176    17    90    76    93   117    74    11   178    64   150    54   159    44   139     8    88    11   170    26    58   132    11   160    85   139   150    65   147   100   146   179   159   127    97    96    62   101    58   125    88    12    61    98    27    72    41   151    90   116    80   146    56    77    34    51   116   169    83    73   108    92    77   152   172    96    24    23   111   120   173   171    87    83   178    36   105   106    85   142    80    59   164   138   178   144    74    24   151    19    31   146    15    10    92   139   165    38    22   104    76    32    96    89    53   154   122    27    34   141    45   160   130   149    49   126     9    30     9    48    26   100    74   109   128    68    90   180    82     1   105   150   152    89    83    56   115   172    39    58    73   103   123    50   149   118    53    98    73    53   144    31    66   119    14     9    28    54    57    67    78    77   132   176    65   165    40   121   157    91    43    10    53    40    22    15    91    66    16   147   156   123   109   148   165    24   101    33   168   132    47    37    25   159    21   164   111   169    25    99   178    18    94   152   133    31   104   156   172   128   147   170   124    99    37    47   106    46    66   167   143    58    17    58     5   149    70    34    85   166     1   155   172    67   129    27    72   152   179   141   148    81    21    21   157    73    14   156   155   154    56    56    97   166     2   111    11    35   139   166   106    53    28    62    59    23 
  150    57   122   175    58    27   135    50    24    68    53    70   166    89   175   127    85   142    90    46     9   146    22   102   107   110    40    13   101    72    63   122   157   124   164    83    74    89    69    59    31   158   144    39   128    79   145   179   101    78   175    47     9   152   125   155    67   144   150     4   157   106   118    70   157    77    17    80   126     7    74   171   158    32    82    68    77   108    27    30     1    98    65    40     7   175     2    76    55   158   122    18   122    79   124   109   144   139     6   138    26    62   101   114    92   123   171   117   118   117    40    45   162   135   147    67    76     6   118   141   130    15   103   165   153   111    55   161    85   136    91    34   147    48    80    53   174    89    26    54    82     7    81   129   150   138   120     8    89   175     4   174   171    74    38   135     1    22   128    80   128   132   165   162     7   123   177    72   116   143    79   168    34    68    94   112    10   146   150     4     4   162    47    87   125   156    81   118   144   100    87    70   173   118   154    30    74    14   151   162   137   123    68    26    64    27    67    28    53    55   150    22   147    61   112    91    53    32   170    78    38   119    68   132   157    15   178   121   162   105    65   122    10    91    81    56   102    12   164   179    10    99   176    65    34    69    60   150    57    36   166    51    51    75   120   158    39   128   145   116   126    76    34   177   154    12    52    95   102    55    62    57    60   160   142    68   114   141   160    58    18    35    75     6    76    92   132    94   115   163     4   161    86   171    63   131   153   105    60    98   152   136   167   151    33   160    85    10    70    90   170     3    55    52   148   179   178   139   115    78    50   128   159   178   130   179   138   125   168   170    97     7     4    71   102   166    43    93    15    48   137    16   173   132   104    25     7   125    76   120   163   179    69   129    82   145   118    34     5   106    49    11    49    73    21    39   112    89     2   100   139    29    32    44   103   131    35    66    60    50   111   108   116   102    21    66   179   132    42   138    32    42    30   140   151   108   132    86    80   114   148    43    14   177    85   161   121   156    55    16   174   163   171   132    70    65    39    50    73   168   106   120    70   157    18   169    74   117    64    56   102     1    28    51   114   173    61    26    84     3   177   172    22    16   161    33    82    64   148    52    53   124    46   153    20   122   171    91   152    27    30    18    51    77   121   122   163   141    70    19    30    84   172   173    35    21   148   111   152    44 
   22   180   174   117    87    78   151   103    28   110   156   137    45    32   177   138   166    31    56    65   103    12    82    11   166    68    68   101   103    54   157   173    48   157    92   165     8    14    69    11    96   150   175    60    52   119    49    48     4    96   162    83   107   100    77    19    83   109   123    54    74     1   158   128    35    74    71   127   100    94    46   136    19     1   146   114   153    88    54    75    12   170    87    87    68     6    15     9    26    32   136   125    51    45   140    81    25    87   146   172    31   179    36   139     6   172    20    99   110    17   122   106    91   140    60   117   160    91   138   165   136   116    97   100   173    42   151   110    61   107    21   149    70   179   139    97    35   132    45    94   156     8    97   118    14    52   114   116   112   133    52   176   132   100   141   128    57    45   120    93   133   167    84    62   134    52   131   178    88     5    63     6   143    27   174    75    63   129    58    53    67    68    35   133    34    10    12    37     4    97   125    19    84   102    30     8   123   147     4   165   151    76   144    41    65     1    11    12   121   179    51     2    38    34    23    65   100    95    14     3   110    88   158    43   128   105    88   180    69    10   119   130   137    57   162    38    32   108   152    96    84   152   152   168   134    26   163   135    14    27    52    89    36   127    82    52   174   131   111   177   105   143   111   161    33    12   168     1   120    67   128    89    25   126    91    87    71    25    63    97   178   166   142    21   139    11   170   129     5    39   174   160   113     8   127    29    91   180   173    72    33   164   158   179    44    25   131    15    52   125    44   137    14   165    92    76     8    97    43    47   134   143   163   159   153    88     8    10    39    89    55   162   163     9    29    71    41    52    10   113   157    80    30    87   135   114   146    19   130    31    85    83   151    43    44    18   104    64   124    93    75   121   171    30    32    43   124   135    14   113   148   116    53   160    39   116    70   162   115   132    40    67   142   156   163   178    86   166    38   169   119    46    66    43    73   110    82   168   112    14   107   150   133    98    66   179   152   134   176   157   154   125    73   101   101    73    89    14    11   103   153    55     8   152   166   125    38    52    42    86   149     9    91   147   126    74    27   144     2   149    27    91    90    29   128   147    11   136   168    89    79    82    40   110    74    19    89   175   148   108   150    19    77   161    73   101     3    80    67    60    16    45    15   137     1   155   115   158   113   179 
  150    41    52   178    67     1    80    11    57   125    65   136    57    60   160    88    36    20    74    59   136   127   131    21   179    15    30   130    81    31    96   157   114   101   167   126    74    43   125    28    45    96   126   117    47   154    60    61   150    64   155    30    17    52    61    58    11    54    14   101   122   155    29    58    70   119     6    40   106    71    32   117   146   177    55   138    13    88    27    61   110    12   139    23   148   156    72    75    97    56   178   132    12    54    63   107    45    16   135    97     7   119   166   179    87   133     2   172    85   125    84   127    47   154   174    69   139   173    92   131    62    84    81    16   123    74   112   156   167   178   138   117    51     9    68   150   174    62   180    92    46   140    39    21     1   165    40   109    65    37    66   153   122    99   176     1    34     3     9    64    24   172   154    45   151   158    35    64    47    95    44   124   102   131    12    91    73    67   134    35   104    44   175   151    58   108   120   103    18    34    62   151    13   129    36    28    60   112    41   180    39   101    33   124    41   130    28    84    10   128   113    63    60   105    77    78   115    32    24    21    63    35   115   160    46    40    26    35   156    72     3    44    29   100     3   134     6    97   108   178   116   176   123    74   169     2   180    86    22    74    14   150    64   163   127   121   131   173    46    27    71   101   106   136   159   155    26   166    46     2   144    68    18   137    18   146    99   166   179   164    60   157   131    39    39    54    75   180   110   114    99    77   174    84   172   146   176    63   117   143    51   168   114   119   140    54   137    62    38    21    89    60   127    59    28   177    29    32    45    42     9   115    55    49    76    48    40    20   114    78    30    74   116   118   138    42    42   162    41     5   137   174   157     7   115   133    53    70    36    76   140   113    91   155   145   125   160    90    18   134   143    80    53    71   158    91    57    83   137    41   102   143    73   170   110    15    93   138   135    34   149   159   177    32   115    91   143   158   130     6    16   117    97    80   167    12    93   158   128    37    62   104    36   151    42   117    78    49   131   126   146   157   155    68   179     1   152    52   164   165    22    85    45   103   130   143    76    98   127    19    24   113   154    60   153    19    90   174    48   171    79    80   142    81   111    67    56   141    89    79   107   123    66    40    10    51    36    68   132   178    18   100    74    21    35    81    80    92    46    87   109    74    94   157    29   123   116   101    55   111 
  117   166    47   152    93   144   153    34    38   156   111    92    18    37    62   149    59    28   175    26   100   126    87    62   134   138    24   110    14   150     2   130   171   153   162   102   174    86   163    52    29    52   164    34    65   139    23   118   170    96   123   175    25   160    92    97    98    40    57   145   144    27    14   151   103   153   156   125    95    38    20   160   178    91    76   163   139    75    71    44   122    81    65    50    60    49   157   166   113   169    14   155   147    39   176    71   140    71    99    42    87   112   114   148    80    15    85    61   139    60    37   117    60   130    96   127    15   133    74    77    40    26    55   133   122   133   134   165   151     7    49    14    94    36    16    41    81   157    37    56   135    73    53   164    77    22    82   117    33    91    29   160     2   160   119   120   154    81   154    77    64   123   101   106   167   142    36    98   119    66    76    44   105   138   141    19    27    46    23    35   102   144   100   133   123   164    12   157     1    44    35    14   167   130   148    66    15   114   174    56   120    12     4    95    79    88    85   124    89   166    78   152    23   129    28    21    17   168   146    76   169    54   135   176    41    36   117   180    76   151   162   123     2   124     7     7    17   156     1   173   179   169   141   180   176   144   166   152    91   140   165   138    88    63    55   105    12    36    46    27    90     2   179    54    48   151   118    15   140    93    14   116    57    81    78    91    72    10   140   176   143    19    88    51    61   174    69     5   177    30   166   155    29    50     2   122    99   125    39   160    42    78   177    26    58   100   157   180    63    56    81    73    31    42    39    57    17   127    47   177     3    72    67    69   102    79   177   165   156   115   136   159   146    70   109    62    87    54    41    86   141   156   179    72   172   126   128     1    17    30     8    82    85    31     7    32   146    31   155    32    59   147    18   104    88    13    28    91    45    32    73    35    61   115     6   101    46   144    38   146   151   174   114    26    70   171     9   175   108   149    95    69   176    69   164    15   163    91    91   172    72   146   100    64   166    98     8   119    61   170    49   142    83    43   176   165   145   115   115   130   118    72   142   153   116    87    30    82    73   145   149   158   167    59   104    84   108    96   122   159    75   179     5   122    51   172   147     4    35    52    52    83    35   171   130   125    61   110    77   123    17   138    56   132   180   173   127    41   145    27     2   180   140   167     7   137    11    25    46    49 
  117   175    10    50   149   119   172   129    36    29    89   160   153   180    63   112     1     3    96    68   114   137   158    75   109   140   174   138    55    36   117   129   139    75    49    44   108   174    53   158    34   117   121   164   119     4     3   123    15     4     9    57    50   154    78   113   145   125    53   166   176     9    69    46    88   154   173   170   123    96   142   157   103   129   114   135   174    69   134    89   141    98   132   156    17    34    95   177    24    51   126    50    75   141    94     6   137   138    94   153   130    91   126    15    85     3    96    88    99   122   140    68    42   120    14   127   149   180    99    21     6   113   166    78    59    61   177   166     2   125    75   104     1   168    72    36   100    60   178   127    53   175   150    33    66    87    33    49   180   180   131    99    32    10    85   100    22   105    11   172    73    76    35   122    51    46   166   117    96   124    20    40   144   102    24    15   166   164    66     4    86    45    22     6   160    55    87    12     2   121   178   135    67    44   154   102    66     3   137    50   165   145   136   178   122   127    47   157     3    14    81   163   160   128   179    66   137    26    50    77    73    53   106   142    96   158   163    69    13    45    96    48    44   177   179    79    75    56   114    34    59   116    73    88    82     4   135     1    42    36    63    86   177   131   138    65    55    29    41   167    88    79   177   110    58    35    65    94    13    81    52   118   149    79    62     3    42   104   177   169     9   146   176     9   176    78    54   129    49     8   119    92   131   155    50    65   165   145   130   101   113    24   141   144   124    33   120   155    37    52    98   141    82    22    94   146   164    72   172   134    18    61    41    91    50   102     6    11    46     6   174    71     7   113   142    94     1    43    87   172   159    45    21   100   165   145   108    66   101   125    28   106   113    91    77    48   170   166    25    76   102    45   108   117    72   175    64   166   130   111     9   102    78   175    86   168   174   121   120   156    89   110    75    19    33     1    11    80    69   101    61   115   107    44    33   163   153    63   128    91   177    76    14    31   117   177    45    14    43    38    74   101   111   117   161    32    88    51    79    37    45     2   111     9    33   151    70    40   161    41    44   117    97    77   146    30   147    27   162   101    49    82    88   111   138    92    51     4    24   100   118     7    91    70    16    25    59   157    61   103   160    53    94   179   159   178   106     7   164    61   110    37    71    80    48    35    59    24   170   176 
  152    95   114    85    92   116   115   158    61    98    64   117   145   166   120   161   144    74   163    58   137   114    83   140    97   157    92    42    34    61    43   165   123   160    25   167    80   130   160    63   163   152    63   154     1    73   107    47   164   138   161    99     9   154    60    21   159     9   162    97    21   106    23    12   169    26    90   141    25   109    25    51     4    59   124    13    54    10    62     7    14    88   102   168   127   166   167    21   102   120   106   127   141    13   163   148    45    45   124    98   162    45    47   172   108    15     2    87   169   165   117    73   118   168    68    74    40    32    29    74    83    49   107   155    12    39    89   180   150    73   164   156    24   158   139   168   131   100    61   149    38    74    61     4   161   112    13   111    63    43   127   174    23    39    82    56   102   154    82    58   178   109   119    24    86   110   180    23   105     8   160    25   163   167   133    45    51    39    74    22    94    49   136    52    79    69    53   129   150   109    25   116    78   136    92    32   118    60   117   125    26    11   120   123   179    98    10    43   163   105    69     7   177    72   164     2    64    62    82    78    85   170    53    74   105    21    84    60    68   102   120    19   166    62   136   126   153   126    22   141    33   122    57    52    93    97   120    17    22    34    24    75   133    17   178    44   149    54    40   115    37   168   151   133    85    75    89    67   135   178   100    77    88    20   133    58   125     4    85    25     9    89    25    42   125   132   143    15   165   134   126    50   148    62     7   105    33    81   165    60     9   161   121    27    92    87    59    17    78    75    44   117   130   135    35    13    40    88   124    45   132    43   169   109    56    27    74    76   135    50   132    89    15   159   129     7   175   172    32    83    35    51    65   128    83    67    56   152    17   157   123     6    65   144    46   124    41    78    75   109    16     9   132   128    75    14    79    15    23    44    86   126    68    64   101     1   103   107   132    75   130   134   138   173    79   138    98   157   162     9    96    70   161   116    47   132   126   124    76   126    48     4    54   166    87   132    92    66   138    76    20   134   166    35    52   153   148   116    90     5   143    94    45   142   111    67     1   115   170   111    13    78   172   122   173   102    78     9   108    69   131     8    53    96   165   129   124    76   146    83   175   169    46    13   173   146    90    43    25   176    84   133     2   125   152    48    39   109    90   165   115   141    74   136    77   120   149    10     3    38 
   10   155   107   126    26    17   128    20    71    55    96     7    73   172    95   113     9   110   145    45    80   141    27    19    25   150    26    16   180    18    94   180   166    47    23    99   178   179    53   163    90    16   139   104    16   119    33    36    99   115     3   127    73   104   107    44   166   125   153   124   137    88    78   156    65    39   161   165   158   166     2     6   141   176   169    61    74   134    83   180     5   135    67   118   174    85   164    82    22   167    52   114    69     7   166    34    69   161   102   101    28   166    47    44   132    90   133    24   119    94    97   136    56   139    70   175    57    53    51   122     9   139   120    99   171    33   125   100    50   178     4    86   141   172    90    93   143    73    71    20    58    36    98    62   171   137   109   149    15     5    38    16    64   131    40   127    59   163   155    71   171    65    44   108   164   132   138    81   173   178    96    47   159    95    77   115    28     6    75    84     5    23    63    78    55    35   152    79   103   164    63    71   174   170    25    93   120    28    49    88    81   159   143     6    48   138    55   102    39     9   158    41   124   145   159    56   161   153    74    78   174    73   111    96    26   164   136   175    61    82   124    41   106   158    17    77   113    55   124   112    90   177   172     9    62   101    81   112    94   156    31   173    41   180    83     5     5    61   128   119     1    74   142   178   173   152   122     8    79   171    74    44    92   120    72    52    58     8   120    35    95     8     7    28   161   128    56   170    42    25   105     3   118   127   161    86    16   146   113    56   108    67    35   102    32    49    59   139    88    70   106     9    28   179    90    36    42   107   148   117   138   155    98   118   159   149    83    38    99   178   141    94    87    13    81    60   132   119   111   114    18   163    57    51    74    19   137    88    68   110   134   112    78   128     1    98   115   130   177    73    73   165     2   125    87   116    33    84    47    67   110    15   137   131     5    72    46    73    81   127   162    20    34   142    51   172   166   140    59   157   118    24    44    97   140   167   103    33   178   161   171    97    60    14   176    40   101     2     4    26    75   165    81   147   157   110   172   180   169    50   100   107    80   141    47   117    54     9   152   178   170   136    58    87   165    48    75    65    29   130    35     1    60    31    48   150   111     3    79    83   109    53   150    50    97   107    53    61   166    90   171   155   123    79    13    13    45   104    74   111    93    28    70    50   142    16   171    24     5    41 
  176    45    15   169   160    42    21   146   118    61    77   180   135   115   140     6     6   166     2    20     3   176   108   145   153   150    13    31   141    11    44    68    93   129   130    70   118    41    42    58   126    83   106   132   124   161   111    40   146   161   165     2    17    62   133    22   144    70   157    63   119   124    30   169   126     7   147   165    17   168    38    29    14    85    82    73   137   159    67    36    78     1     3    93    21   148   158     3   126     5   150    61    14   155   163   119   108    10   154    40   101    83   111   132   180     9    43   149    98     1    17    68   156    58   129   138   172    67   172     3   145   138   178    16    14    56    32    12   118   133    92   155    84    17   107   145    88   126   153   139    14   154    71    75   127    56    29    66    60    17   114    97    45   126    47    14    20    69    36   150    87    77    14   180    61   162    21   135    36   138   100    41   114   121    85    39   139   138   104    59    23    86    27    45    22   149    76   159   179    64    18   118   164   128   176    49   133   120    15   138    35    83    62   147    97   140   147    80    93    21   131   160    86   118   154    54    19     4   127    35    14    30     5    72    71   103    78   137    77    13     7   126    99    88    23   139    41   151    64   114    92    74   145    53   113    38   177    26    56     6     2   176    72   166   141    63   136    34    82   150    61   177    30   120   137   165    69   173   133   142   133   174    83    67    73   155    28    62    47   140   115   132   166     7    19    79   135   124   128    29   143    80    21     2   146    45   174    36   124    63   139   173   137    16    96   167    35    54   152   170    81   143   118   114   162    63   163    29   156   123    33     4    15   179    28   160   180    16    48   126    42    28    32    93   176   119    99   144   170    66     8    80   133   138   125    75   143    67   133    92    33     9   154   177    64   143    64    39    59    28    29    11   154   119    98   144   134    54    68    67    18   176   159   176   154   121   171   179    30   109   142   101    21   176    16    11   109    83   123    89   159    49    50   107   148   105    16    29    16   155    16   152   100    87    22   130   178   167   100   109   177     7    37    98    88   109   139   114    95    41    66    29    84   175    73    17   127    42   177    10    90     9   105    52   158    67    99   180   138   133    13   159    30   127    26     8    35    41    47    53    59    27    99   147    48   106    66   169   170   116    33    31    13    56    40    40   170    85   102   146   135   131   117    59    75    67    13   132    54   139 
   31   116   125   124   128   167    43    39   146   174    40   164   109   143   107   141    13    11   148   172   111    91    20   112   159    31    10   112    21   117   152    69     5   108   144   137   135    74   108   170    65    52    89   180   122   119    88   130    62    93    43     1    99   143   142    17   174    58   177   109   168     9   142     8   176   137   142    90   106   147   129   145    41    29   142     5   165   145   130    21   142     8   155   169   153    86    41    20    23    63    65   140   176    23    61   136    87    60   109    81    76   140   143   111    24   136    15    84   148    27   124   138   125   134    98   127   105   154    34    31    61     4   122   136   100    91   147    45   131    91   162    74   148    31   133    66    18   124    45   116   165   176    74   130    95    91   165   162    90   145    14    55   123    24    44   159    25   161   110    17    31    41     1    10   113    17   165   175   178    40   145   140    46    66   132   168    21    45    29    39    54   142   157    77    61   169    46    87   146    88     7    69    56    69    69   170    27   122    23    48    70    23    14   155   165    62   168    76   141   159     7    88    69    52    18   134    75    66    54    48   152    57    47   103    69   140    65   144   142   127    14    45   139   179   176   179    79   114   131   105   149    23    22    75   155    60    94   115    84    29   151   116    52    76   171   101    72     8    42    12    80    60    90    90   108    43    93    55    37    96     5    51    83    75    63   180    63    43   143    57    22    66   179   107    83   131   146   125   100     7   151   155    77   109     8   139    16   114   170     4    12   153   145   136    95   133   156   167   106   152    11    31    17    71    44    42   157   123    98    17   123   110    22   169   179   158    46     6    68    18   117     3   109   178     2    51    54    72    42    71    30    36   104   168   100   111   146    42     7    31   163    31    82   103    30   130    13   165   135   142   139    33    22    39    69    72   131    75    39   160    12   104    98   149   179    27    65   104     5    99    74   166    40    25    50    41   120   166   162    27    21    99    33   180    11    36    69   140   164    62    44    76    89    99   102    73   142    85   136   157    41    52   122    56   141   100    34   115    22    96    90   173   100    84     1    77   168   117    39   131    45    25    33   154    47    66   120   153    53    58   139   129   136   127   140    93    85    27    60   124    74    37    14    48   147    25     6   155   156    72     3   178   123   175    88    27   104    81    44   102   153    72   169   128    97    42   142   124     5   151 
  166   166    30   127   136    91    37    79    44    51   121     3    55    60    81   147    20    64    33   136   152    99   166     6   121    74   125    57    32    48    58    80    45    49   121   160    10    82   153   171    63    31   170    14    16    98    35    76    45    44    51    33   140    94   169   174   122    93    92   164   123   145   156    77   102    70   112   162    25   104   166   180    21    39   133    54    67   134   146    54   128    67   114    34   117   126    16   115   139   167   159    25   104    14   112    74   164   156   138   153    84    87   115   134    47   107   132    50    35   113    52    30   175    81    73    41    28    71    13   119   110    51   121   131    47   107   143    18    51   135   123    77   169   134   115   122    53   101    75   118   175   114   171   149   153   176   144    46    67    21   151   150    73   130    95   147    16    94    82    95   180   145    60   178    84    92   121   171    15    76     6   115    50   157   125   154   136    17   114   119   172   165   125    58   146    84    55   177   123    27   114    38    26   171    66   117     3   124   174    46   134   104   172    34   145    69    97    61    86   110   160   131    54   143    34   158    29   173   161   145    46   130    61    25   106    95    16     2   155   180    64    47   150   129     2    43   129    44    83    33     5    35    63   146   146   141    11    75     3    33    95    34    52    80    24   125    68    72    32    45   173    79   158     7    13   173    79   150    20    99   150   148    98   164    99   148   102    25    53   145   139   169    32     1   138     1   134   117    55    22    51   134    52   121   128    59   140    63    62    28   127    97    95     1    49   153    21   172    40    93   144   163    87   103    21    63   148   164    18    29   164    36    56    67    19     5    53    33    21    84    42     4    69   157    57   137   138    34    64    73   176    79    81    45    57   138    13   160    99   144    40   127    26   145    28    38    12    89     4    42    44   135   113    24    70    35    27    66    55   140    35    33    31   113   118   131   126    41    19    50    70   154    93    91   169   152    23    31    16    96   158    36   162   129    23    65   112   141    54    94   107    30   132    16    81   109    48    98    79     8   143   131    81   159    47    40   130    61    34   105    21   105    60    61    79   111    38    53   143     7     4   167   142    22    28    97     4   142    73    51   146   168    40    93    61   179   144   111   129   147    89   176    95    94    58   111   119   160   102    51    90    77   124   139   176    74    18   105    67   143   105    29    34   130   179    61    44   179   155    41 
   54    41   105    21    18    67   125   163    58    81   126    52    17   115    22    69    67   171     9   174    65   100   169   106   180    17    49    21   122    43   113    24    85    84    40    29   175   160    66   161    20   159   150   145    61   117    54    79   110    14    63   141   114   164    41    83    80    93   134   160    57   105    88   160   173     4   162   122   135    76    81   164    21    22   122    95    35    72     8    81   103    35    64     9     7   159    58     1   122   116   102    52    49   180    21    72    44   161    24    84    30     8   154   114    99    78    95   108   149   169    31   153   172   178     6    46    11    83    66    54    71   173    36   156    36    43    82   157   102    59   110    49    74   125    22    50   147   119    13   104   104   146    29   147   164    86    58    73    42   139   146    92    16    95   123    42    77    73    85   117    94   158   175   175    37    38    60    38   179   106   158    99   114   176   161   124   102    98    74    47   104    73   173    51    26   142   101    23    65    90     3     9     8    64   128    89     4    18   125    55    32     2    46    81   111     4   102    60   134   125   134    33   160    72   110     3   126   154    15   167   180   143   145    34    23   164    41    37    57    34    57   165   178   177    91    50   115   162    80    35   151   129   144    22   176    57    52    49   122   172    34    91    35   151   180    25    67   178   144   176    13   166    84    44    92   162    65    51   105   146    80    51    88    23    68   168    58   157    70   110   142    81     6   105    63   148   150   118   103    76   162   100   117    24   116    94   112   106   101    75     3    12   143   129   115    47   154   123    16    43    69    31   157   137    99   150   156    90   177    59   177    61    20    65   157   110   161   121   123   104   117   145   114   168    60   138   117   144   114   137   173    73    35   160     8    33   155    42    96    79   100    23    61    90    85   126   132   116    28     5    29    64    88    22    60    59   136    19    37    11    69   112   123   132   156   147    34    14    26   149   171    94   101    37   172    62   151    90   156   100   152   131   165   165   100    74   153   105   120    25    64   153   180    40     9   168   121    33   143    92   167   179   134   108    87   110   154   132    43   174   126   164    18   169   151   126    26   126    26   139   121   132    31    65    63   120   120   172    26    97    84    77    75   146   138   133    94   177   158    26    65    39    38    42     3   176    69    61    35   176   120    44    44    13   159     2    99    96    71   120   107    45   122   130    93    23   119   106    40     9 
 0.00  0.40  0.32  0.35 
 0.40  0.00  0.29  0.29 
 0.32  0.29  0.00  0.28 
 0.35  0.29  0.28  0.00 
