60 12
4
     16456
     17085
     18349
     17091
  1.3  69.6  73.0   2.0
  2.3  22.6  79.1   1.6
  1.0  37.9  79.2   2.4
  1.9  68.4  40.3   1.8
  1.7  40.6  36.0   2.0
  1.5  70.5  63.8   2.2
  2.9  66.5  89.1   2.3
  1.4  39.3  92.9   2.1
  1.1  72.8  38.7   1.7
  3.0  44.2  65.4   2.3
  1.3  30.3  16.6   1.6
  3.0  64.3  87.1   1.6
  4.2  74.3  62.1   2.5
  1.6  31.8  47.7   2.0
  3.2  27.7  58.3   2.5
  1.7  21.4  22.9   2.3
  3.0  43.6  40.6   1.6
  5.0  27.4  23.7   2.5
  3.3  55.3  11.4   1.8
  3.9  64.8  33.8   2.2
  2.8  37.1  58.6   2.2
  1.5  64.6  47.7   1.8
  2.3  24.0  62.7   2.4
  2.2  58.1  83.8   1.7
  4.2  59.8  22.4   2.3
  3.7  49.0  36.9   1.9
  4.7  34.9  56.6   1.5
  2.6  16.0  80.6   2.4
  1.3  38.4  33.9   1.7
  3.7  31.7  33.4   1.9
  5.0  65.9  33.9   1.5
  2.8  71.1  59.8   2.4
  3.3  64.1  10.2   1.6
  3.2  19.4  89.1   2.1
  2.4  57.5  15.6   2.0
  1.8  43.0   9.8   2.2
  4.9  24.8  83.6   1.6
  2.2  73.8  58.2   2.2
  3.4  18.1  11.3   1.6
  3.1  43.5   5.4   2.2
  2.5  51.5  23.9   2.4
  3.5  54.3   9.2   1.6
  1.3  29.4  28.0   2.4
  3.4  72.1   7.0   1.7
  2.9  34.8  53.9   1.7
  4.0  16.7  53.1   1.7
  4.9  66.3   5.2   1.6
  3.6  66.4  91.9   2.0
  1.4  38.7  13.1   2.1
  4.9  43.2  73.1   1.7
  4.5  43.0  12.0   2.0
  3.9  37.6  14.7   2.4
  2.5  33.4  63.2   1.6
  3.9  60.2  27.4   2.0
  2.7  55.0  28.3   1.9
  4.1  17.8  83.7   2.5
  2.6  29.5  26.1   2.4
  1.1  68.6  16.5   1.8
  2.5  65.0  36.7   1.7
  1.0  35.6  11.7   2.5
  1.1  58.1  74.4   2.4
  4.1  52.8  42.8   1.8
  1.6  73.0  24.0   1.7
  2.9  21.1  72.1   2.5
  2.2  48.3  58.3   2.1
  1.6  40.1  54.9   1.6
  1.6  46.7  11.2   1.8
  2.8  19.8  94.9   2.1
  3.3  67.3  36.8   1.6
  4.9  44.8  62.1   2.4
  2.1  54.3  15.6   2.1
  4.8  33.9  16.9   2.1
  2.6  29.1  63.4   2.1
  2.3  72.4  90.6   2.4
  4.7  25.9  47.9   1.9
  3.7  56.3  33.6   2.3
  1.3  73.2  77.9   1.6
  1.7  44.8  49.1   1.5
  4.9  34.7  69.2   2.0
  4.7  60.7  92.0   1.8
  4.5  59.6  83.5   2.2
  4.5  46.1  17.2   1.8
  2.1  41.1  45.5   1.9
  2.1  48.6  24.3   2.0
  4.6  28.8  14.5   2.1
  2.1  44.7  85.3   2.3
  2.0  59.7  78.2   2.5
  3.1  39.2  36.4   1.7
  2.8  37.1  80.4   2.0
  4.5  58.1  64.2   2.2
  2.6  74.5  85.9   2.0
  2.0  46.3  53.0   2.2
  1.8  55.0  72.5   1.7
  4.3  61.8  83.3   2.4
  1.9  52.5  11.0   1.5
  3.2  68.7  37.6   1.8
  3.8  58.1  72.9   2.3
  2.7  15.8  27.3   1.9
  2.0  71.8  74.4   2.2
  3.5  59.3  64.3   1.8
  3.0  67.1  45.9   1.8
  2.0  34.8  29.0   1.9
  3.4  21.9  57.5   2.3
  1.9  61.4  86.9   2.4
  4.5  53.2   5.7   2.4
  5.0  45.4  62.9   2.3
  2.7  25.6  94.4   2.0
  3.4  24.8  24.5   1.7
  4.7  47.0  91.4   1.7
  4.6  39.7  32.7   1.9
  4.8  41.5  68.5   2.3
  1.1  54.9  17.9   1.5
  1.7  46.3  61.1   1.6
  4.6  47.7  27.2   2.4
  2.5  67.5  39.7   1.6
  1.1  55.9  93.0   2.0
  2.7  39.8   5.7   2.4
  1.3  59.1  92.3   2.1
  1.9  69.4  60.3   2.0
  2.3  61.2  81.2   2.0
  3.1  66.4  89.1   1.6
  4.4  67.7  45.9   2.1
  1.2  46.4  84.5   2.5
  2.5  54.7  91.8   1.6
  4.3  16.5  36.6   1.7
  1.0  62.2  30.1   2.1
  3.1  70.7  37.4   2.4
  3.9  49.3  47.9   1.9
  1.2  18.3  73.3   2.1
  2.7  44.7  92.0   2.3
  4.1  41.4  51.5   2.0
  4.0  29.8  86.8   2.1
  3.7  54.2  26.1   2.2
  2.3  44.6   6.0   2.2
  4.5  23.8  26.9   1.9
  3.1  44.6  91.4   2.5
  3.8  39.4  31.9   1.6
  3.0  44.3  26.6   1.7
  2.4  70.3  69.1   1.6
  3.9  61.0  53.8   1.8
  1.5  39.4  25.7   1.9
  1.7  33.2   7.7   1.6
  4.6  61.6  84.4   2.1
  4.3  64.8  11.8   2.4
  2.9  73.0  42.1   2.1
  4.1  31.1  76.1   2.4
  3.3  57.6  25.2   1.6
  3.8  38.9  37.9   2.0
  4.0  22.1  62.9   1.9
  1.7  54.1  83.8   2.1
  3.8  37.0  92.4   2.5
  2.3  37.9  84.8   2.1
  4.8  59.1  21.7   2.2
  3.4  33.3  23.1   2.5
  2.8  70.0  54.5   1.8
  3.6  68.0  34.2   1.6
  4.7  66.4  72.9   2.4
  1.1  56.7  29.3   1.8
  3.4  40.1  25.4   1.7
  1.2  48.9  81.4   2.0
  2.9  70.4  48.6   2.2
  3.7  72.7  16.5   2.3
  2.3  46.8  84.9   2.2
  4.7  55.7  26.0   1.6
  3.2  47.5  21.9   2.4
  3.5  19.1  94.2   2.4
  4.5  48.1   7.7   2.3
  3.4  53.4  72.4   1.6
  4.1  29.9  27.0   1.9
  3.4  60.8  34.2   1.8
  1.5  21.2  70.8   1.9
  4.7  42.9  72.7   1.5
  4.3  39.5  70.6   2.0
  1.3  60.9  72.4   1.7
  2.8  42.0  19.4   2.5
  3.1  73.9  49.4   2.1
  3.7  72.3  16.5   2.0
  1.9  49.5  78.8   2.3
  3.1  19.4  24.7   2.4
  4.4  38.0  55.6   1.7
  3.6  71.9  88.4   2.0
  2.6  56.8   9.9   1.8
  3.4  67.8   6.0   2.1
  1.7  19.6  83.2   2.1
  4.7  66.1  83.0   2.1
  4.0  54.9   8.7   2.2
  1.5  53.2  37.3   1.7
  3.4  22.9  56.5   1.7
  1.1  31.8  77.4   2.3
  1.5  37.4  13.0   2.3
  3.0  20.0  61.0   2.1
  2.5  42.8  69.7   2.4
  4.6  32.2  73.0   2.3
  2.3  39.4  53.6   1.7
  3.6  19.1  57.9   2.2
  3.5  65.0  51.2   1.8
  3.0  70.4  55.6   1.6
  1.4  63.8  24.2   2.1
  3.8  61.6  72.0   2.5
  3.9  36.1  40.3   2.1
  3.7  51.7  43.6   2.1
  3.7  15.1  73.1   2.4
  4.9  34.9  94.6   1.6
  4.3  59.3  86.2   1.7
  3.2  30.6  42.4   2.1
  1.9  63.5  20.0   1.9
  2.2  60.8  49.5   2.5
  2.8  34.4  54.4   2.0
  2.9  25.9  14.4   1.8
  3.7  69.5  63.7   1.8
  4.1  24.8  17.1   1.7
  3.8  17.8  61.6   1.9
  4.7  34.5  84.4   2.4
  3.1  68.2  62.9   2.1
  4.1  47.5  21.5   1.5
  2.0  22.3  43.3   1.9
  2.2  38.4  23.8   1.8
  3.3  46.3  93.0   2.4
  4.7  49.3  29.7   2.0
  3.4  42.5  21.0   2.5
  4.1  37.1  42.4   2.4
  1.7  26.7  14.7   2.2
  1.3  47.4  56.1   2.1
  3.0  45.7  12.1   1.5
  3.7  67.2  40.9   1.9
  1.5  39.0  63.1   2.0
  2.6  19.3  57.8   1.8
  3.4  34.9  15.0   2.3
  3.8  29.1  77.2   1.6
  3.2  72.5  80.9   2.5
  1.5  73.0  75.1   1.9
  2.7  44.4  15.4   2.1
  2.5  23.7  54.9   1.8
  4.2  53.9  93.1   2.3
  1.4  20.6  74.9   2.3
  2.2  29.6  37.5   1.6
  2.1  43.2  54.0   2.3
  3.6  46.8  80.5   1.9
  3.7  47.5  18.6   1.5
  2.9  24.4  54.6   2.2
  0.2   0.4   0.4   0.4   0.3   0.3   0.3   0.3   0.3   0.4   0.2   0.4   0.3   0.3   0.3   0.4   0.2   0.2   0.3   0.2   0.3   0.2   0.4   0.4   0.3   0.3   0.3   0.2   0.3   0.3   0.4   0.2   0.4   0.3   0.3   0.3   0.4   0.4   0.3   0.3   0.3   0.3   0.3   0.3   0.3   0.4   0.3   0.4   0.4   0.3   0.3   0.3   0.3   0.4   0.2   0.2   0.3   0.3   0.4   0.3   0.3   0.2   0.4   0.2   0.3   0.2   0.4   0.3   0.3   0.3   0.2   0.4   0.4   0.3   0.3   0.3   0.4   0.4   0.2   0.3   0.3   0.3   0.4   0.3   0.3   0.2   0.3   0.3   0.2   0.2   0.3   0.3   0.4   0.4   0.3   0.2   0.4   0.3   0.2   0.2   0.3   0.3   0.4   0.3   0.4   0.3   0.4   0.3   0.3   0.4   0.4   0.3   0.3   0.4   0.4   0.3   0.4   0.4   0.2   0.3   0.3   0.3   0.4   0.4   0.3   0.3   0.3   0.3   0.3   0.3   0.3   0.3   0.2   0.3   0.4   0.4   0.2   0.3   0.4   0.2   0.2   0.3   0.2   0.2   0.2   0.3   0.4   0.2   0.3   0.2   0.3   0.4   0.3   0.2   0.4   0.2   0.3   0.4   0.3   0.3   0.2   0.4   0.3   0.3   0.3   0.4   0.2   0.3   0.3   0.4   0.2   0.4   0.2   0.3   0.2   0.3   0.3   0.4   0.2   0.3   0.4   0.3   0.3   0.4   0.3   0.2   0.3   0.4   0.4   0.3   0.2   0.3   0.3   0.3   0.3   0.2   0.4   0.3   0.4   0.3   0.3   0.4   0.2   0.2   0.3   0.2   0.3   0.3   0.3   0.2   0.3   0.3   0.2   0.2   0.2   0.2   0.3   0.3   0.3   0.3   0.3   0.3   0.2   0.2   0.4   0.2   0.3   0.3   0.3   0.2   0.3   0.3   0.4   0.3   0.3   0.3   0.2   0.4   0.2   0.2 
   53    32   132   104   156    93   113    76    72    14   142    99    34    92    79   102    42   169    94    41    78   104    89   151   168   121    11   108   174   156    80   101    89   132   160   113   110   164    64    73    98   111    22    95    50   158   124    28    41   131   175    69    56    79    98   103    33    12    36   119   157    82   156    79    56   145    55   173    87    89    29    94    96    45   114   109   135    79   167    67    83    52   167    17    97   116    95   110    32   113   152   178   170     3    75    61    80    15    62   124    51   174    61     3    67     2     8    80    69   157   180    67   139   147    46    90   138   143    66   110    65    90    38   176    54   159    18    52   109   130   177    30    37    53   118    47    39    83     1   130    82   168     8     5     5    58   173    21   113   127   126   153    93   155   130   138   157   116    90   120    59   103    14    51    60   129    80    61    26   128     5     1   165    74   158   119    61    62    52    85    12   163    34   102    69    19   140   101   116    69    75    37    78   157   110    84    95    86    96    58   136    68    98    76   121   134    51   144    60    31    18   124    83    54    65   108    83    93   134   161   134    40   104    13    36   125    27   132    55   176   122    30    63    99    42   124    75    69    39    74 
   33   134    27    93   159    17    51    75   108   165    34    40    90    72    93   179   126    39   124    68    38   115   124   115   165    44   162    63    27   157    30   109    88    22    56   132    91    18   125   101    97   123     4   109     2    72    71   110   126    93    96   140    63    68   148   137   143   154    38   106    82    72   145   180   106   178    85   110    51    43   107    50   106    28   111   155   144    94     5    29   103   136    77    16    12    24     3    89   168   148   125   132    13    59   105   172    12   102    61    81    18   142    39    33    16   150   139    92    74    53   103    53    65    28   102   130   109    77    82   178    95   152    46   122    45    58   133    38    60   180    99    16   106    37   120    35    81   135    88    19    13    71    33    17     8    26    61   101    42     1    86    62    31   103   127   113   107   116    34   139   114   157     9    99    47   147    56    47   138    13    27    96   125    48   116   155   105    96   177    86   165    51   124   155    30    97    69   163   149    82   133    44    16   140    65   160    15    27   152    77    32   153   109    60   104    48   103    10    73   164   143    86   145    39    66    68   170   132   115   129   127    71    54    81    51   145   121   135   137    86   153   162   166   174    25    22   121    24    88   160 
   10   132    15    83    50    43   137    47   173   100    18   137    18   138    43    47   145   144    55    53    77    11   116    43   165   155   162   108    26   110    89    81   168   152   150   123    52     9    57   142     5    33    54    52    96    76    49   112   123     9   155    44   109    33    86    82    81    56    26    86    36   157    69    49   103   146   132   147    29    25   134    71   158    52    85   148    58   145   126    50   101   122   119   146     1    57   118    13   108   130    89   125   107   163    63    31   130    10   159    99    73   126   165    31    63    79   119    33    82    54    52    91   145    16   131    58    74   109    80   157    63   153    15    68    23   158     5   134    48    97   170    33    81     8   110   141   103    50    10    95   132   122    58    59    71    97    46    24    28   171   122   107   150    92   178   124    71   106   110   122   133   127    83    75    90    49   128    92    71   162    54    57   122   165   103   155   157   127   104   159   119   140    35    50    83   137   105    20    99   123    80    84   106    86    56    77   145    85   153   107   106    24    11   161    22   170   101    35    66   125    67   148    15   160    22   150    83    28    89    60   166    88   148    71   168    81    12   163    34   145   130    80   172   113    77    41    15   150    23    37 
  130     3   144     6    88    51   170    21   171    65   150   160    27   159    10    11   107   176   111    10   124   106   165    95    50    53    47    11    77    26    27   113   168    25    37    41    37    35   118   166    86    96    75   150   137    90   108    15     4    11   129    67    86    45   127   138    14    86    60   115    13    56    84   106   166   159    60    79    85   116   161   141   106    99   108    30   133    58    16    78   138    76    26    76    38    31   142   147    27   165    91   174   168    23   115    66    36    68   127   139    99     4    76    59    62   131   145   102   143   112     4    13    95   137   105    31   108   170   168    47    43   130   178    55    35    69    51    26   136    41   162    56    55    21     2   172   132   107    26    17    34   164    31    49    99   156   100   126    19    66    52   129   142   122    84   156   135    40   159     2    65   159   135   110    57   145    24    90     8   106   131    98   141    80   121    93    53   155   168    28    96    39    82    44   113   103    86    65    89   102   128    18    59   160   176   176   176   121    49    95   131   156    68    67    64     1    55    15    78   150   122    58    38   137   127   145    81   101     8    82   124   129   160    66    93    60   160    65   170    35   180    82   125    59    30   166   142    12    58   117 
  137    35    73   124   166    18   147    50   174   115    60   136    57   117   127    57     6   161   170    86     7    83     1   171   140    99   134   127     1   122    24   118    38    34   140    89   162    78   179    21    22   152   173   105   155    42   160    41   109     4   105    51   167    51   109    10   115    34   174    52   139    58    52    61    87    41    42    63   169    42   146    73    42   162    91   129   160    97    27    73    84   142   102    30   119    93    77    50    17    56    50   173   151   129    90   128   151    61    66    17    55    55     4   173   139   157   131    92    62   175   103   158   122    71   174    12    69    51    26    37   109     2    97    75   147   129   123   171     3    96   115   111   119   165    64    57   100    62    96   129   112   164    32    70   149    33    89    21   108   108    45    23   172    46    16    67    86    92   144   146   174   143   117    40   104    32   125   166    45    14    98    65    58   130    76   173    16   102    39   139    82   159   116    77   150   127    61    49    97   172   144    43    76   163    50   138   176    72    45    54     1    45   140   136    87    77    82   105    21   157   119   124   102    79    70   170   126    32    45   149    57    79   132   119   117   129    17    16    27    64   179   139   134    48    52    87    19   128   112    25 
  150     6   107   143     7    24   126    36   109   169   177    31   141    79    91   114    39    91    13    42    38   133   127    28    72   126    30   151    67    91   143    86   152   141   156     2   169   110   173    79    53   133   165    45     2    92    27   179    75   147    72    89   109    71    44   106   101    57   142   106    33    58   138    78   128    83    76    37   148   136    23   146    95    89   169    66    36   116   154    81   164   100    18   171    46    69    91    98    69   166   125   151    57    33    87    36    59    91   164    73   104    30    24   180    33    32   116    92   104    47   155    44   149    64    34   157    75    40    39   121     8   166    85    42    33    34    79    48    22   109   114   175    32   132    59    42    14     5   152   161   118   126    99   128   169   163   132    27   159    38    91   171    13   153    17   179    99   117    51    10   175   131   179     9    31    11    20    36   125    16    94    39    80   155    74    78    22    25    22    21   144   100   173    60    32     1   162   110    68    77    46    99   128   177    69   156   121   175    91   161    39   102   168    90   128    19    33   176    72    51   118    74   162   178   102   168     8   156    88   107    51     9    36   176   140    84    14    69    59   129    44    81    88   180   121   134   140   169   102   170 
   43    90    10    48   169    31    62   167   141    90    68    99   163    63   161   172    18     6    90    69   132    38   164    62    81    49    21    55    91    13    23    17    10    78    48   112   158   103     5    53   179     6   131   174   169   108   130   144    96   179    76   114    24    54    72    10   164    69   179    62   163   157    84    14    58    92    71     6    22   124   167   139   101    63   116    52   176   105    78   139    37   147   109   143    93   122   128   150    66   129   142    21    64    46   151   174   173   114    63    25     5    97     9   123   118     5    70    28   113    76   107   158   134   119    25   134    83    95   179   125    19   109   116    83   150    51    25    46    50   114   147   139   176    63    59   129   120   162    84   110    42    54    62   138    29    41    51    85   159   126   172   144    21   155    39    55   118    73   129    44    76   110    17    85   124   140    39     2    25   162   129   103    44     7     8   149   122    90    75   134   128    34     5     6   178     4   133   110    12   156   155   133   121   175    19   159    20    92   149    65   124    99    27   139    14   163   125   124    94    33    32    91   143    44   168   135   136   100   137   134   180   173   157    26    51    92    61    29    80    56   101    43    61    76    76    63   160   165     3   102 
   35   101   154     9    88   136   135    12    28   146   159    18   121     6    68    48    97   133    82   175    76   145    37    84    17    40   140    80    67   118    79   137    37    41   138    56   119    36   174    84    41   122    90    91    94    62    77   134   100   100    28    28    97    33    96    52   125     8    94    56   135   107    49   152   155    72    48   123    22    97    70   101    75   155    68    74   111   153   118    86   129    21    34    13    43   153   119    87    49    79    78   126   148   111    62    53    19    15    26   154   152   166    11    24    12    17    33    47   142   153   174   151   180   164   174     1   143    40    34   101   114    77    42    99    96   154    51   137   119    24    13   105    22   156   117   172    99   157    81   129   133     2    26    68   116   140   173   153    46   160   173    27   173    87   106   112    73   108    82    65   110    65   137    13   135   160    30   167     3   140   179   175    12   112    85   131   169    37    53   107    84    40    91   138    14    42   132   168   106    65   179   100    71   134    14   165    70    53     7    83    58    43   166    67   108    89    48    96   124   154    43    58    13    38    82   156   112    63    42   129   122   149    99   162    48   130   143   112   137    99    13   122   151   148    68   105   140     4   155   109 
  100   141   156    53    66   119    64   121     8   147   156    66   168    11    75   154    10    91   130   100    20   119    30   176   145    87    22   159    59    52    81    96   119   173    37    84   111   173   153    81    12    44   124   164   153    45    46   167   136     3   163   103    60   146     8   127   156   160    22   144    59   168   161   180   126    87   147   107    64   175    19   175   122     2    65   156   180    73   172   122   122    10    27    91    10    16   174   103    72    28    75   117    88   175    67   177   157   151    96    54    24    52   105    75    68   108     2   129    76    39    96    83    80   137    33   139   138    92   154    44   134   171   176   145   123   120     3    87   118   127   165    40    12    25    13    37    39   149    95    98    91   134    45   157    49    83   105   126    12     6   108    26   133   162   164    52    26   162   102   178    55    51   171   115     6    34    53    60   171   166    93   121   170    84   166    26   119   108   108    95    47   154    29   163    93   117    11   147   169    15    66    34    46   129    73   106    41    15    54   117   164   171    84     8   106    94   173   153   139    54   170   124   146    28    30    71   123   102   100     4   165   144   168    16    29   127   114     7   141   133   176    64   124   113   136    83     5    44   105   162 
  119   125    24    24    11   167    81    43    65   140    65    41   120    25   108   121    91     6   158    38   112   100    56   167   144   172   152   106   145   125    40   118   173    21    81    64   105    20    45   175   174   148   166   113   150    34    19    87    57    56    47    36   158    57   175    78   122   125    65   153    55    97   165    16    17   116   165   106    34    85    74   128   147   124   154   156    77   117   114   143    95    70   124    94    12    56   119   175    42   180   121   106    33    83   142    97   144   178   134   154    10    12   112     9     1    33    13   149   129   122   163    39   102     9    59    75     8   110    26   160    25   103   147   100   141    93    57   102   129   161    31   135     8   154   160    31   116    16    87   139    96   148    18   132    78    41    25   174   169   157   144    16    35   131    86    89    84    14   180   140    95    81   126   154    31    16    20    19   107    16   136   159   123   131   163    87   105    31   177    52    23    83    35    57   178   139     4    66    24   135     5    11   147   109   157   111    75   121    53    69    14   170    18   162   171   111   138   147     3     3    72   145     9   112   148   141    28   111   153    21   115    45    36   170   120    87    80   114    52   116    91   166     3   123   122    60     3   171   173    49 
   99    19   176   108   172     3    67   149    89    36   171    70   162   164    90    64   163   156    14   173   153    70   113    52    78   150   180   106    10   117    35   158   171     2    47    29    95    90    80    60    92   171    71   161   137    92   114    59    92    22    98    89    12   101    94   154    66    59    10    99   137    84    58    94    75   148    69     2   151    97    80   147   116    65    90    99   161   123   171   176    17   155   119    67    36   162     8   157   133    34   100    81    87    52    97   170   159    85    30   178     7   155     8   161    33   102    29     2   109    24    57   115   112    61     1   119    11   158    31    36    39    34    68    95   111   167   153    44   176   138   173   170   122    78   106   111    51   138   147    32   103    50   138    77    95   159   169   106    64     4    71    62    77     9    98   142   166     1   179    23    61    16    37    29    93   122    15   174    76   167   139     1    42    16   140   114     1    12    37   138    68   108    95   165    47    93    92   153   138    45    67   154   158   150    30   172    19   127   169   136    73   150   145    54    24    40    71    80    74   117   105    53     3   152    66     5   166    88     9    31   167    47   174   179    45   123   178    44   156    17   111     6    73   153   101    41   110    48    99    33 
   72   128    63   178    73    38    72     7    19    32    62   100    80   104   131    97    62   175    14   128   177    73    26    11   125   123    31   152   151    67    20    92   175   179   140    35    54   118    21     3   141   100   180   109    95   141    42    31   161    59     1   119   121     2   132   160   150   123   126    87   134   109    40    23    85   141   124    52   101   119   127    36    58   141   113     9   138     6     8   169    56    25    90   166   164   149   157    58     3    59    14    78   125    46     6    46    45    73   140    20    15    42    22   130    97    72    32     8   113   123   155    53    56   156   102   104   109    78     3   104    40   119   117    59   115    54    59   158    80    93   157     8   166   146    79   163   166    12   134    87    23   100    82   175   143   108     3    38   123    38    12   176    49   173    42    58    76   128   142    30   169    62   178   136   108    34   113    91   123   134   108    88   158    82   103    21    17   149    45    26    28   131    94    95   100   121   137    25    63    30   138    46   100   160    38    32   141   141   105   170    45     9    14   137   152    53    40   162   170   150   163    13   102   140   154    48    67    85    36    63    60   108    88    46   103    86     8   139    44   141   134     8    17   157    14   136   135    82   110    66 
 0.00  0.32  0.33  0.24 
 0.32  0.00  0.34  0.33 
 0.33  0.34  0.00  0.31 
 0.24  0.33  0.31  0.00 
