120 12
6
     35051
     34538
     33543
     33427
     33530
     34843
  2.3  53.6   7.6   2.4
  4.4  21.1  78.5   1.8
  4.5  40.9  83.9   2.4
  3.2  59.2  39.9   1.8
  4.0  50.0   5.5   1.6
  4.3  60.4  93.7   2.1
  4.7  33.6  29.5   1.9
  3.8  37.0  58.8   2.0
  1.1  24.2  16.4   1.9
  4.1  18.6  34.7   1.6
  3.8  47.0  61.6   1.6
  4.1  35.6  21.4   1.8
  3.1  20.0  72.2   2.0
  3.5  37.7  45.7   2.3
  3.4  47.2  83.5   2.4
  4.2  54.1  38.5   1.6
  3.3  15.5  56.0   2.5
  3.6  34.2  12.0   1.8
  3.0  37.8  50.7   2.4
  1.9  32.2  80.1   2.5
  1.2  17.7  32.2   1.7
  1.3  22.1  64.2   1.5
  4.5  43.7  68.8   2.4
  1.4  41.0  15.0   2.0
  3.7  42.7  86.3   1.5
  4.0  31.0   7.4   2.3
  4.8  44.7  17.5   1.7
  2.6  16.8  19.8   1.9
  4.5  39.2  26.9   2.3
  3.6  66.8  27.5   1.7
  4.8  27.5  40.2   2.3
  4.4  25.4  87.4   2.4
  2.4  24.4  69.6   2.4
  2.4  29.1  20.1   1.7
  1.1  53.6  34.7   2.3
  2.4  65.1  37.3   1.8
  4.8  20.7  82.2   2.0
  3.7  74.1  50.2   2.3
  4.2  46.9  41.8   1.9
  2.9  50.4  66.4   2.2
  2.6  31.2  72.0   2.1
  2.0  26.4  80.7   1.8
  3.4  18.2  26.3   2.4
  2.0  22.2  57.0   1.7
  4.1  68.4   8.6   1.6
  2.1  41.7  56.9   2.3
  3.4  33.6  59.7   2.4
  4.1  49.5  69.8   1.6
  2.6  44.7  64.9   1.8
  1.8  23.9  86.1   2.5
  2.0  74.9  24.5   1.9
  1.2  39.3   5.0   2.2
  4.8  35.6  64.3   2.0
  2.5  27.4  41.8   1.7
  1.8  23.9  86.8   2.3
  3.5  58.3  45.4   2.4
  1.7  50.7  75.0   2.1
  2.6  48.1  90.3   1.8
  3.1  54.2  73.7   1.8
  3.0  22.0  68.0   2.1
  4.9  69.9  60.3   1.7
  2.3  17.1  91.4   1.8
  3.9  48.4  39.9   2.1
  2.6  22.0  16.6   2.3
  4.6  39.9  32.6   1.7
  1.3  42.8  55.2   2.5
  3.6  41.1   9.3   2.4
  1.1  65.1  17.9   2.3
  3.3  21.4  77.6   2.2
  4.3  16.6  23.7   1.9
  1.2  74.7  70.4   1.9
  4.3  38.3  39.7   2.0
  1.2  30.6  65.3   1.7
  3.7  36.9  29.5   1.8
  3.0  59.3  12.0   2.0
  2.0  24.8  35.4   2.5
  1.1  21.3  60.1   2.4
  4.0  74.7  31.4   2.0
  3.4  53.3  90.2   1.8
  2.9  40.8  54.3   1.9
  2.9  48.6  12.8   2.2
  2.2  15.2  66.0   1.6
  4.6  18.6  41.7   1.8
  4.4  57.4  29.5   1.5
  2.6  61.4  65.8   2.5
  3.7  65.9  91.1   1.5
  2.7  61.5  12.1   1.9
  3.4  51.6  52.9   1.5
  1.6  40.7  21.7   1.8
  2.7  32.6  80.1   1.8
  3.1  32.8  78.8   2.1
  3.1  29.2  73.9   1.5
  2.3  32.6  74.6   1.8
  2.3  40.8  59.3   1.9
  3.0  33.5  35.5   1.7
  3.8  67.9  29.8   1.6
  2.9  61.3  52.0   1.9
  2.6  62.3  94.1   2.3
  4.7  25.0  52.6   2.3
  1.3  50.3  69.8   1.9
  4.2  41.4  35.1   1.9
  4.0  74.3  55.2   2.0
  3.5  38.8  43.6   2.0
  1.8  57.6  89.0   2.2
  1.1  57.8  22.2   2.2
  3.5  30.0  33.9   1.7
  1.4  32.4  57.5   1.7
  3.4  52.1  64.5   2.4
  1.4  69.9  91.4   2.0
  4.3  42.1  47.6   2.3
  1.9  56.3  57.7   1.9
  4.4  19.8  79.7   2.3
  1.8  41.2  79.3   1.7
  4.0  44.3  87.4   2.3
  1.5  40.9  28.9   2.4
  4.3  30.8  26.7   1.8
  3.2  66.1  49.9   2.5
  4.9  37.3  53.3   1.6
  3.7  67.9  72.8   2.3
  3.1  44.5  11.4   1.7
  1.6  58.1  10.5   1.6
  4.2  24.2  78.3   2.1
  5.0  74.9  87.9   2.2
  3.1  60.1  94.3   2.2
  1.6  56.3  76.5   2.3
  1.9  23.9  52.3   2.3
  2.7  25.3  68.4   1.8
  2.3  34.9  38.3   1.9
  4.4  33.9  20.3   2.0
  3.3  54.5  23.7   2.0
  4.7  50.1  29.2   2.2
  1.5  52.8  49.3   2.3
  2.0  31.2  70.4   2.0
  5.0  33.8  78.5   2.1
  3.4  45.4  15.3   2.0
  3.3  32.3  94.0   1.5
  3.0  41.8  18.9   2.4
  4.0  18.7  32.3   2.2
  2.5  44.3  27.4   1.5
  4.0  61.3  76.3   1.7
  4.8  68.4  55.7   2.1
  4.4  66.2  71.2   1.7
  3.0  68.4   7.8   1.9
  1.6  15.1  90.6   1.6
  4.0  44.1  45.6   1.5
  2.9  63.0  86.6   2.3
  4.8  17.6  38.1   2.3
  3.9  51.9  49.8   1.8
  4.4  23.9  87.7   2.3
  3.0  45.6  58.8   2.3
  3.9  65.0  38.1   2.5
  2.3  20.2  57.0   1.6
  1.3  35.6  76.9   2.1
  1.3  18.5  32.0   2.4
  3.8  23.4  39.7   2.1
  2.5  45.3  38.3   1.8
  4.3  18.1  18.7   2.1
  1.3  63.4  26.3   2.1
  2.9  37.6  74.6   1.8
  4.9  20.9  14.4   1.9
  1.1  56.1  48.2   2.3
  2.2  51.1  50.7   1.7
  2.9  74.0  83.3   1.8
  2.0  65.8  32.9   2.4
  1.4  43.2  75.3   1.8
  2.0  61.4  73.5   2.0
  4.4  27.7  12.3   2.2
  2.3  51.5   9.6   1.6
  2.2  73.2  78.0   1.8
  3.3  70.9  32.1   2.5
  3.2  46.8  15.0   1.6
  4.4  48.5  82.4   1.5
  4.6  56.1  66.3   2.4
  1.2  67.3  56.5   2.2
  2.6  28.9  77.8   1.7
  1.1  41.2  63.8   2.4
  1.8  30.4  52.7   1.9
  2.7  34.9  15.1   1.6
  3.7  63.3  73.8   2.5
  2.7  18.0  90.1   1.9
  1.8  50.3  43.2   2.0
  2.4  31.2  84.8   1.9
  3.6  64.0  94.3   2.2
  4.2  58.2  75.0   1.8
  2.0  58.8  15.0   1.7
  3.3  22.8  94.4   2.5
  3.7  48.8  11.4   1.5
  3.6  43.7  68.4   2.4
  4.8  36.0  17.3   2.3
  2.1  47.7  79.1   1.7
  3.0  56.4  11.8   1.7
  1.9  54.8  28.6   1.9
  2.5  55.6  34.8   2.3
  3.3  73.2  87.4   1.7
  3.8  43.7  65.8   2.0
  4.6  52.4  73.9   1.7
  1.1  68.4  38.5   1.6
  4.3  22.9  93.7   2.4
  3.4  31.8  20.9   1.5
  2.9  58.9  78.1   2.4
  4.8  39.4  30.8   1.9
  4.4  46.8  43.9   2.2
  3.8  28.5  34.8   1.8
  3.4  20.3  59.1   2.0
  1.1  30.4  40.3   1.7
  1.0  61.7  88.5   1.8
  1.3  18.7  56.7   2.4
  3.8  42.6  32.8   1.9
  1.2  54.0  84.1   1.6
  3.4  62.5  17.8   1.7
  1.1  74.7  41.4   1.8
  1.4  65.7  40.0   2.4
  1.8  30.5  67.1   2.3
  4.0  66.8  56.6   2.0
  2.1  66.9  32.4   2.0
  3.4  20.5   6.3   1.7
  1.0  70.3  81.2   2.1
  1.3  64.5  89.5   1.6
  1.7  24.2  64.4   2.2
  1.5  64.2  68.8   1.7
  1.4  31.3  66.6   1.8
  4.8  21.0  11.0   2.4
  1.4  49.4  79.6   2.5
  3.8  20.6  13.7   2.3
  4.0  73.3  14.3   2.4
  3.5  52.6  15.3   2.4
  4.7  33.0  72.5   1.8
  4.7  51.4  50.2   2.0
  3.9  56.7  46.7   1.7
  1.3  33.7   8.0   1.9
  2.0  43.9  22.2   2.2
  3.9  59.0  76.7   2.5
  1.4  49.0  22.2   1.7
  1.6  24.0  43.1   1.6
  3.6  18.9  25.9   2.2
  2.9  45.8  33.7   2.0
  4.5  72.0  81.3   2.3
  3.7  71.5  27.6   2.5
  4.5  51.3  94.8   2.1
  4.9  50.4  60.7   1.7
  4.3  51.6  63.5   1.6
  2.5  57.3  45.0   1.9
  3.4  48.8  26.5   1.9
  4.1  53.8  64.0   1.8
  4.5  30.6   9.2   2.3
  2.0  38.2   7.6   2.4
  1.1  65.4   8.7   2.3
  1.4  35.5  74.7   2.4
  2.0  27.1   6.3   2.0
  4.5  37.0  41.7   2.3
  3.8  28.9  93.9   2.2
  4.1  59.2  52.3   2.4
  1.4  40.0  33.5   1.5
  1.6  71.1  30.8   2.4
  4.8  31.4  35.1   2.2
  4.6  43.0  63.4   2.4
  4.8  18.2  91.7   1.7
  3.9  61.1  11.8   1.8
  1.2  73.0  55.5   2.4
  3.5  43.5  48.5   2.1
  4.3  49.6  84.2   2.2
  3.9  64.2  57.0   1.9
  3.1  16.8  79.1   1.8
  3.6  64.5  62.5   2.3
  2.6  61.9  73.9   2.2
  3.0  27.2  53.4   2.0
  3.9  60.6  28.6   2.3
  3.5  27.9  68.2   1.6
  4.4  19.3  88.4   2.1
  3.7  16.5  73.1   1.9
  2.7  63.3  59.1   2.0
  3.4  53.8  41.4   2.3
  1.0  41.7  84.6   2.0
  2.4  28.2  43.7   1.6
  1.6  61.3  35.0   1.5
  3.1  42.4  73.9   1.6
  2.8  64.8  28.9   2.2
  4.2  66.0  37.2   1.8
  2.9  16.9  88.4   1.6
  4.5  42.1  52.5   2.4
  5.0  25.6  43.6   1.8
  3.1  39.6   6.1   2.2
  3.2  49.6  79.4   2.3
  3.5  62.4  26.6   2.2
  4.7  54.9  69.5   2.3
  3.9  18.7  45.6   1.9
  1.5  31.2  91.3   1.6
  3.0  35.8  57.9   2.0
  4.2  34.5  31.8   2.1
  3.8  32.2  47.7   2.1
  3.5  70.7  75.1   1.9
  1.1  33.0  77.7   2.0
  1.0  27.1  31.7   1.5
  2.5  32.0  29.4   2.1
  2.2  34.1   9.0   1.9
  2.9  43.4  22.0   1.9
  2.4  47.2   7.0   1.6
  2.8  56.6  59.1   2.0
  4.6  54.4  15.3   2.1
  3.7  63.8  94.2   2.4
  2.0  72.6  66.1   2.3
  2.1  72.9  17.6   2.4
  2.8  56.8  93.6   2.3
  4.7  37.7  32.6   2.0
  4.4  54.8  70.4   2.2
  1.0  74.1  45.5   1.5
  1.1  15.4  93.7   2.4
  1.6  55.4  86.7   2.3
  3.1  42.6  22.2   1.8
  4.8  71.6  44.4   2.2
  2.7  48.1  65.2   1.9
  3.6  69.7  70.8   2.5
  2.4  18.4  37.9   2.3
  3.4  72.3  56.7   1.7
  1.3  19.4  13.5   2.0
  4.6  28.0   7.3   1.5
  1.9  46.8  42.2   1.7
  3.0  15.9  93.4   2.0
  2.0  44.5  65.9   2.5
  4.6  34.9  13.0   1.9
  1.8  32.8  75.4   2.1
  1.9  45.9  18.2   2.4
  1.2  58.7   7.3   1.6
  3.6  18.8  58.9   2.1
  1.4  66.3  66.5   2.1
  2.9  69.1  47.7   2.2
  1.6  19.2  67.9   2.4
  3.4  55.6  77.5   2.2
  3.1  28.0  32.8   1.9
  1.6  54.6  49.7   1.9
  2.0  24.2  12.0   2.5
  2.1  15.6  87.4   2.0
  3.8  32.2  24.9   2.2
  4.4  26.8  76.3   1.9
  4.0  65.1  30.0   1.8
  2.6  39.0  53.5   2.5
  2.4  35.0  20.4   1.8
  3.7  67.9  72.5   2.1
  1.4  15.9  30.6   1.6
  1.3  52.8  18.9   2.0
  3.7  16.0  25.1   2.5
  2.0  73.7  42.5   2.1
  4.4  24.0  28.4   2.1
  1.8  63.5  14.7   2.1
  1.1  64.7  40.8   2.1
  1.3  44.3  69.3   2.2
  3.9  51.8  87.8   2.1
  3.2  65.9  89.8   2.4
  3.8  44.5  50.1   2.4
  2.6  73.5  44.2   2.2
  2.0  71.0  70.1   1.7
  4.6  21.2  71.3   1.9
  2.8  59.4  49.2   1.5
  2.2  30.5  19.0   1.9
  1.7  16.3  25.7   2.2
  1.1  59.9  33.9   1.9
  2.6  22.2  92.5   2.2
  2.1  21.8  20.4   1.8
  1.2  41.4  59.0   2.2
  1.3  41.2  18.8   2.5
  4.4  28.9  89.0   1.9
  3.9  50.8  53.3   1.7
  1.9  64.0  41.4   2.4
  3.7  31.2  86.4   2.2
  2.0  45.3  25.2   2.0
  1.2  18.8  33.4   1.6
  4.5  15.5  54.1   2.5
  1.3  25.4  38.1   1.6
  1.6  52.3  12.2   1.6
  3.5  22.7  92.5   2.2
  3.7  67.4  19.3   2.1
  2.5  21.5  25.4   1.5
  3.9  74.0  28.6   1.6
  3.7  68.1  16.1   2.5
  4.2  38.4  28.3   2.3
  2.3  22.9  84.3   1.7
  2.0  24.2  76.1   2.3
  2.4  70.2  48.6   2.4
  3.7  17.7  16.8   2.5
  2.5  51.3  31.4   1.8
  1.0  52.0  86.8   2.5
  2.3  22.9  32.6   2.3
  1.6  29.3  12.1   1.8
  2.1  54.5  35.2   1.8
  1.5  17.5  39.2   1.7
  2.6  41.7  36.7   2.1
  3.2  24.1  86.3   2.3
  2.3  44.8  40.4   2.3
  4.4  31.6  58.5   1.8
  2.1  26.3  90.3   2.3
  1.4  48.5  13.7   1.6
  1.1  46.1  34.9   1.7
  1.0  53.9  92.1   2.1
  2.4  49.8  25.5   2.4
  3.7  15.3  89.9   2.1
  3.4  57.5  74.3   1.6
  1.5  50.8  14.8   2.0
  4.6  37.2  90.2   2.5
  1.4  47.5  35.3   1.9
  1.6  27.3   8.1   2.2
  1.8  38.7  13.1   1.8
  4.7  25.0  34.6   2.4
  3.3  33.1  59.7   1.6
  1.7  58.9  67.6   1.5
  1.6  23.2  67.9   2.0
  3.0  22.9  45.3   1.7
  5.0  41.6  43.2   1.7
  2.4  71.5  13.1   2.4
  2.0  51.6  64.5   2.5
  3.9  46.2   7.4   1.6
  1.5  34.3  20.4   2.0
  4.5  33.7  34.7   2.1
  4.3  35.4  86.0   2.3
  1.4  73.6  43.3   1.7
  4.2  42.5  31.1   2.0
  4.1  73.8  57.2   1.8
  2.3  50.1  49.8   1.5
  1.4  28.0  13.7   1.9
  3.1  48.5  93.6   1.6
  1.8  50.0   9.0   2.2
  3.5  40.4  48.9   2.0
  3.5  32.9  29.4   2.3
  4.4  26.5  80.9   1.6
  3.4  53.1  48.0   2.0
  1.9  36.7  30.4   2.3
  4.2  19.3  73.5   2.2
  3.9  73.1  60.3   1.7
  2.9  24.1  71.7   2.1
  4.0  17.6  71.0   2.0
  3.9  27.2  28.2   2.0
  4.4  35.9  53.9   2.5
  3.6  24.6  77.0   1.6
  2.1  52.5  79.3   1.6
  2.8  39.8  78.6   2.2
  2.6  17.9  16.1   2.0
  2.5  43.0  35.3   2.4
  1.5  60.8  34.2   2.4
  1.1  22.9   9.2   2.5
  2.9  46.8  13.5   2.1
  1.3  61.5  81.2   1.7
  4.8  46.9  73.7   2.4
  4.7  44.1  52.2   2.1
  3.1  51.7  82.4   2.2
  3.9  47.4  26.5   1.9
  2.3  45.5  51.3   2.1
  4.0  72.1  27.7   2.4
  1.5  33.2  59.5   1.7
  2.9  44.4  91.9   2.5
  4.3  34.6  81.4   2.1
  3.2  34.0  60.7   2.2
  2.0  55.2  90.6   1.8
  4.2  71.0   6.9   2.4
  4.0  73.7  69.7   1.5
  1.2  28.8  20.4   1.6
  3.8  43.4  38.8   1.9
  1.0  27.9  73.5   1.7
  4.1  61.7  55.4   1.6
  2.2  40.1  77.0   1.9
  1.7  47.7  53.1   1.9
  4.3  27.5  49.3   2.4
  3.2  43.8  78.3   2.4
  4.3  61.5  10.2   2.5
  4.6  33.5  81.0   1.5
  1.3  66.8   9.7   1.5
  4.9  42.7  75.9   1.7
  3.8  68.9  60.6   1.7
  4.5  60.3   5.9   1.6
  2.1  30.2  35.0   2.5
  1.8  46.9  26.2   2.2
  3.9  37.6  86.0   2.3
  1.5  62.8  29.4   2.1
  1.7  72.3  17.5   1.6
  4.5  21.8  67.5   2.4
  1.3  31.7  49.7   2.3
  4.4  28.0  42.5   1.6
  1.3  60.0  75.8   1.8
  3.1  33.0  20.5   1.5
  2.6  50.7  44.6   1.8
  3.7  18.4  53.3   2.4
  1.8  39.6  45.1   2.3
  1.0  52.1  31.1   1.9
  1.8  66.3  25.4   2.3
  4.0  55.8  92.5   1.7
  2.0  38.9  52.5   2.5
  4.2  45.5  74.1   1.7
  2.3  64.7  14.1   2.3
  2.0  74.7  93.5   2.2
  4.6  59.0  89.5   2.1
  4.5  39.5  35.4   2.0
  4.5  16.3  82.4   1.8
  4.8  27.5  84.7   2.0
  3.2  45.0  40.8   1.7
  4.5  39.0  12.9   1.7
  2.0  54.8  22.4   2.4
  3.5  25.3  77.4   2.5
  3.5  28.1  26.9   1.6
  3.3  49.0  81.1   1.6
  3.2  69.2  36.3   2.0
  1.9  21.6  76.4   2.0
  2.0  35.9  51.7   2.0
  1.3  66.6  64.2   2.0
  2.6  56.4  51.7   1.7
  1.2  26.0  26.3   1.6
  2.4  46.1  42.5   2.2
  1.9  47.1  33.2   1.7
  2.0  34.8  64.1   1.9
  3.0  17.3  93.8   1.8
  3.1  42.5  33.2   2.1
  4.0  72.2  21.7   2.4
  2.1  51.2  44.4   2.2
  3.3  44.9  43.8   2.2
  1.4  42.0  32.1   1.7
  1.4  22.1  13.6   1.9
  4.4  21.3  16.6   1.5
  3.6  28.8  47.1   2.2
  4.1  61.8  50.2   2.1
  4.1  42.6  57.8   2.1
  2.6  44.7  71.4   1.9
  4.7  63.2  69.5   2.3
  3.6  55.1  17.7   1.5
  2.0  32.4  49.3   1.9
  3.1  30.9  85.8   2.4
  3.0  31.1  81.5   1.9
  4.4  72.5  78.4   2.1
  1.4  57.9  29.0   1.9
  2.8  49.4  29.6   1.6
  2.3  46.6  74.9   2.4
  4.1  21.8  43.3   2.0
  4.9  30.7  54.8   1.7
  2.0  47.3  64.4   1.9
  4.0  70.6  14.8   2.4
  4.1  51.2  77.7   2.4
  2.7  43.7  17.0   1.6
  3.8  23.5  55.2   2.0
  4.3  54.3  57.2   2.0
  3.5  34.4  63.7   2.3
  3.9  52.8  10.7   1.5
  4.2  65.6  13.7   2.4
  1.8  71.1  48.9   2.5
  2.5  33.4  46.0   2.5
  1.8  25.0  73.1   2.3
  3.1  35.7  63.1   1.5
  2.6  49.9  53.9   2.2
  1.3  32.7  31.9   1.9
  1.0  46.4  83.2   1.9
  1.3  25.1   9.2   2.1
  1.0  18.7  14.2   2.2
  2.9  71.4  60.5   1.7
  3.7  18.2  22.4   1.6
  2.3  24.9  38.8   2.1
  4.9  53.6  48.5   2.2
  1.4  74.3  14.1   1.8
  3.3  65.4  85.9   2.1
  4.1  27.7  32.6   2.3
  4.6  23.5  88.9   1.7
  4.7  69.1  94.9   1.6
  3.1  53.3  65.0   1.6
  1.5  41.9  39.1   2.0
  2.6  15.4   6.1   1.7
  1.1  29.1  13.7   2.0
  4.0  20.0   8.8   1.8
  2.4  57.2  11.3   2.0
  1.2  71.9  80.2   1.9
  3.9  32.6  14.6   1.5
  3.2  20.2  60.5   2.1
  1.8  69.5  67.7   2.0
  4.9  72.2  36.8   1.7
  1.3  55.0  51.8   2.4
  1.3  53.0  12.3   1.7
  1.4  53.0  19.4   2.0
  3.8  42.4  70.6   1.9
  4.5  25.3  11.7   2.0
  2.8  55.4  39.2   1.6
  4.2  15.4  83.5   2.3
  1.7  32.5  26.4   1.8
  2.2  42.4  58.0   1.8
  3.6  29.2  41.9   1.6
  4.6  63.0  46.4   1.7
  2.8  44.4  53.8   1.5
  1.4  50.3  59.0   1.5
  3.0  19.2  80.6   2.2
  1.1  47.3  58.9   2.1
  4.8  47.3  45.1   2.5
  2.1  73.6  56.7   1.5
  4.1  34.9  28.7   2.4
  1.7  35.9  86.7   2.0
  1.7  27.5  60.5   2.5
  2.5  28.2  79.2   2.4
  1.9  33.9  60.9   2.2
  1.9  66.2  78.7   2.1
  1.7  48.9  45.5   1.9
  3.4  74.7  61.8   1.7
  4.9  61.7  40.2   2.4
  4.0  17.2  61.5   2.1
  1.4  49.9  57.7   2.2
  3.2  50.0  68.9   1.7
  2.8  44.7  42.9   1.6
  3.5  72.3  81.3   1.9
  2.8  65.9  77.9   2.2
  1.8  23.5  40.1   1.9
  4.0  49.5  88.2   1.5
  3.5  27.6  42.2   1.9
  3.6  26.8  75.4   2.2
  4.7  73.9  45.2   2.1
  4.0  48.8  25.4   2.1
  2.4  31.3  31.8   2.4
  4.3  60.1  75.0   2.3
  3.9  50.9  14.3   2.4
  1.1  67.3  23.9   1.6
  3.1  71.4  86.3   1.9
  3.0  24.7  75.5   1.9
  4.1  34.7  68.8   1.9
  1.2  62.8  69.4   1.8
  4.8  65.9  57.3   1.7
  1.7  32.6  32.8   1.7
  1.9  71.1  24.2   2.4
  2.4  71.9  76.8   1.9
  4.9  45.8  31.1   1.9
  1.3  20.9  54.8   2.4
  3.9  37.7  90.7   1.8
  3.0  28.4  43.1   2.4
  4.1  72.6  11.1   2.1
  3.2  63.2  14.9   2.0
  3.4  16.5  15.9   2.0
  3.9  31.5  71.3   1.9
  2.4  73.1  18.5   1.5
  1.8  39.3  54.3   1.7
  4.9  29.5  13.0   1.8
  1.0  21.4  79.2   2.4
  3.3  47.3  81.2   2.0
  4.5  44.7  33.0   2.4
  3.2  61.7  74.2   2.3
  2.4  21.1   6.2   1.9
  4.5  35.3  10.3   1.7
  1.4  56.0  77.4   2.0
  4.1  26.9  14.7   1.9
  3.2  31.8  43.8   1.8
  2.0  18.5   6.0   1.6
  4.8  42.8  35.4   1.7
  1.5  29.6  87.6   2.1
  3.8  16.6  76.6   2.2
  3.2  67.0  84.7   1.6
  3.5  74.4  37.5   1.9
  2.6  51.8  49.9   1.6
  3.9  22.1  75.8   2.0
  1.9  15.7  11.7   2.3
  4.4  55.1  17.5   1.7
  4.3  22.9  16.6   2.0
  4.1  58.1  40.3   2.3
  2.5  38.0  56.2   2.3
  3.0  38.5  71.7   2.4
  1.9  26.2   7.1   1.6
  3.3  31.4  79.1   1.6
  2.1  48.8  21.1   1.9
  3.9  72.4  21.2   2.0
  3.8  62.2  27.3   2.4
  1.3  27.5  79.6   2.0
  4.7  70.3  11.0   1.7
  1.2  44.5   7.1   2.4
  1.0  31.3  23.2   2.2
  1.7  39.8  36.4   2.3
  1.8  42.7  12.9   1.6
  1.5  37.7  12.8   1.7
  3.9  41.1  32.9   2.1
  4.6  71.9  58.2   2.3
  2.2  34.5  80.2   2.0
  3.3  27.7  72.3   2.4
  1.2  23.3  79.2   2.1
  4.1  69.1  18.4   2.4
  2.6  45.7  73.0   1.9
  1.4  19.6  70.0   1.6
  1.9  27.4  65.3   2.3
  2.0  60.7  88.3   2.0
  2.3  24.6  35.4   1.8
  4.0  73.7  23.4   2.2
  4.2  40.2  27.8   2.2
  4.9  54.9  89.8   1.7
  3.1  26.5  47.2   2.4
  2.1  48.3  22.9   1.6
  3.6  18.8  47.5   1.9
  3.4  47.8  68.2   1.7
  3.6  66.4   8.7   2.4
  1.4  42.0  17.9   1.5
  2.5  53.6  67.4   2.2
  3.9  42.4  20.8   2.4
  1.2  48.4  53.2   1.8
  2.0  68.8  70.1   2.4
  1.2  58.8  12.9   1.7
  4.8  34.4  72.8   1.9
  3.2  35.9  66.7   2.3
  2.1  48.1  26.0   1.9
  1.3  38.9  32.3   2.4
  4.6  39.8  58.8   1.6
  3.7  63.1  60.4   2.0
  2.3  23.8  73.3   2.0
  4.5  67.4   5.8   2.2
  2.5  66.7  55.4   1.8
  3.7  48.2  81.3   1.9
  3.2  32.5  88.8   2.3
  3.2  64.2  18.5   2.4
  4.8  28.7  30.6   2.1
  2.7  27.0  78.6   2.3
  2.5  21.1  11.0   2.0
  3.8  35.5  25.4   2.4
  4.0  38.9  28.1   1.6
  1.2  60.1   8.4   1.7
  4.6  42.8  58.5   1.7
  3.7  25.6  22.8   2.2
  2.5  50.4  56.9   1.6
  1.4  19.3  67.7   2.3
  4.1  23.9  83.3   2.2
  2.2  47.5  60.9   1.6
  3.7  32.1  32.1   1.6
  2.8  44.9  61.1   2.5
  3.4  44.4  71.1   1.9
  1.4  71.2  18.5   2.2
  4.9  15.7  34.5   1.8
  4.8  69.7  52.4   2.3
  1.5  24.3  59.5   1.7
  3.6  54.1  44.5   2.0
  0.2   0.4   0.2   0.4   0.3   0.3   0.3   0.4   0.2   0.4   0.2   0.3   0.2   0.4   0.3   0.3   0.4   0.4   0.3   0.4   0.4   0.3   0.3   0.4   0.4   0.3   0.2   0.3   0.2   0.3   0.4   0.2   0.3   0.3   0.4   0.4   0.3   0.2   0.3   0.4   0.3   0.3   0.3   0.3   0.3   0.2   0.3   0.2   0.3   0.4   0.3   0.3   0.3   0.4   0.3   0.4   0.2   0.3   0.2   0.3   0.3   0.3   0.3   0.3   0.4   0.4   0.3   0.3   0.3   0.3   0.3   0.3   0.2   0.4   0.4   0.4   0.3   0.2   0.3   0.3   0.4   0.4   0.2   0.3   0.2   0.3   0.3   0.3   0.2   0.2   0.2   0.3   0.4   0.3   0.3   0.4   0.4   0.3   0.4   0.2   0.2   0.4   0.3   0.2   0.3   0.4   0.3   0.2   0.3   0.2   0.4   0.2   0.3   0.3   0.2   0.3   0.4   0.2   0.3   0.2   0.4   0.3   0.3   0.3   0.2   0.2   0.3   0.4   0.3   0.3   0.2   0.2   0.2   0.3   0.4   0.4   0.3   0.3   0.3   0.3   0.3   0.2   0.3   0.4   0.3   0.4   0.2   0.4   0.2   0.3   0.4   0.3   0.3   0.4   0.3   0.2   0.4   0.4   0.3   0.3   0.4   0.2   0.2   0.2   0.4   0.2   0.3   0.2   0.2   0.4   0.2   0.2   0.2   0.3   0.4   0.4   0.4   0.3   0.3   0.3   0.2   0.2   0.2   0.3   0.4   0.2   0.3   0.3   0.3   0.4   0.3   0.4   0.3   0.3   0.2   0.3   0.3   0.2   0.4   0.3   0.2   0.3   0.3   0.2   0.2   0.3   0.3   0.3   0.3   0.2   0.2   0.2   0.3   0.2   0.3   0.2   0.3   0.2   0.2   0.4   0.2   0.3   0.2   0.3   0.3   0.4   0.4   0.3   0.4   0.3   0.4   0.3   0.3   0.3   0.4   0.4   0.3   0.3   0.2   0.4   0.3   0.2   0.4   0.2   0.2   0.4   0.3   0.2   0.3   0.2   0.2   0.3   0.4   0.3   0.2   0.2   0.3   0.3   0.3   0.3   0.3   0.3   0.3   0.2   0.3   0.3   0.4   0.3   0.3   0.3   0.3   0.3   0.4   0.3   0.3   0.2   0.2   0.3   0.3   0.3   0.4   0.3   0.4   0.2   0.2   0.4   0.3   0.4   0.4   0.3   0.3   0.3   0.3   0.2   0.2   0.2   0.3   0.3   0.3   0.3   0.4   0.2   0.3   0.3   0.2   0.3   0.4   0.4   0.3   0.4   0.2   0.2   0.2   0.3   0.3   0.3   0.3   0.4   0.2   0.3   0.3   0.2   0.2   0.3   0.3   0.4   0.3   0.2   0.3   0.2   0.4   0.3   0.3   0.4   0.2   0.3   0.3   0.2   0.4   0.3   0.2   0.2   0.2   0.3   0.3   0.2   0.3   0.3   0.3   0.2   0.3   0.2   0.4   0.4   0.2   0.3   0.3   0.3   0.4   0.2   0.2   0.3   0.3   0.2   0.4   0.4   0.4   0.2   0.2   0.3   0.3   0.4   0.3   0.3   0.2   0.2   0.3   0.2   0.3   0.4   0.2   0.4   0.4   0.4   0.2   0.2   0.3   0.3   0.2   0.3   0.4   0.4   0.4   0.4   0.4   0.3   0.2   0.4   0.2   0.2   0.3   0.3   0.3   0.3   0.2   0.4   0.3   0.2   0.3   0.3   0.3   0.3   0.3   0.4   0.3   0.2   0.3   0.3   0.2   0.3   0.4   0.2   0.3   0.3   0.2   0.2   0.2   0.2   0.3   0.3   0.3   0.2   0.3   0.2   0.3   0.3   0.3   0.4   0.2   0.3   0.3   0.4   0.2   0.3   0.2   0.2   0.2   0.3   0.3   0.3   0.4   0.4   0.3   0.2   0.3   0.2   0.3   0.3   0.4   0.3   0.3   0.3   0.4   0.4   0.3   0.4   0.3   0.3   0.3   0.3   0.3   0.2   0.3   0.4   0.3   0.3   0.2   0.2   0.3   0.2   0.4   0.2   0.3   0.4   0.2   0.3   0.3   0.4   0.3   0.4   0.4   0.2   0.4   0.3   0.2   0.2   0.3   0.3   0.2   0.4   0.3   0.3   0.3   0.3   0.4   0.4   0.3   0.4   0.3   0.3   0.3   0.4   0.2   0.3   0.4   0.4   0.2   0.3   0.3   0.4   0.4   0.2   0.3   0.3   0.4   0.4   0.2   0.2   0.2   0.2   0.4   0.2   0.2   0.2   0.2   0.3   0.2   0.2   0.3   0.3   0.3   0.3   0.4   0.3   0.2   0.3   0.3   0.3   0.4   0.3   0.2   0.2   0.4   0.4   0.3   0.2   0.3   0.3   0.2   0.3   0.2   0.2   0.2   0.4   0.3   0.2   0.2   0.2   0.4   0.2   0.3   0.2   0.3   0.3   0.3   0.3   0.3   0.3   0.2   0.3   0.3   0.3   0.4   0.2   0.4   0.4   0.3   0.3   0.4   0.3   0.2   0.3   0.4   0.4   0.3   0.3   0.2   0.2   0.3   0.2   0.3   0.3   0.3   0.3   0.3   0.4   0.3   0.3   0.4   0.3   0.3   0.3   0.2   0.4   0.2   0.3   0.3   0.4   0.2   0.2   0.3   0.2   0.4   0.2   0.2   0.4   0.3   0.2   0.3   0.4   0.2   0.2   0.4   0.4   0.3   0.3   0.3   0.3   0.4   0.2   0.3   0.2   0.4   0.3   0.3   0.3   0.4   0.4   0.2   0.3   0.2   0.3   0.3   0.3   0.3   0.3   0.2   0.4   0.2   0.2   0.3   0.3   0.3   0.2   0.2   0.3   0.2   0.2   0.2   0.3   0.3   0.3   0.3   0.2   0.2   0.3   0.3   0.4   0.2   0.2   0.4   0.3   0.2   0.4   0.4   0.3   0.4   0.2   0.3   0.2   0.3   0.3   0.3   0.4   0.3   0.3   0.3   0.3   0.3   0.3   0.2   0.3   0.4   0.3   0.2   0.2   0.3   0.4   0.3   0.4   0.2   0.2   0.3   0.3   0.4   0.4   0.2   0.3   0.4   0.2 
  138    57    55   163    31    80   163    53   104    63    94   102   164   161   155    86    47   174   133   120   137   173     2   167    92    81    95   129    35    90   114    72   103   153    72    57    20   129   111     1   149   164    53   130    60   143   135    86    26   172   172   117    60   161   106   118   150    52   145    31   132    38   104    71   170     1    23   170   152     9    44    99    53    37    17    86   164    70   160   169   173   115    61    81    48    16    81   157   164   171    52    77   152   164   155   161    40     5   105   171   118    39    97    10   157    42   146   169    95    27    19   175   146    21   148   103    23    78    77    60    53   154     4   100    50    55     4    21   159    50   117    89   175    98   101    25    82   163   126    10   105    71    76    43   150   145   159   132   146   153   129   168    53    41   122    65   174    29    27    83    93    41   134   143    58    94    36   109   180   158    30   169   178    91    43    68    76    26    59    25   142   149   115   133   115   130     9   161   148    87    62   161   108   106     7    67    84   154   136    90     5    90    55   101   152    95   164     8    26   128   132   141   136   153   155    41    61   140   103   173   165    48   158   147    31    48    41   169    17    13    97   156   143    51    68    21   104   151    40    78    30    93    96    82   148   102     8   156     4   157   160    12   134    45   145   109   133   131    33    99    53   139   148   164    43   161    46    30   118    16    51   124    91    29   139    43   159   136   119   146    76    75   146    69    82   147    75   161    61   162   142   127    15   120    90    93     5    94   141    58    80   166     7   180   166    19    16   108   145   173   156     1   108   138    86   108   135     1    65    67    89    96    11   121    95    37    46     1    53   152    43    31    43    39    18   151   161   180    55    13   105    12   117    24    95    42    51    59    79    89   126   146   117     9   112     6    94   139    31    87    77   107   164   124   158    51    39   179    91   166   121    26    39   115    75    12   132   171   171   145    33   152   173   106   157    46    38   169     7    19   159     3    76   130    37   158   147   146   146    80   132    68    84    72   139    92    32    73    25    10    33    87    75    14    54    78   147   101   114    46    92   145   130    80   174   149    78   173   126     1   105   106   165    98    91   173    48    60    70    24   141   144   131    51   150     2   148     6   115   164    83   106    66   135    32   157   122    43   134   127   143    45   177     4   122    16   107   120   114   133   104   170    48    78   110    60    72    32   119    53    85    48   112   180    20    32    29    40    34    34   155    62   174    62    63     9    44   171    85    34    98    50    95   149    86    52    61    70    19    66   154    67    36    63   125    34   103   158   131   116   135    97     9   180    30   168   146    82    15   138    13    86    37    38    59    93    15   122    70   147    95   168   125    35   169    43    38   146   152    29    39    60   179     6   141    48     7   132   103   113   106    54   166    41    45   127    27   172    26   122   128    26   148   171    38   170   114   143   161   114    90    64    22    27   126    25    46    65    74     1    77   130   152    91   138   173   126    58   171    85   130   139    13   122   161   125   111    41   178    50    57    51     3    43    91    98    89    89    60   172    32    86   127   129    88    30     4   149    92    20    72   109     4   154    68   148   146   110   110    40   150   166    57    80    27    36    23   108    59   108   175   140    33    99   165    50   133    37   113   107    91    10    53    93    81    78   114    35    49    83   139   148   150   129    80    81    25    55   102   120   172     1    87    55   160    30     4    38   113    75    69   180   116     1     8   123   153     8    61   172   171   154   143    11    90   119    71    51   139   176   115     6   105    71     9   152    18   180   114   113 
   56    86     6   117   166    92    26    46    30   160    78   110    67    49    12    91   157   131    90    75    74    61   106    33    85    94   120    89   134    71    86    67    57   144     7   176    69   107    75    97    68    83    83    28    77    68    87    42   100    77   101    49   175    82   140   162   165    53   168    77    64    48    52    74   138    63   127   150    82    37    88    98   157   177   151    67   113    63   142   179    56    89   146    12    12   112   137   132   164   128    78    79     4    32   109   170    41    76   106   123    33    40     9     1    87    68     7    44   123   146   127    84    19   116   153   157    94     1    43   120    73   148    91   121   110   174   100   128    57   100   120   167    85   101   107   144     2    20   166     6    99    54    12   167     4     9   136   114   177   140   127   133   131   115    65   146   180    33    58    92    50   104    30    80   137    61     2   173   156   166    22   123   107   151   130   161    89   152   107    51   109    87    88   167    34    18   140    29   172    39   161    21    87   121   171    25    36    39   121    48    76   137    24    20   114   143    56   164    53   142   100   156   159   104    34    22    83    27    90   144   173   156    42    65    66   165    47   149   114    73   115     3   106    97   105    22    30   135    35    93     5    48     7    91   112    50   164    43   143   124   148    22    24   174   134   113   169    88   170    63   143   162    82   134   154   175   177    14    16    51   141   159    22    22    59   133    26   125   176   179    34   145   120    13    38    71    24   146    16    10    13     7   136   167    66    59   119   124    15    14     1    87   115    32   101   127    11    56    56    30   119   139   108   136     7    18   107     8    37   100   149    61    68   109    21    76   161   170   130     4    23   122    36    85   145    39    28    81    19    58   124    69   142    51     2    69   157    33   139   140   171    82   162    46    96    42    27   140    57   103   153    79    88     7    72   112    57   102    88   107     3    48   103    26   148    26   179   133    83    79   117    57    40    12   104     7    35   124   106     8    48   135    41    37   148   155   134   123    74   153    34   124    61    92   157    13    70    36   110   171   160   131    17   133    50    41    51   137   157   133   104    16   147     1    55    60    23   141   171   148    81    70   149    88    49    42    63   129   124    97   121    93   118   136    81    93    97   106   152    18    72    24   157   113    70    47    77   133    89    53   117     5   161    39   179    60    64     5   178     4   141     6    36   157    37    18   121    53    99   130    81   103   149    72   144    50     5    89   179    85    24    44   106    17    34   178    60    53    50    89    17    41   160    48   114     2   161   162    57   180   102   106    10   121   132    57   145    51    38   159   163   130    74    81   101    96   145    12    97   129    25    54    69    68    68    29    48    75    10    79    54    86    57     3    40   174   157    87    12    95    42    39   107    91   112    74   156    43   144    14   146   125   160     2    25    65    35   155   124    89   136   125   178   135    78    91   123   152     7     8   176    60   115   126    56    81    71   132   107   152    67    66   111   126   100    85     2    33    58   100   164   171   144   115    78   114   109   156    60   160     7    18     6   166   105     2    61    33    17    95   110   106   111    46     5    36   163   118   174    91    91    83   125     5    92   161   173    64   171    94    42    53   145   117   117   129    24    95   140   119    39    43   139    68   125   162   173    74   128    65   146   118   147    33    91   105   129    57   167    40    64    12   172    38    20    68   149    26    21   119   170   131   158   109    59   115   134   145   143    74   154    69    92    22     6   152    38    88   108    75    20   176   140     3    86    19   131    36    27    85    68    25    55   105   174    55   116    83   120   106 
   52   161     6   144   159    89   165   141    94    50    36    78   103    58   136   169    20     5   173    40    98    64    51    74   156    96    99    47    71    37   127   106   123    31    11   114   132    75   179    99    46    12    56   101    95   130   112    42   121    78    82    90    52     8    67   162    42   112   155    28    56    68    64   173     5   132     1    91   167    87   105   162    29   143    70    63    31    76    12    51   132     5   120   111   148    51    26    24   144   113   168    33   122   114    62    84    56    32    65    22   170   102   132    62    51    35    97    45   173    47    50    16   126   114    68    47    97   176   109   170    18    87   130   167    25   138    27    88    23   140    72    43   170    40   125   130   102   170   134    22   133    50    91   139   131   127   153   142    99    99    73    45    41    68   144   139    75   139    94   158     6   178   139   106   124    82    18    42   108   108    28   134     7   113    78   120   168   125   174    24     5   112   115   150   106    11     4    90   138   116    14    29   100   176    44   173    58   152   158   165     9    54    10    75     1   139   173    54    98    35   144    93   109   165   109    41   173    80    78    81     2   155   173    42    75   165    25   109    88    57    87   139    58   158    53    39    91    88    16   145     5    29    65    36    68   161   113    63   147   155   167    46    48    28   170    53    93    17    91   152   176    17    52    98   129    52    82    88    42    37   134   171   128    77    17    10   175   161    94     1   168    12    13     5    39    76   170   153   171    97   126    61    13   106   144   165    47    54   122   146   100   157   140    27    49   175    96    79    68    95   104    89   117     5    77    81    37   160   110    35    75   131   135   177   109   168    28   135   129     6    54    72    80    45   177   173    46    40    11   123    90   177   109    38     6    39   135   135   178   171    21    45   105    20    12    51   112   149   144    41    32   119    94    12    26    92    40    51   158    97   115    29   174    15   179   115   180   134    50   140   165    68     5    78    93    92    85   124    80   110    59    14     8   119    35   133   148    42    89   107   110    10   139    59   128    95   100    64   139    86   152    22   162    95    82    27   117   135    78   113    67    82   109     2    31   125    78   122    15    39   134    18    57    52   143    20    81   146    52    61   176   160    95   155     2   103   147   102    44   129   151    63   145   156   150     3    22    67    85   144    92   147    88    86   124    23    12    50   138    29    80    49   171   138   156   116   134   113   168   134    65    97    74    27   162    70   164    21   129   118    57   166   162    58    75   136   151   156    42    10    55   152     4     5    36    47   175     8    77    45   111   130   107    87   119    12   165    66   170    29   166    94   164   158    67    29    10   160    68    39    69   179   143    54   113    50   162   122   139   117   136   156   156    90    57   112    18    74   139   125   161   140    82    64   171     6   131   163   138    84   127    11    27    71   167    69    68   176    34    46    94    18   166     5     3    74   147    67    77   153     5    29    80    61    77   128    81   145    48   143    71    69    34   120   155     5    55    74   114    37    32   133   131   156   174   107   107   180   112    95   140   146   169   137   136   135    10   154    44   152   119   175    74   160    74    22   116    12    87   121   150    42   145   117    98   125    40    76    92   121   170    30     4    41    85    71   164   136   161   180    83   148    82   143    74    95    80    44   103    39    45   100    24    78   172   128    50   145   159   174    39    31   132    47   146    51    11    13    94    59   131    59    80    89   150   150   113   160    50   137    55    45    54   133   179    57   107    17   131    68    15   114    25    33    76   179    37   154   160    98    18    60   172   169    67    94    91    18    11   125 
  112   167   172    79    98    41   127   140    62   106    74   144    40   145    91   170    42   103    14    43    67    44   144   116    88    35    17    28   152     5   158    11    41    27   150    64    53    59   166   159    75    14    38    42    23    85   139   138    16   120   118    51     9   131     4    92   137    66   102   111    15   130   143    91    83   148    80    57   163    13    52    78   151    28   116   178    78    91   106    17   178   178    10    20   111   118    19   101   180    18   137    25   130    29    36   129   180   141   180     5    49    81   108   162   131   170   149     1   101   168    69   175   124   135    95    26    40   110    66   172    57   146    29     7    44     1   106    39   165    83    99    70   159    63    21    60    63    32     7   158   120   120   136    16    40    43   139   148   120    26   117   116   157    37   136   115   146    12    25   127   166   121   158   152   120    13     3    66    53    87   106   154    37    50     4    40    66    13   165    18   139   147   152   135    86   124   151    82   176    61   149   107   172    52    17    85    88   160    96    47   149   124   166    20   102   147    63    62    76   161   137   114   119   107   108    36   153    10    40   100    59   172   137   157   173   101    70     2    26   145    34    88    38   140   142    42    52   119   129   116   120    89   102   169   134   176   101     2    65   115   121   124    58    65   108    18     5     3    31   170    44    21     8    14   139    36    68   166    46    67   118    77   109    59   176     1    34     6    38   115    79    77    35    88   161    32   160    43   165    14   162    49     4    92   144   102   161    55   100    49   158   178    95    90    78    90    27   175    71    63   119   114   113    97   170    80    13   165    28    18   159    32    28   158    42    55   137   139   120   144    82   135   174    65    68    21    89    52    58   137   168   128    71   174    16    72   153   112     9    76   105    19   149   112   127   144     1    24   174    39   129   150   170    34    30   106    95    78    71   156   179    38    19    28    24     6    24    67    37   110    25   110    33   169    87    89   145    24    79   123   111    73    57   150    63    53    93    26   133   132    17    30   123   168   108   102   118    79   139   149    50    65    14   143    92    65    56   178    32   157    48    13    63    96    70    19   143   109    95   112     8    54   133    18    56    54   101     5    93    50    34   133     6   164    67   136    70   163    19   114    83   126   156    33    73   165    24   151    17   105    67   179   144    20    16   162    55   162    42   122   151    74   151    68    29   175   161   176    85   144   174    92   117    65   115    79    45    10   149    34    38   118   127   111   103    18    28    58    15   169   111    91   161    14    40    63   154   153    63   153   152    18    80     2   172   169     9    13    51     5   127    29   102   114   124     3    33   163    84   121    71    47   104   162    35    69    93   160    70   136   138    56   155    56   151    48    75    85   135   103   145   162    23   122    47    29    76    42    15   172    76   144   135     5    71    78    10   153    96   169   171    36   118   164    22    13    30   116   157    39    92    90    94   156   119    65   124   106   130   127   145   102   131    51    54    19   125   145    73    95    14   178    67     2   172   127   118    78   168    13   124    72    64    89   143   124    94    88    27   106    50   142   164    64    60    55   174    29    20   122   118   154   153    25    84     6    63    41    52    95   158   113    84   125    40   178     4    27    71    55    88    84    49    67    11    59    15    77    87   124    44    67   158    78    73    48   104   105    18   101   120    30     8    19    93   125    94    70   164   135    94    52    54   148    98   112   174    96   156   111   150   136    53    40    80    43   112   121    82   159   154   142    19    62   120   103   135   163   134   147    87   172    80    81   129     6    44   154    81    48 
   62   169    80     7   149     6   137    50   133    46    14   135    51   168   171   154   107    98   175    67    54    96    19   132   126    95   169     3   115   171   113    63    94    99   140    24    32   107    84   152   137    11    25     4   107    54    40    64   145    78    17     8    37    20   111    56    73   177    29    92   109    80    94   173   138    35   151    23   111   117    24   104   148   177    45   166    86   111    53   179   104   109    91   177     7   144   115     9   141    22    23    49   131   171    26    36   125   174     6    65   135    94    88   159   140    45   171    87   143   163   136    60    89    84    24    96    66   117    99   151    21    88    97    95    74   144     6    74    53   137    10   105    27   160   166    42   149    65    94    10   138   177    59   154   130    96   177   150    95    86   158   160   120   135    30    77    81   133   125    62   178     6    19    20   150   138   164   131    41   134    87   127    53     9   131    77   103    37    74   103    53    38    28   155    64   142   156   131    64   111   135    43   117   110   174    52    18    69   109    80    49   101     2   171     3    58   120   171   126     1   138    96   174     4   163    31    74    63    16    94    46   111    94   149    45   159   123    64    37    38    19    80   105    93   128   154    49    56    45    45   150    63   154    17   167   179   179     6    42    17    34    10    61   146    55    34   174   106    45   160   123    90    76    35   122   129    86   135   103    32    10   105   161   129    53   115   175   144     1    94   116    84    37   153    67   104   135     4    40   155    47     8    48   151    25    30    92   175   140    85    36    27   131   153    99    27    28    42    55   152    42   138    14   168    88   150    26    90    75    26   174   173   154   179   142   126   103    78    62   117    79    34   142    65    27    44    96   163    53    54    77   121   166    80   122   130   148    16    69   167   120    52   161    97   136   115    53   153    18    73    37   120    69   163    17   143    68    60    10   179    32   119    40    88   155    29    32   103    56   147    58    98   102    71    78   166   159    31   142    82    85    67    92   113    60   151   128   154    71    40   180    28    44   179   150    51    33    36   167     2   141   106   153   108     4   139    30   137   152   146   178    86   160   114   150    46   102    26   100    86     7    42    97   163   125   151    29    95    40    54   115    84   169    94    17   113   161    99    21   133   103     7   153   142   141    95   171     5   109    51   156   136   103    97    40    50    36   104   161   138   144   174   107    36    15    79    85    96     7   174    16    45    19    32   156   123    50   164   164    15    79   117   113   157    86    60   168   120    75    14    66    86    17   133   163    19   167   128   102    40    20    81    41   172   122    59    64   156   173   109    77    23   127   139    19   158    75     1   180   146    54    58   161   132   145    54   148    60   135   149    28    61    74    69    10    54   106    83   120    91     8   130    73    99   138   161   153   106    14     8    48   144   115    98   157    34   125    22    63   158    90   105   157    20    32    66   123   118    71   180    71   147   116   130    62     9   160   115   125    36   126   163    81    32    61    82     1   124   144    49   174   137    92    67   178   118   113    22   170    59    76    72   166    76   121   123   180    40    96    28    59    58   167    22   152   107    59   158    77     9   129    10    71    97    43    48   145    81    74     9    27    33    79    37    34   134    37     5   138    75    85   171   100   175    92   165    34   136   146   106   180    16   138    38    39   111   104    10    92    16    49    73   114   120    35    90    74     3    56    59     5    43    42    68   162   152    59    21   139    56    48   126    37   180    25   117   164   109   162    19   179   138   123    63   106    61    84   140   116    93   109   145    42    62   129    39    74     8   170   142 
  162    47    60   126   129   141   113   124   157    14   132   130    37    84    26    54   140   172    37    33   129   161   137    51    98   164    90   100    70    88   102    73    68   103    28   129     4    61   148    75    21   172    36   129    63    79    67   139    13   159   172     9   153    13    39   122    84    14   141     3   174     3    41    73   145   101    99    83    36    71   167    53    40   101    41    59    59   168    61    20    98   160   112   146   112   164    32    82   179    87   151    72    77   145    25   113    53    55   170    92   162   105   105    26   157   125    72   123   128    80    95   169   135    70   115    21     6    13   163    81   168   114   109   120    63   131    77    56    94    77   169   152   103    32    52   133    34   131    11   106   171    30    87   142    50   142    92   110    34    24    48   132   104   178   168   117   151   175    63    35    43    17    82    99    50    84   116    58    26    12   161    88   139     9   100    17    38   124    65    64   103   131    99    80   138   101     7    37     7   173   154    21    74     6    67    42     3   154   109    45   137    95    31    34    48   109   102   168   157   114   155     2   130   159    66     2    35    97   175   123    14   115    56    35    13    70   124   124   118    55    84   175   172   178    28    22    56    60    17    79    14    34    99   150    43   157    27   143    38   137   120    80    96   166    87    60     5    16   100    88    52    19    28   150   142    86    41   100   104   123   172    26   155   177    46   107    76    47    86   139    19   178   124   104    11    20    49    56    80    82    83   114    34    87    98    64    67    23   179    19    62     9   136    55    78    31   125    13    11   121    62    90   140   137   149   165   164    73   174     2   149   142    40   168    32    14   179   174     7   124    74     9   171    86   129    18   131   165    44    58    70    51   113    57   147    66    71   115   175    50    61    85    51     8   119     1    48    97     7    68    34    97    69   111     1   155    76   175   128   141    45   151   110    93    34    46   103    39    81   109    89    69     8    81    46   117    55   134    29   120    71    39   111    50   128    79    52   158    16    78    13   140   131     2   141    85    22    41    55    41   179    62    90   109    89    10    80   138    86    99   132   142   173   148   102   129    91    34    24   102    69    64   108    32    69   153   144   135   136    62    59   180    24    70    89    27    38   152    59   179    87    34    74     6   111   110    46    87   152    92   109    27   164   124    68   147   168    85   171    62    44     4   110   163   175    95    32    37   171    44   130    55   161    13    44    23   112    99    91   179    43    52   100   117    34   146    19   168    97    89   176    51    12   124    83    38    80   180   148   168    53    82    89    34   148    59    68    92   163    56    11    75   160     1    38    30    77   148   154    70    74   156    33    48    54    58    17    65    87    79    53   124    41    36    34   120   175   149    35   143   103     8   108   108    21    47   163    53    94   125   110   113   117    86    50   104   125     7   106    59    31    59   101   152    97   158   127    98    27   151    81    54    68   137    42   168    80    14    23    67    26    65    94   149    98    74    98   165    45    70   178    79    84    44    40    30   163    32    82   145    62    42   138    67    82   166    55    93    94     5    15    93    94   123    89   157    23     3   110    11   123   168    73    95   119   115   142   149     1    29    20    65    29    99    53    20    93    73    33   144    45   168   162   126   167    26   119     4   104   114     4   132    95   128    85    87    77   144   113   171     1     9    53   148    38   106    50    60    55   133    78    83   136    12    26    97     4     8    58    48    24    42   179    87   113    20    36   153     7    56    27    69   175   135    51   136    39   143    30    50   132    90    80    10   154   132   113    47   111    30 
   54   102   116   145     1    77    45    25   128   117   140    86    13    72    55    89   105    21   103    54   113    65   170    21   101    41    97    56    86   175   119    58    59    62   104    99    73    94   136    11    12     5    83    81   106    31   146   128    53   151   165   163   177    75    64   176   139     7   107    52   156    95   156   173    60    55   180   180   140   165     5   103    73   158    68   105   173   177   177    22   104    91   134    56   116   178    93    73   103    33   148   132   108   148    92   107   119   179    16    78   126    12   139   157   122   102    10   116    24   115    28   123    96   144    54   146    40     7   107    92    15    69   144   133    42   157   103    13   150    91    13   174   112    37   137    72   178    23    95   174   175   157   137    66    12    63    37    93   116    89   109   115    80    64   137   180   112    48   130    95    36     4    75    39    18    39   133    30    77    51   149    39   176   119   157    78   131    56    52   114    80    11   120    45   138    60   137    65    95   121   157    21   176     8     6   153     8   148    56    36   129    91   131   151    47    13    10    27    46   154   123   148    75    26   150    74   127   152   145    11   124    42   103    54   176   120    84    61    93   167    96   117    35   158    34    44    23    95    65   171   156   174   152    70    81    80    82    81    21   173    74    12    69    64    97    56    49    31    33    98    99   108    32    64   135    75    36   123    47    55    90    26    59   131    52   102    98   139     9    75   162   135   131   121     1    81   170   166   132    80    27    88    19    44   105   117   120    88    79   104    20   145   176    90    81     1   128   150    14    47    63    46    55    59   175    13   117   158   138   106   126   117   107   177   156    83    73    21    55    34    71   140    66   132   118   139    29    54    19   132    95   148   178    79     1    95   122   147    25   125    87    15    17    67   174   127    41   148   150   122    68    50    40    36    60   130   175    32   130    48    27     5   152    83    87    30   143   172   145    63   110   134    64   126    30   169     3    40   113    93    13   131    72    91   165   138    44    34   174   103    19   111     3    46    57   156   125    34   159    12    60    36   135   134   143   132    77   136     8   138   124    34   111    59    38    71    87   166     1     9    85   128    64   177    50   149    98   132    45   169    44    66    99    84    31   145   173   162    68    64    12    89    49   144    43    79   120   179    20    83    30   162    38     2   160   176    70   125   129   102   150     5    14    49    62    98    70   107    12   141   103   103   111   101    39    46    37    81   124    44    71    98   138   147    79    37    59    51    94    92    53    91   173    98   104   163   126    14   152   147    40   111     4    65    54   132    38    51   177    80   176   122    34    21   154   146    39    82   152    66   147    26   126   103     1   164    11     1   123   165    30   172    84    18    11   116    24    83    58    36    81   143   140    35    76    33   117   111     3    88   179    47    30    58    91    53    21    79    28   119    30    34    26     4   133    30   136    83   171   145   103    27    17    61    19    68    54    94    12   177    17   109     5    92     9    55    81   130   100    78    82    39    47    52    57    83   125    46    79    42   180    33   153    28   107    19   129    79   114    35   100    79    53    83   139    19    70    95    44   147    36    15    33     4    92   118    38   179     8   152   107   109    41   166   141    66    92    36    82    83    72    30   123    24    63     9   165    85   105   152    96   173   168    52    42   108    98    66   156   125    90    15    38   163    91    38    64    95    50   129    60   147   133    94     1    38    42    20   147   110    58   126   128    77   101    20   103   147    21   146   129    38    55   106    78    56   159    32    42   106    43   176   124   140   151    75   161   119    46    85 
   92   104   112     7   125   180   101    62   148   179   133   177   134    23   172    30   100   179    26    20     9    65    45    69   101    26   109    58   150     2    99   127    97   117   113    55    63   140    25   102    63    53    89   120   119   162   122   127   132    75   139   136    27   124    97    25   174   149   114     5   161   163   158    67   129    54     8    26    58    26    94   150   163   101    57   116    70    72   135    42    29   117     9    88   111    15   147   106    23    53   147    46    22    20   160   147    28    51    25    99   105   176    56    66   167    16    29    16   142   107   104    64    84   122   111   162   177   154    11   180    31    39    15    84     7    93    70   171     7    25    85   135    51     9   164   164   120   151   152    47     7    54    91   120    41   170    86    37    62    27    12     4   100   102    71    81    31   142   179   147    61   149   140   105    11     4    51   158    94    18    64    11    51    84   102    16    45    95    44    86    61   106    93    12    39    23    12    93    95   162    33    95    95    60    57   143    61   146    76   174   107   137    44    28    33    31   146   179    48   160   169   165    72    57    66   109   117   146     9    56   171    14   109    69     1    75   142    99   143   107   131    23   165    26   106   112    74   102    86   146   104     8   141    27    98   103   106   164    25    57   163    19     6   169   149    78     8   177    23   131   166    72    83    91   180    94    99   126   112   140    26    18   156   176   131    90    95   171    13   129    39    39    35    49   173    10   127   122    19   124    38    70    14   113     3    80    44   180    30   158    74   154    72    87   145   135   180   134    43    79   122    91    76   175    92    28   162     6    42   107    41    37    85   140    85   131    97   125    72   124   153    61    32    76   106   137    99     7    84    48   109   164   107   136    13    46    49   155   134     6    22    89    12    75    12    23   106    61    38   177    35   125   122    23   167    59    12   163   140   134    47   130    85   135    22   102     9   108   103   176    34    26    37   157    32   174    53   125    26    81    61    23   153    12   158   160   157   114    30   143    25   168   112   170    84   105   144   114    80    97    87    61   120   129    57    49   121   107    19    98    78   138    38    78   170    98    23    43    80   145   160    84   116   156   141    48   108   135   142    19    41    38    50    87    30   121   103    98    50   144   140    12   137   121    28    39    50    93    34    40   152   152   127   123   112    11   107   166   129    79    14   155    66    70   123    76   168   173    73    33    28    12    26    31   149    62    52   107    25   152   179    64    69     9     9    21    70    85    48   127    92    60   170    90     1   159    66   152    26    93    85   135   106    72   107    78    73    55   174    24   115    64    43    36   176   175    58    85   107   178   165     6    77    76    23   104    17   133   152    79    45   103    88   154    37   150    43     4   152    25   106    22    22   177    51   102   115   147    25   151    77    28   179   175    32    72    83   170    84     9    26   145    22   145    91    58   179    78    55   135   178    39    73   126   176     2    50    92    48    87    43    92   116    65    10   103    98    11    15   130   118   175   131    14   118   113    20   125   158   156   149    48   113   103   125    15     5   107    77     4    81    94    20     2    60   177    83    85   115    96    58   161   141   134   153    48   118    85    20    82    16    29    41    50   156   147   128    85   171     9    98   140    26   136   147    92   116   115    89     9   151   142   120   180    83    43    69   118    12    76    82    81   173    48    78   133    99    86    63    17   162   144    21   148    46   137    46    58   174    42    51    12   113   119    42   160    86   160    83     3   170    82   165   129    67   126    73    51   168   124   154   132   105    41   103    81    54   161    19   164 
  120    32    51   159    96    25     4    76    93    74    83    79    75    62   156    85    95    35    58   160   156   167    43   174   144    55    57    27    71    69   175    28   166   149    78   144    27   168    46   129   112    39   173   164    79   151   148    13    31   115     8   168    77    33    24   126   135   170   124    16     8     4   144   115    48    97    96   165   122   168   160    90    86    25   155    47    20    24    13    77   162     3   170   125    96    96    76    95    37   148    87   100    93    21   131   174   133     5    54    20    93   131     5   107    51    49   180    61    66   128    25    11   166    37    88    29    10    73   162   173   124   133    98   121   180     4    71   121    84    38    66    50   140    80    65    26    23    45   156   175    14    52    56   105    23   171    85    83   156   145    10   166    66   108    17   145     8    93    94   178   107   145    81     6    22   153   152    15   106    24    64    64   174   154    59    59   152   117   117    44   135   111   177   138    29   155   159   144    87    66    35    56    33    85    39   180   169    71   121   131    88   147    71   165    31    30    87    75   126    56    85   175     7   129    92   131   144   124    52   176   100    85   124    13    33    16    61   124    38   136    92    75    48    74   148    74    76    64   145   155    26   123   170   112    25    71   123    42    66     5   120   102    46    39    23   158    47    16   135    67    14    38   130   157    94   121    72   154   124   180    36   154   169    78   124    79   142   132    66   112    82    90    13    81    26     2    37   139   160   159    59    84   110   108    41   168    47    65    48   137    79    75   136    40    49   166    76   158    53    20    89   166   114    62   163    89   163    21   111   126    53    56    25     1    42   105    34   142   171    33   105     2   179    28    37    50    12    22   140    63   163   103     9    88   137   111    33    51    70    73    46    17    48   161    87    56   129   120    25    54    11   115    39    50   127    17    80    76    51   152    50   159   151   154    56   178    79    65    17   109   157    43   163    78    55    85    54   154   135    87    13    15   114    52    91   156     7    42    60    11   120    57    47    25   125   167   134    41   118   176    30    18    91    50   121    82   109   129   122   144    13    35    86   149   163     5   141   178     8   105    86     8   129     2   166   120   167   116    27    33   151    10    20   129   137    86   136   124     4    34    12   146   163    57    12    27    69   134    89    71    73   121    67    64   146    42   151   148   114   147   158   136    69    13    90    59    94   126    74    50    86    10    61   154    90    62   174     7   109   159     2   165    73    16   137   156   140    77   161    24   120    32   131   161   150    50   175    10    49    42    43    98   169   179   118   128   172     2   159   143    96   129    43    18     8     5    69    50    48   171    71    75     6     6   136    35   113    40   130   102   110    64    63    21    20   122   174    39   180   166    22   120   150   161    86   117    94    29    51    92    75   141    75   126   175   175    36   168    88   152    23     4   144   134    10    19    54     1   108    76    22   106   179   119     6    36    40   123   157   149   139    34   107    70   118   117    63     2    22    36    18   159   180    21   115    33    16   146   177    55   120    64    96    47   102     1   143   149     8   168   170   109    94    18    24    91   147   130    20    40    59   145    88    51    45    58    40   161   131    71     3   100   166    28    78     5    75    47    97   167    23    45    68    55    17    71   111    42    45   168    47   174    95    39    89   136   109    89   150   109    97   111   165    48    71   121   175   156     7    95   154   101   161    13    67    44   152    31   126    87   110    63    40    84   164   136   127    88   159    18   123    69    59    67    98   150   167   176    67    38    65    73    43   107    46   104    80    87   170   133 
   93    54    84   104    49   152   171   134   142    39   132   152    43    66    53   109    15   159   105   115    24   155   156   110   141   148   158   102   117    33   136    16    86   165   128    81   167    27    66   125   141   166    40    93    89   130    39    23    49   170    22   151   168    32   121   168    59   113    32    62   119    24   143   141    80    71    49   139    54   114    20    81    50   122    41    16    55    69    11   122    32   115   157   149   103    97    64   164    30   110   167    62    12   163   137    68   121     6   137     2    17     6   107   157   113     1   166    84   130    10    71    20    49    37   138    87    23   161   162    34    94    86   145   140    39    15    67   174    24    77   139   113   155   125   150    43   134   136   160    65    11   131    96   155   134   169    17    69    43    31   170    19    66   103   155    14   171    94     3    64   108   163    75    58    80   103   153   148   100    48   110   106     7   130   175   165    80   113   121    69   130    70   137    48    46    33     3    18    77     5    63   158    64    83   155   110   122   130   147   119    60   142   138   151   111    40   132    75   118    81    56    23    97    19   112   142    95   142    66     8    82    50   168   117   134   163   144    34    48   130   179   123    87   150    80    87   107    91    78    24   176   157   141    66    37   168   101    91     1    37   156   126    72    59   158    75   177    15    88   108     4   153   135   149    78   104    89   154   123    34    73    63    21    63   162    32   170    74   147   164    22   174    30    53   165   142   159    20    98   172     9    48   103    20   165    16    75   145   149     5   135    49     5    73   166    31   127    92   113   153   171   167   115   149    11    37    52   118    61    26   147   158   161    31    17    83    26    75   122    89    77    69    97    94    48    34    31    16   106   167    49    39    33   128    73    21    41     7   137    74   176    36   102   148    48    43   119   111   106    33    39    25   158    29   130   121   107    94    57    80    63    23    72   146    35   107   132   114    79   144    31   135    70   152    19    93    54    98   158    65   164    15    57   140    12    37    56   149    50    15   129   138   137    73   108    57    48    64   118    66   120    80   122   168    57   120    79   126    96    12    93     1    79    26    46    37   127    74   150   161   134   152    58   147    90   164   144   160   135    84    37    60   116    56   118   105   132   139     7    28    27   154    36    94     8   149    11    18    19   101    26    58    26   104    96   169   177    79    19   144   126    32   118    38    78    72   102    30   131    78   138    66    38   120   163     8   144    29    80   139   127    40   165   103   159   112    81   148    70     3    52     9   119    83   169   170    74   177   136   104   122    40    75    33    24   144    50   176   118    80    75    53    37   135   172    79    54   102    62   176    72    26   135    13    21     2    71   114    67   108    14    50   175   180    96    19   117    49   155   151    46    27    94    88    47    91    34   125   157   177    40    75   164   122   163   104    10    22    12   142   118   137   130   165    61    62   166    67    25     7    24    67    97   113   128    44   158    88    69   139   112   160   157    57   149   128    36   129    32    21   109   140    34     5    27   150   136   179   135   120    80     2    71   102    11    90   119   121   118    94   166    42    12    58    88    51   104   147   137   148    80    66    29   113   121    30     3    15   139    44   161   161   149   130    16   144    69   115   105    23   180   160   171   102    36    45   143    84   165   108    35     8    37     5    34    21   166    27   116    22    97   150    25    82   117    26   104    41    33   110    36    60    20    78   170   154    49    90    20    87   128    83   110    50    92   121    98    39   168   130    11    26   168    23    50    99   144   132    14   174    25   128   125   176   119    19   145   110    26   162 
  162    10   143    63    95   116    58    45    70    19   133    96   161    28   133    63   147    92     4     5    36   147    24   171    91    70   140     3    28   132   104    23   132    64    84    30   134    85    88   146     4   156    68    58   170    59    43    33   153   126    35    71   112     9    76   138    92     9    80    21     3   151   100    33    60   161    96    87   121    43    21   152    85   131   173    24     3    28    55    29     6   108   131   127   179    60   117   113    86     1   143   108   152    20   122     2   144    19   111   102    67   169    23    76   154   134   151    85     7    34    85   124   140    99    54    59   130   138   179   137    75    55   164    67    75   141    84   138   171    30    59     5   123   122   170   104    26   133    13    51    18    34   141    33   170    87   103   133    63   153    78    62     2    46    64    96    42   134   111    81   157    18    87   110   120   172    14    16    95   103    11   122   155    82   152   148    25    73    44    35    61   130    38   115    87    70    35    93   120   155    66    19    51    93    76    56    74   124    93    73    22   166    40   125    26   141    71   151    32    30   155    55    48   131    69   158   138   134   123     1    56   179   102   106    76    64     3    34    46    72   133    40    19     8   145    73    95   139   108    63   108   163   155   141   144    87   168    24    89    85    33     4    73    35    22   140    51    65   142    50    24   135   120    32   152   161   169   144   178    72    14   153   145    11    92    99   132    52    38   104     3   148   155    86    18   120    91   176   169   151    89     3    14   149    43    22    61   112   111    31    94    11    57    45   137    59    12   135    99    15   167   173   153   122    86   179   109   132    35    92    88   142    10    38   113    68   174    27   160    14    48    83    38    84     9    27   101   129    46    22    55    82   154     3   129    83    11   135    73   109   168   140   133   168   166     8   115    10   142   149   164    39    18   103   146   142    14    37   148   157   135     3   128    32    56   144    35   141    25   130    19    79     4    47   120   101   178   140     9   114    45   129    15   113   140    40    41   114    47    67   160   140   160    53    56   138    15    82   130    87    65    37   151    78   156    74    72     7    50    17     9    18    52    78   153   114     1   177   125    71   173    34    89   143   166    44    94   145    32   138   113   143     2    39     6   115   166    91   124   147   118    50     7    15   133   133     2   108   178     5   107   157    96    45    46    26   145   112   163   150    53    88     4    75   180    10   156    25    99    77   141   135    35    57    16   150    98    61    27    32   148   168    45   132    84   147   170   150    42    67   121    30     7    72    39    74   143   116    66   157    57    94   148    95    11   174   156   139   158   156   175   140   113    87   111    39   152   129    62    65    44   165    81   175    80   151   102    32   128   169    60   126   102   175   127    67    83   155    20   143    24    57    13    56   133     8    48    30    40     1    42    63   116    65   158   165   160   118    60    97   112   178   154    76    63    23   162    94   163   161   146    91    23   124   111    81   110   153   172   126   161    30    91    69    63    79    28   172   180   107    68    98    39    58   142    47    58   171   163   139     9   138   118   151    77    65    38    74    68   177   170   130   135    34    26    15   145    75   153    96   160    53    60    78    15   153    58    86    74   151   161   179    33    21   147    78   171    30    86    69   101   162   125    56   136    92    57    90   102    97   128    55    64    11   156   133     2   147   106   165   150   102    81    79    71   173   160   138   105    46    96   143    53    88    71   175    71   101   107   163    23    29    77   113    42    97    71    35    57   114   103    82   114    10    47   104    83   104    78   168    85   179   118   129   152    39    98    52    79   128 
  124   124    82    91   105   111    71   151   114    66    44   176   169    94    29   169    25   110   143    54    86   148     1   102    41    65   106   163   152    49    35    88    49    11   159   165    15   105   167    15   105    76    25   107    97    48   134   101   134    60   113    45    81   173    27    93   180    60    98   164    53   169    91    54    21    83    83   107    97   164   163    76    14   119   170   145   124   100    24   173    39     7    71   168    69   161   170   155    16    95   168   111     5    67   179   176    25    62    63    44   102   140   173   101   164    81    54    74    71   180   118    22    50    79    90   123    21    91   139    80    51   161   149   118     4   146    40    50   144    60   114   132     2    28    10    33   180   124   140    19    58    22   135   175   176   136   124   118   146    57   110   169    89   146   154    18    12   131    82    76    93   142    13   125    52     8    36    20    11    70    39    13   141    64   177   108    64    72    41   104   154    11   164    74    13    27   112   113   177     7    89   124    96    80    75    92    98    45     8    85   163   174   149    19   153    28    88    52    21   129   108   110    14   152   126    62   110   166     9   162    58   146   153    69   142   114   155   137    12   152   161    29    33    71   103    92    31    20   102    93   163   131    99   147    34   178    26    11   157   119    84    25    84    79    77   142    15   104    38    58    21   120   164   151   144    79    89   173    92   141   175    69    27   150   105   152    68    47    26    59   163    20   112    96    20    74   137   117    48    90   160    47   143    57   113    77    35    66   153   136    93   155    24    33    91    41   166   128    93    66    80   115    61    48    49   175   126    61   122   166    23   176   145   170   167    44   100    19   156   161    21   108   160    71    65    29    72    64   119   159   144    35   104    46   103    17   122   105   163   162   144    45   106    11   170    50    42    45    95   160   150    30   119    50   166   174    41    27    27     2    47   106    77    89    21   107   109   157    71   171    86   101   109    45    61    27    43    47   168     6    12    25    44    30    47    47   123   140    69   108   136   175   129    93   126   136    62   141   162    42   109    27    52   150   102    50    48   161    89    76   158    87   135   106    84    54   118    86   124    55    42   113   139   133    74     1    87   110    78   144   141    14   136   112    15    56    70    35    38    89   150   116    77   115   148     2   154    93   146   140   113    69    82   150   115   177   109    78    62   179    90    39   166    88    68   120   136    88   149    82    46    16    56   115    78    14    25    76   104    49   105    96    79   134     5    56    90    37    88    56   142   126   143    72    93   107    41    27   175    86   159    51    73    79   102   177    94   149    18   137   114    24    50    76    72    42    34    73    45    10   176   104    42   138     7    20   138    34   155    78   153   172   136    23    32    42   103     8   107    39    28   159    78   134    42   100    21     2    16   126   177    93   130    34   165   138    57    40    82   143    65    11   157   139   135    21    70    50    52    59    89    16    18    15   178   133     2   164    74    64    40    10   105    56   107    55    77    36    22    46    24   167   106   147    14   168   122    82    46    80   145    30    53    13   153    91    36   179    83   105   179    25    40    22    10     3    22    51   110   131    40   113   175    75   126   134     7   155   160   119   170    89   119   178   149    49    22   149   105   124   163    58     6    22     8   158   117    55    80    37    64    20    88   106   179   152    21    16    25   151   162    72    82   126   101   117   152   180    42   173   134    35   171    38    40   125   136   105     7   160   144    12    41    55    12   160   120   174    79    93   110   151    74    47   128   133    94   110    53    21   145   173   167   152    41   163    32    21   105    55 
 0.00  0.38  0.26  0.23  0.23  0.23 
 0.38  0.00  0.39  0.35  0.26  0.39 
 0.26  0.39  0.00  0.22  0.29  0.35 
 0.23  0.35  0.22  0.00  0.36  0.33 
 0.23  0.26  0.29  0.36  0.00  0.38 
 0.23  0.39  0.35  0.33  0.38  0.00 
