60 12
15
     17167
     16616
     17291
     17137
     17786
     17302
     16556
     16823
     15262
     17576
     16648
     16669
     17826
     15862
     17038
  2.1  41.7  38.5   1.6
  2.4  71.5  48.6   2.4
  2.0  74.9  32.2   1.7
  4.3  35.4  12.1   1.8
  3.5  58.3   7.4   2.3
  1.4  28.0  40.4   2.3
  4.9  69.9  40.2   2.3
  4.4  26.5  92.1   2.1
  1.3  42.8  37.3   1.8
  2.9  24.1  90.2   2.5
  1.2  74.7  72.0   2.1
  2.1  52.5  59.7   1.6
  2.0  24.8  56.9   2.3
  1.1  22.9  13.1   2.4
  2.9  48.6  24.5   1.9
  3.1  51.7  86.0   2.3
  3.7  65.9  45.4   2.4
  2.9  44.4  13.7   1.9
  3.1  32.8  60.3   1.7
  4.0  73.7  80.9   1.6
  3.8  67.9  55.2   2.5
  2.2  40.1  71.7   2.1
  4.2  41.4  70.4   1.9
  4.6  33.5  79.3   1.6
  3.5  30.0  35.4   2.5
  2.1  30.2   9.2   2.5
  1.9  56.3  12.8   2.2
  4.5  21.8  82.4   2.2
  4.3  30.8  91.1   1.5
  2.6  50.7  91.9   2.5
  4.1  33.8  78.8   2.1
  3.5  39.0  69.7   1.5
  3.9  27.5  29.8   1.6
  2.1  40.4  77.0   1.9
  2.2  66.1  35.1   1.9
  3.8  70.7  81.0   1.5
  4.2  64.5  33.9   1.7
  3.9  61.7  35.0   2.5
  1.7  45.7  57.7   1.9
  2.1  56.1  67.5   2.4
  2.8  70.3  26.7   1.8
  2.0  25.3  44.6   1.8
  2.7  50.5  62.9   1.8
  4.5  15.9  78.5   1.7
  3.0  63.1  73.1   2.3
  2.8  50.3  20.5   1.6
  2.9  30.7  53.1   2.2
  4.4  37.2  93.4   2.2
  3.1  70.9  63.7   2.3
  3.8  23.5  87.8   1.8
  3.9  61.1   9.0   1.6
  2.6  51.2  26.4   1.7
  3.0  18.2  29.1   2.3
  2.5  74.9  49.8   1.8
  2.2  43.4  23.8   2.5
  2.9  37.0  63.3   1.5
  2.4  30.8  80.2   1.9
  2.7  41.1  38.3   2.4
  2.6  64.2  29.3   1.9
  3.8  59.1  32.2   2.1
  2.0  61.4  94.0   1.5
  4.1  21.8  36.3   2.0
  3.2  46.8  55.7   2.1
  2.7  43.7  26.3   1.6
  1.1  41.2  86.6   2.3
  4.2  65.6  33.2   2.1
  1.8  50.3  38.1   2.5
  2.6  49.9  13.6   1.9
  3.3  22.8  38.3   1.8
  2.9  71.4  71.4   1.9
  3.0  56.4  48.2   2.3
  3.3  65.4  81.5   1.9
  4.6  52.4  73.5   2.0
  1.5  41.9  43.3   2.0
  4.8  39.4  15.0   1.6
  1.2  71.9  17.0   1.6
  1.0  61.7  63.8   2.4
  1.3  55.0  13.7   2.4
  1.1  74.7  43.2   2.0
  2.8  55.4  53.9   2.2
  3.4  20.5  94.4   2.5
  4.6  63.0  60.5   1.7
  1.4  31.3  11.8   1.7
  4.8  47.3  85.9   2.1
  3.5  52.6  73.9   1.7
  2.5  28.2  39.1   2.0
  2.0  43.9  30.8   1.9
  4.9  61.7  80.2   1.9
  2.9  45.8  88.5   1.8
  3.5  72.3  51.8   2.4
  2.2  69.0  41.4   1.8
  3.3  65.7  39.2   1.6
  3.3  38.4   6.3   1.7
  4.4  69.7  46.4   1.7
  1.1  48.1  66.6   1.8
  2.2  28.5  45.1   2.5
  3.6  59.3  15.3   2.4
  4.0  65.8  79.2   2.4
  3.1  42.2  22.2   2.2
  3.0  24.5  40.2   2.4
  1.2  74.8  33.7   2.0
  2.0  27.9  81.3   1.9
  4.6  56.2  69.6   1.7
  2.7  58.1  66.1   2.3
  3.9  41.5  18.3   1.7
  2.4  59.7  71.0   2.4
  3.5  75.0  57.6   2.4
  1.8  35.9  41.1   2.4
  3.8  26.7  30.9   2.1
  4.3  71.9  86.3   2.1
  1.3  55.4  85.1   2.4
  1.1  66.1  21.4   1.6
  2.2  45.7  77.0   2.0
  3.6  15.0  46.2   2.0
  1.1  53.9  80.0   2.2
  2.2  62.9  15.7   1.6
  2.1  39.6  50.4   1.9
  1.1  25.4  49.6   1.9
  3.0  55.2  66.6   1.5
  3.9  53.0  29.2   2.0
  3.9  18.7  63.4   2.4
  4.3  22.9  31.1   1.9
  3.5  70.7  84.2   2.2
  3.3  31.4  14.9   2.0
  2.9  43.4  53.4   2.0
  4.7  70.3  13.0   1.8
  2.0  72.6  59.1   2.0
  1.5  37.7   6.2   1.9
  1.0  74.1  73.9   1.6
  1.2  23.3   6.0   1.6
  2.7  48.1  43.6   1.8
  2.0  60.7  37.5   1.9
  4.6  28.0  45.6   1.9
  3.1  26.5  16.6   2.0
  1.8  32.8  75.1   1.9
  1.4  42.0  79.1   1.6
  2.9  69.1  22.0   1.9
  1.2  58.8  11.0   1.7
  2.0  24.2  66.1   2.3
  4.6  39.8  12.8   1.7
  2.6  39.0  45.5   1.5
  3.7  48.2  79.2   2.1
  3.7  16.0  65.2   1.9
  2.5  21.1  88.3   2.0
  1.3  44.3   7.3   1.5
  3.7  25.6  47.2   2.4
  2.0  71.0  75.4   2.1
  3.7  32.1  17.9   1.5
  1.1  59.9  47.7   2.2
  4.8  69.7  12.9   1.7
  1.7  41.4  12.0   2.5
  2.6  33.7  58.8   1.6
  4.8  15.0  53.5   2.5
  4.4  68.4  81.3   1.9
  2.1  33.3  25.1   2.5
  3.7  36.4  11.0   2.0
  3.6  58.3  69.3   2.2
  4.4  28.4  22.8   2.2
  4.3  48.9  70.1   1.7
  4.1  29.0  32.1   1.6
  4.7  21.2  33.9   1.9
  1.4  65.2  52.4   2.3
  4.5  31.8  59.9   2.3
  1.8  67.5  22.8   2.2
  4.9  64.5  39.8   1.7
  1.7  67.2  58.8   2.2
  1.4  25.5  25.8   2.2
  3.8  26.1  76.7   1.5
  4.8  29.1  47.0   2.4
  1.8  71.5  51.2   2.5
  4.6  56.5  56.9   2.3
  2.5  64.2  77.2   2.0
  2.8  40.9  23.3   2.0
  1.2  55.7  26.8   2.5
  4.7  45.4  77.5   1.9
  1.1  73.6  14.1   1.9
  4.1  36.0  46.1   2.0
  3.4  71.6  10.2   1.8
  3.4  72.7  20.9   2.5
  2.4  63.6  94.1   2.1
  3.0  22.9  84.3   1.7
  2.6  44.7  50.7   2.4
  1.5  34.3  86.8   2.5
  2.5  27.4  15.0   2.0
  4.1  73.8  36.7   2.1
  3.1  54.2  26.9   2.3
  3.5  40.4  13.7   1.6
  2.6  22.0  20.1   1.7
  4.2  19.3  74.3   1.6
  3.3  21.4  41.8   1.9
  4.4  35.9  13.1   1.8
  3.7  36.9  57.0   1.7
  2.5  43.0  45.3   1.7
  3.4  53.3  64.9   1.8
  4.8  46.9  20.4   2.0
  4.4  57.4  41.8   1.7
  4.0  72.1  57.2   1.8
  1.6  40.7  73.7   1.8
  2.0  55.2  48.9   2.0
  2.3  40.8  16.6   2.3
  1.0  27.9  73.5   2.2
  4.7  25.0  77.6   2.2
  3.2  43.8  53.9   2.5
  1.8  57.6  29.5   1.8
  3.8  68.9  35.3   2.4
  1.4  69.9  90.2   1.8
  1.5  62.8  73.7   2.4
  4.0  44.3  29.5   1.5
  1.3  60.0  27.7   2.4
  3.7  67.9  21.7   1.8
  4.6  32.4  90.6   1.8
  1.4  57.9  59.3   1.9
  1.5  71.5  73.5   1.7
  1.9  16.7  52.6   2.3
  1.1  21.9  78.3   2.4
  4.9  24.6  89.0   2.2
  1.2  68.3  60.6   1.7
  2.3  61.7  91.4   2.0
  1.2  66.9  29.4   2.1
  4.5  60.2  87.4   2.3
  1.4  50.7  75.8   1.8
  4.6  74.7  72.8   2.3
  1.8  74.4  25.9   2.3
  4.3  63.5  71.4   2.0
  2.7  72.6  10.7   1.5
  3.7  29.1  18.7   1.5
  1.6  28.0  83.6   2.2
  3.3  67.5  39.0   2.1
  1.8  63.4  16.8   1.8
  3.5  62.5  39.2   2.0
  3.5  28.5  60.5   1.5
  4.2  51.5  43.9   1.6
  3.5  26.5  45.1   1.9
  4.4  17.5  41.4   2.4
  1.6  30.2  55.3   1.6
  2.5  50.4  26.2   1.9
  3.8  64.9  68.8   2.1
  1.9  40.2  52.9   2.3
  3.2  57.4  40.6   1.7
  5.0  25.9  15.8   1.8
  2.8  49.4  26.9   1.6
  2.2  73.2  27.4   1.5
  4.0  70.6  64.2   2.0
  1.2  67.3  90.6   1.6
  3.5  34.4  64.1   1.9
  3.7  63.3  87.7   2.3
  1.8  25.0  43.8   2.2
  4.2  58.2  32.0   2.4
  1.3  25.1  50.2   2.1
  4.8  36.0  74.6   1.8
  4.9  53.6  49.3   1.9
  3.3  73.2  32.9   2.4
  4.7  69.1  29.6   1.6
  3.4  31.8  78.0   1.8
  4.0  20.0  14.8   2.4
  3.4  20.3  56.5   2.2
  1.8  69.5  63.7   2.3
  1.2  54.0  73.8   2.5
  3.8  42.4  73.1   2.3
  4.0  66.8  75.0   1.8
  2.2  42.4   9.2   2.1
  1.7  24.2  17.3   2.3
  3.0  19.2  48.5   2.2
  3.8  20.6  87.4   1.7
  1.7  35.9  94.9   1.6
  3.9  56.7  20.9   1.5
  1.7  48.9   8.8   1.8
  1.6  24.0  59.1   2.0
  3.2  50.0  67.7   2.0
  4.5  51.3  84.1   1.6
  3.3  35.7  70.6   1.9
  3.5  15.3  56.6   2.0
  4.4  17.7  58.0   1.8
  3.3  72.0  64.4   2.2
  4.5  31.4  80.6   2.2
  1.6  42.6  13.7   2.3
  4.3  43.8  86.7   2.0
  3.3  72.5  46.7   1.7
  1.1  67.2  45.5   1.9
  3.6  63.4  43.1   1.6
  4.2  72.4  68.9   1.7
  2.2  19.2  94.8   2.1
  3.0  70.3  60.7   1.5
  4.2  41.5  72.6   2.0
  3.8  15.2  79.6   1.8
  4.0  57.3  33.4   2.4
  1.8  26.3  23.8   2.4
  3.9  53.6  33.2   2.5
  4.4  24.6  24.6   2.1
  4.6  52.8  49.0   1.9
  4.9  31.4  82.4   1.6
  3.4  28.1   5.2   1.6
  2.1  42.5  34.6   1.7
  2.3  72.1  18.4   2.3
  1.6  68.2  49.9   2.1
  2.7  47.2  10.2   1.6
  2.8  27.3  75.3   2.3
  3.4  55.7  39.0   2.0
  2.3  48.3  31.1   1.8
  2.3  45.6  81.1   1.7
  1.9  15.7  24.2   2.4
  4.2  34.5  55.5   2.4
  3.0  38.5  43.1   2.4
  2.5  32.0  62.5   2.3
  3.8  62.2  18.5   1.5
  4.6  54.4  88.4   2.1
  1.7  39.8  33.0   2.4
  4.7  37.7  43.7   1.6
  2.2  34.5  14.7   1.9
  3.1  42.6  88.4   1.6
  1.4  19.6  76.6   2.2
  3.4  72.3  26.6   2.2
  4.2  40.2  11.7   2.3
  2.0  44.5  31.8   2.1
  3.4  47.8  71.7   2.4
  3.6  18.8  29.4   2.1
  1.2  48.4  27.3   2.4
  3.1  28.0  15.3   2.1
  2.1  48.1  36.4   2.3
  4.4  26.8  32.6   2.0
  4.5  67.4  80.2   2.0
  1.4  15.9  22.2   1.8
  4.8  28.7  70.0   1.6
  1.8  63.5  56.7   1.7
  1.2  60.1  27.8   2.2
  3.8  44.5  65.9   2.5
  4.1  23.9  68.2   1.7
  2.2  30.5  58.9   2.1
  1.4  71.2  53.2   1.8
  1.2  41.4  32.8   1.9
  3.1  48.7  26.0   1.9
  4.3  69.5  76.3   1.9
  2.0  47.7   5.8   2.2
  3.6  27.7  30.6   1.6
  3.6  44.5  30.6   2.1
  3.0  28.6  14.7   2.1
  2.4  68.6   8.4   1.7
  4.6  30.7  50.1   2.4
  4.5  18.8  83.3   2.2
  2.7  39.7  19.0   1.9
  4.5  15.2  18.5   2.2
  3.3  18.8  59.0   2.2
  3.7  23.6  56.8   2.2
  3.9  37.4  63.2   2.3
  3.3  50.3  29.5   1.8
  4.2  29.8  23.1   1.8
  4.4  35.4  19.5   2.0
  4.0  47.0  89.1   1.7
  1.8  34.9  89.1   1.7
  3.0  36.3  92.0   1.5
  2.3  31.9  25.2   2.0
  4.3  70.0  79.3   2.2
  4.1  64.2  92.2   1.8
  4.8  66.2  11.4   2.3
  2.7  51.4  49.6   2.4
  2.5  42.5  24.8   1.8
  2.9  47.5  22.8   2.3
  1.7  28.3   7.9   2.0
  3.7  70.4   7.4   2.2
  2.1  49.5  76.1   2.1
  3.4  33.6  56.0   2.5
  2.0  51.6  16.8   2.5
  1.2  39.3  64.2   1.5
  1.4  73.6  35.2   1.8
  1.7  50.7  17.5   1.7
  3.1  48.5  58.5   1.8
  2.3  17.1  87.4   2.4
  3.4  53.1  25.5   2.4
  3.6  41.1  82.2   2.0
  4.0  17.6  35.3   1.9
  4.3  38.3  80.7   1.8
  2.8  39.8  67.6   1.5
  1.1  21.3  59.7   2.4
  2.9  46.8  64.5   2.5
  2.2  15.2   5.0   2.2
  3.9  47.4  43.3   1.7
  2.7  61.5  75.0   2.1
  4.3  34.6  93.6   1.6
  3.1  29.2  91.4   1.8
  1.2  28.8  48.0   2.0
  2.9  61.3   9.3   2.4
  1.7  47.7  71.0   2.0
  4.0  74.3  39.7   2.0
  1.3  66.8  78.6   2.2
  1.4  32.4  60.1   2.4
  1.8  46.9  13.5   2.1
  4.4  19.8  66.0   1.6
  1.3  31.7  26.5   1.9
  3.2  66.1  12.1   1.9
  3.7  18.4  81.4   2.1
  4.6  68.6  73.9   1.5
  2.2  58.2  20.4   1.6
  2.2  27.2  52.0   1.9
  3.1  18.1  53.1   1.9
  4.9  47.6  55.2   2.0
  4.0  62.6   9.7   1.5
  3.4  50.2  57.5   1.7
  4.5  64.0  26.2   2.2
  4.0  29.9  79.7   2.3
  4.2  37.9  49.7   2.3
  3.4  60.7  49.9   2.5
  3.6  23.0  53.3   2.4
  1.9  53.1  14.1   2.4
  2.8  38.7  29.3   2.2
  4.7  47.4  32.9   2.4
  4.9  16.0  60.9   1.6
  4.9  35.6  35.9   2.3
  1.2  74.9  84.6   2.2
  5.0  17.0   5.8   2.1
  1.5  23.9   9.0   2.2
  1.1  29.0  15.7   1.6
  2.3  41.6  64.2   1.8
  4.3  57.8  49.5   2.5
  4.2  18.6  29.9   2.3
  2.5  31.1  20.7   2.3
  2.8  24.0  57.2   1.9
  4.5  74.0  13.6   2.5
  1.2  15.0  53.8   1.6
  2.9  48.3  22.2   1.7
  1.7  41.5  70.8   1.7
  4.4  27.7  18.9   2.4
  4.9  30.7  76.4   2.0
  4.4  48.5  71.2   1.7
  3.8  23.5  42.5   2.2
  1.8  30.4  38.1   2.3
  1.8  71.1  21.7   2.4
  2.4  31.2  57.0   1.6
  1.3  32.7  16.6   1.5
  3.7  48.8  18.7   2.1
  3.7  18.2  69.5   2.3
  1.9  54.8  50.7   1.7
  4.1  27.7  78.4   2.1
  1.1  68.4  12.3   2.2
  2.6  15.4  54.8   1.7
  4.4  46.8  82.4   1.5
  3.9  32.6  55.2   2.0
  1.3  18.7  52.7   1.9
  1.3  53.0  48.9   2.5
  1.4  65.7  84.8   1.9
  4.2  15.4  31.9   1.9
  1.0  70.3  11.4   1.5
  2.8  44.4  22.4   1.6
  4.8  21.0  28.6   1.9
  2.1  73.6  32.6   2.3
  4.7  33.0  38.5   1.6
  1.9  33.9   6.1   1.7
  3.9  59.0  43.9   2.2
  4.0  17.2  14.6   1.5
  4.5  72.0  56.7   2.4
  2.8  65.9  12.3   1.7
  4.4  43.7  40.0   2.4
  2.3  62.6  83.5   2.3
  1.4  43.6  81.2   2.1
  4.5  28.9  53.8   1.5
  3.2  23.3  11.0   2.4
  2.3  46.2  56.7   1.5
  1.1  37.2  72.5   1.8
  1.7  30.9  60.9   2.2
  4.2  51.1  76.7   2.5
  2.8  63.9  61.5   2.1
  2.9  50.7  81.3   2.3
  3.1  29.0  77.9   2.2
  2.7  18.8  18.9   2.3
  4.1  45.5  40.9   1.7
  3.0  72.7  20.5   1.9
  3.7  20.0  41.7   2.4
  2.4  18.0  61.7   1.6
  1.7  71.0  64.7   1.7
  4.1  30.8  45.2   2.0
  3.8  23.2  14.9   1.7
  3.0  47.6  81.8   2.3
  1.6  26.9  51.6   1.9
  2.8  41.8   8.8   2.4
  3.0  54.4  90.9   2.2
  1.3  45.2  12.7   1.8
  2.7  37.6  14.4   2.3
  4.4  37.1   9.6   2.3
  2.9  37.5  77.2   2.4
  3.4  62.7  59.1   1.8
  4.0  35.0  91.3   2.4
  1.5  31.2  91.7   1.7
  4.1  58.1  54.8   2.4
  1.1  33.0  57.0   1.9
  2.1  48.8  15.9   2.0
  2.4  47.2  28.6   2.3
  1.2  44.5  79.2   2.4
  2.1  72.9  41.4   2.3
  3.9  41.1  10.3   1.7
  1.1  15.4  28.9   2.2
  4.1  69.1  35.4   1.7
  3.6  69.7   6.1   2.2
  2.3  24.6  49.9   1.6
  1.9  46.8  91.3   1.6
  2.1  48.3  40.3   2.3
  1.9  45.9  77.7   2.0
  2.5  53.6  21.1   1.9
  1.6  19.2   7.0   1.6
  4.8  34.4   7.1   2.4
  2.1  15.6  17.6   2.4
  3.7  63.1  32.9   2.1
  2.4  35.0  93.7   2.4
  3.2  32.5  18.4   2.4
  2.0  73.7  70.8   2.5
  3.8  35.5  35.4   1.8
  3.9  51.8  42.2   1.7
  2.5  50.4  22.9   1.6
  4.6  21.2  18.2   2.4
  2.8  44.9  67.4   2.2
  2.6  22.2  67.9   2.4
  1.5  24.3  72.8   1.9
  2.0  72.8  87.4   2.0
  4.0  43.5  60.4   2.0
  4.6  38.3  20.4   1.8
  4.2  71.1  88.8   2.3
  2.8  69.0  42.5   2.1
  1.8  51.2  25.4   2.4
  2.8  66.2  87.8   2.1
  1.9  71.2  56.9   1.6
  3.9  58.4  71.3   1.9
  2.7  68.5  61.1   2.5
  4.0  15.1  92.5   2.2
  2.1  34.4  59.5   1.7
  3.9  72.0  68.5   1.9
  1.7  39.0  93.3   2.4
  2.1  35.0  80.6   1.5
  3.4  54.8  83.5   1.5
  2.0  72.0  71.3   2.3
  4.2  42.2  81.3   2.5
  1.1  58.9   9.8   2.4
  2.0  36.5  13.9   1.6
  3.0  44.6  78.8   2.2
  1.5  50.7   7.2   2.1
  1.5  33.2  73.4   2.2
  2.6  31.8  14.6   1.5
  4.5  58.6  63.2   2.1
  2.9  28.7  35.5   2.4
  3.5  35.8  79.6   2.0
  1.1  29.6  46.7   2.4
  1.0  21.5  41.9   2.0
  1.0  72.5  60.2   1.9
  5.0  41.6  76.1   2.3
  1.8  23.9  80.1   2.5
  4.5  33.7  32.6   2.3
  1.8  23.9  86.3   1.5
  2.3  50.1  86.3   2.3
  3.0  22.0  27.5   1.7
  3.5  32.9  34.9   1.7
  4.6  39.9  34.7   2.3
  3.9  73.1  14.8   2.0
  4.3  16.6  66.4   2.2
  3.6  24.6  34.6   2.4
  3.0  59.3   8.6   1.6
  1.5  60.8  43.2   1.7
  2.9  40.8  86.1   2.5
  4.7  44.1  34.7   2.1
  2.6  61.4  86.8   2.3
  1.5  33.2  49.8   1.5
  2.7  32.6  68.0   2.1
  4.2  71.0  29.4   2.3
  3.0  33.5  32.6   1.7
  4.1  61.7  60.3   1.7
  1.3  50.3  23.7   1.9
  4.3  61.5  77.0   1.6
  1.1  57.8  12.0   2.0
  4.5  60.3  34.2   2.4
  4.3  42.1  54.3   1.9
  1.7  72.3  52.2   2.1
  1.5  40.9  65.8   2.5
  3.1  33.0  59.5   1.7
  3.1  44.5  80.1   1.8
  3.9  54.8   6.9   2.4
  1.6  72.3  35.5   1.7
  4.5  71.2  55.4   1.6
  3.1  23.7  69.8   1.9
  3.8  18.0  10.2   2.5
  5.0  67.6  22.2   2.2
  4.0  44.7   5.9   1.6
  1.4  19.2  47.6   2.3
  1.7  47.9  17.5   1.6
  2.3  68.8  28.9   2.4
  2.4  37.2  20.5   1.5
  2.7  44.5  11.4   1.7
  4.8  63.1  58.7   2.2
  1.6  18.1  57.5   2.2
  2.5  23.0   5.7   2.4
  3.5  59.2  10.4   2.3
  2.9  26.1  14.7   1.9
  1.3  60.7  53.2   2.1
  3.3  52.4  18.8   1.8
  2.6  15.3  30.9   1.7
  2.3  72.3  16.9   1.8
  2.3  50.7  46.5   2.2
  3.3  54.9  18.7   2.1
  4.1  73.4  82.7   2.1
  3.0  39.9  51.6   1.5
  3.2  40.4  62.9   1.5
  4.1  74.4  58.6   1.6
  3.7  63.6  58.1   2.0
  4.7  16.9  20.0   2.4
  4.5  70.1  85.1   2.3
  2.3  46.6  81.1   1.6
  3.3  70.9  76.3   1.7
  4.1  51.2  51.7   1.7
  2.6  28.9  45.6   1.5
  3.9  52.8  93.8   1.8
  2.7  18.0  58.8   2.3
  3.1  35.7  32.1   1.7
  2.0  58.8  39.7   2.1
  1.0  18.7  57.8   2.1
  2.1  47.7  14.4   1.9
  1.4  74.3  85.8   2.4
  3.8  43.7  75.3   1.8
  3.1  53.3  74.9   2.4
  2.9  58.9  32.1   2.5
  2.4  57.2  77.7   2.4
  1.1  30.4  77.8   1.7
  4.9  72.2  10.7   1.5
  3.4  62.5  90.1   1.9
  4.5  25.3  63.1   1.5
  2.1  66.9  15.0   1.7
  3.6  29.2  14.2   2.2
  1.5  64.2  79.1   1.7
  1.1  47.3  14.1   1.8
  4.0  73.3  65.8   2.0
  1.7  27.5  65.0   1.6
  1.3  33.7  78.1   2.4
  3.4  74.7  11.3   2.0
  3.6  18.9  40.3   1.7
  2.8  44.7  36.8   1.7
  4.9  50.4  17.8   1.7
  4.0  72.4  11.7   2.0
  4.8  53.9  32.4   2.0
  4.8  53.3  41.9   1.6
  1.4  73.0  68.8   1.7
  3.3  38.5  58.9   2.1
  1.7  71.2  14.3   2.4
  1.1  44.9  60.5   2.5
  3.2  66.9   8.0   1.9
  2.2  61.1  61.8   1.7
  4.1  57.0  25.9   2.2
  3.0  46.8  42.9   1.6
  3.8  63.6  60.7   1.7
  1.7  65.6  81.9   1.7
  1.7  43.9  67.0   1.6
  4.1  62.8  94.6   1.7
  3.3  71.6  64.2   2.1
  3.2  31.6  50.1   2.0
  1.3  43.6  50.5   2.1
  3.3  32.9  56.0   2.1
  2.7  58.2  74.4   2.2
  1.7  43.5  67.1   1.9
  4.9  61.6  48.7   2.2
  4.8  15.3   8.4   2.0
  3.5  16.8  50.9   2.0
  2.6  35.2  45.5   1.6
  3.2  31.0  17.6   2.2
  2.2  44.6  46.4   2.3
  3.8  42.9  13.8   2.5
  3.2  33.0  28.9   2.0
  1.5  55.8  47.3   1.6
  4.4  55.1  76.8   1.9
  3.8  32.2  48.5   2.1
  1.9  26.2  11.1   2.1
  2.2  34.1  73.9   2.2
  1.3  27.5  54.3   1.7
  3.7  63.8  73.1   1.9
  1.8  42.7  74.2   2.3
  4.4  54.8  35.0   1.5
  3.3  27.7  43.8   1.8
  4.8  71.6  52.5   2.4
  1.9  27.4  84.7   1.6
  1.3  19.4  69.5   2.3
  4.9  54.9  17.5   1.7
  4.6  34.9  47.7   2.1
  3.6  66.4   7.1   1.6
  1.4  66.3   9.0   1.9
  2.0  68.8  79.6   2.0
  1.6  54.6  94.2   2.4
  1.3  38.9  12.9   1.6
  4.0  65.1  70.4   2.2
  2.5  66.7  72.3   2.4
  1.3  52.8  44.4   2.2
  2.7  27.0  65.3   2.3
  1.1  64.7  13.5   2.0
  4.6  42.8  89.8   1.7
  2.6  73.5  13.0   1.9
  2.2  47.5   8.7   2.4
  1.7  16.3  66.5   2.1
  4.9  15.7  70.1   2.4
  1.3  41.2  49.7   1.9
  1.0  70.6  32.3   2.4
  2.3  68.5  30.0   1.8
  2.3  41.8  55.4   1.8
  4.2  22.0  18.9   2.0
  2.7  29.1  78.6   2.3
  4.9  45.2  40.8   2.1
  2.2  48.4  58.5   1.7
  4.2  31.9  44.2   2.2
  4.3  69.5  60.9   1.6
  1.3  55.0  25.7   2.2
  1.2  55.2  34.5   1.8
  3.6  17.9  18.8   2.5
  4.8  50.2  23.8   2.1
  2.7  19.5  28.5   2.4
  3.9  31.8  72.6   2.3
  2.1  40.8  38.0   2.4
  3.1  64.7  34.6   2.3
  1.8  27.6  29.6   2.5
  4.7  28.6  90.3   1.9
  4.4  45.2  47.8   2.1
  3.8  57.7  91.5   2.3
  1.7  47.9  75.4   1.9
  2.9  33.1  41.4   1.7
  3.3  38.6   7.2   2.2
  3.4  26.0  75.0   2.0
  4.9  42.2  74.5   1.7
  4.2  18.7  30.2   2.1
  1.4  53.6  45.7   2.4
  1.2  70.6  83.0   2.0
  3.4  65.1  64.9   2.4
  4.1  49.5  12.0   1.8
  3.9  46.2  31.4   1.8
  4.8  35.6  68.8   2.4
  4.2  42.5  39.2   1.7
  2.6  48.1  19.8   1.9
  1.8  50.0  90.3   2.3
  3.9  48.4  69.6   2.4
  1.9  36.7  89.9   2.1
  1.1  65.1  50.2   2.3
  3.9  27.2   8.1   2.2
  1.2  30.6  26.3   2.4
  2.6  17.9  67.9   2.0
  4.0  74.7  69.8   1.6
  1.3  61.5   7.4   1.6
  4.6  18.6  64.3   2.0
  2.3  45.5  31.1   2.0
  3.4  51.6  90.3   1.8
  3.2  34.0   9.0   2.2
  2.3  32.6  39.9   2.1
  3.8  43.4  30.4   2.3
  2.6  62.3  17.9   2.3
  4.3  27.5  28.2   2.0
  3.5  38.8  65.3   1.7
  4.9  42.7  16.1   2.0
  3.4  52.1  31.4   2.0
  3.9  37.6  81.2   1.7
  1.8  41.2  41.7   1.8
  4.4  28.0  51.3   2.1
  4.9  37.3  52.9   1.5
  1.8  39.6  60.7   2.2
  3.0  41.7  74.6   1.8
  3.4  54.2  38.8   1.9
  2.1  20.3  94.1   2.3
  4.3  49.3  49.3   2.4
  4.3  63.0  43.6   2.0
  1.9  37.4  75.9   1.7
  4.4  46.5  64.5   2.4
  2.5  22.0  86.0   2.3
  1.9  68.5  79.3   1.7
  3.0  46.0  42.5   1.6
  3.1  27.2  53.3   1.6
  3.5  17.0  45.1   2.3
  4.5  30.3  43.9   2.4
  2.2  40.9  50.4   1.7
  4.3  15.4  38.1   2.2
  3.4  34.8  16.5   2.1
  2.9  32.1  12.6   2.0
  2.3  45.7  40.1   2.3
  2.0  57.2  33.8   2.2
  4.1  72.4  59.5   1.9
  2.9  24.9  48.1   2.4
  4.6  31.5   8.7   1.6
  4.6  25.0   7.7   1.9
  1.2  65.5  21.9   1.8
  2.9  46.0  19.2   1.8
  4.1  68.8   5.5   2.2
  1.3  52.2  93.6   2.2
  4.4  67.1  23.4   1.7
  1.1  18.0   9.9   2.1
  3.9  68.4  17.3   1.7
  2.3  51.5  32.3   2.2
  2.0  47.3  51.7   2.0
  4.6  56.1   7.8   1.9
  4.3  54.3  33.2   1.7
  2.7  34.9  49.8   1.8
  2.5  33.4  44.4   2.2
  3.6  64.0  76.9   2.1
  1.0  46.4  47.1   2.2
  3.6  43.7  26.3   2.1
  2.3  24.9  17.7   1.5
  2.5  55.6  83.3   1.8
  4.6  23.5  29.0   1.9
  4.3  22.9   9.6   1.6
  1.1  29.1  64.4   1.9
  3.8  28.5  66.3   2.4
  3.2  20.2  57.2   2.0
  3.8  42.6  15.1   1.6
  1.4  53.0  46.0   2.5
  1.8  30.5  94.3   2.2
  1.7  32.5  83.2   1.9
  1.3  64.5  68.4   2.4
  1.4  50.3  38.8   2.1
  1.4  49.4  34.8   2.3
  4.1  34.9  88.9   1.7
  4.7  51.4  93.7   2.4
  1.9  66.2  13.7   2.0
  1.4  49.0  34.8   1.8
  1.4  49.9  60.5   2.1
  3.7  71.5  32.8   1.9
  1.8  23.5  19.4   2.0
  3.1  57.9  67.1   2.3
  4.3  32.2  26.4   1.8
  2.8  67.2  89.5   1.6
  1.5  40.8  59.0   1.5
  4.5  59.0  79.6   2.5
  2.7  23.4  28.7   2.4
  4.6  17.6  50.2   2.0
  3.3  65.2  78.7   2.1
  2.0  25.0  22.2   1.7
  1.1  46.2  57.7   2.2
  2.0  15.1  27.6   2.5
  3.1  61.3  40.1   1.9
  1.8  71.1  94.9   2.5
  4.2  48.6  50.7   2.3
  4.3  16.8  34.9   1.8
  2.6  25.4   6.9   2.4
  2.4  38.1  29.3   1.7
  1.3  55.5  20.4   2.1
  1.6  72.3  10.5   2.2
  3.8  34.3  36.4   1.7
  1.1  64.5  85.1   2.0
  3.9  27.2  53.1   1.7
  1.1  27.5  60.3   2.2
  1.4  74.9  59.2   1.8
  3.7  44.4  35.9   1.6
  4.7  32.6  25.7   2.1
  4.0  58.7  77.7   1.6
  3.1  15.1  65.2   2.1
  4.0  52.7  93.5   2.0
  3.0  65.6  69.3   1.6
  3.0  35.8  11.8   1.8
  2.5  38.0  90.7   1.8
  1.0  27.1  79.1   1.8
  3.9  72.4  71.3   1.9
  2.8  56.6  68.2   1.6
  1.0  31.3  81.2   2.0
  2.8  56.8  84.6   2.0
  4.6  71.9  77.4   2.0
  1.6  55.4  37.2   1.8
  2.6  45.7  87.6   2.1
  2.4  18.4  79.4   2.3
  4.0  73.7  75.8   2.0
  3.0  15.9  57.9   2.0
  3.6  18.8  56.2   2.3
  1.2  58.7  31.7   1.5
  3.9  42.4  21.2   2.0
  3.4  55.6  59.1   2.0
  3.2  35.9  23.2   2.2
  3.8  32.2  93.6   2.3
  2.3  23.8  58.2   2.3
  3.7  67.9  86.7   2.3
  3.2  64.2  73.0   1.9
  4.4  24.0  37.9   2.3
  4.0  38.9  23.4   2.2
  3.2  65.9  93.4   2.0
  1.4  19.3  47.5   1.9
  2.8  59.4   7.3   1.6
  3.4  44.4  20.8   2.4
  2.1  21.8  77.5   2.2
  3.6  54.1  66.7   2.3
  1.8  44.7  24.9   2.2
  4.2  25.2  73.3   2.0
  4.6  71.9  72.5   2.1
  2.7  35.0  18.5   2.4
  4.2  65.9  28.4   2.1
  2.3  23.0  28.1   1.6
  1.6  57.6  89.8   2.4
  1.9  40.7  67.7   2.3
  3.6  20.3  49.2   1.5
  4.1  34.1  71.1   1.9
  2.2  65.7  20.4   1.8
  1.7  43.7  44.5   2.0
  1.1  21.2  55.7   2.1
  3.5  30.2  55.7   2.3
  3.5  69.6  35.7   1.6
  3.6  32.5  89.6   2.0
  1.4  36.8  42.4   1.6
  2.5  63.7  31.4   1.7
  1.6  55.4  74.1   2.2
  4.8  43.2  39.1   2.2
  3.0  21.6   7.7   2.0
  3.5  50.5  29.7   2.2
  3.5  40.0  24.4   2.1
  3.5  52.6  53.5   2.1
  4.0  38.5  45.1   1.5
  4.7  40.6  66.5   1.6
  4.6  57.6  81.4   2.3
  1.9  54.8  27.0   1.6
  4.9  61.4  56.8   2.0
  3.4  31.7  15.7   2.2
  0.2   0.4   0.2   0.4   0.3   0.3   0.3   0.4   0.2   0.4   0.2   0.3   0.2   0.4   0.3   0.3   0.4   0.4   0.3   0.4   0.4   0.3   0.3   0.4   0.4   0.3   0.2   0.3   0.2   0.3   0.4   0.2   0.3   0.3   0.4   0.4   0.3   0.2   0.3   0.4   0.3   0.3   0.3   0.3   0.3   0.2   0.3   0.2   0.3   0.4   0.3   0.3   0.3   0.4   0.3   0.4   0.2   0.3   0.2   0.3   0.3   0.3   0.3   0.3   0.4   0.4   0.3   0.3   0.3   0.3   0.3   0.3   0.2   0.4   0.4   0.4   0.3   0.2   0.3   0.3   0.4   0.4   0.2   0.3   0.2   0.3   0.3   0.3   0.2   0.2   0.2   0.3   0.4   0.3   0.3   0.4   0.4   0.3   0.4   0.2   0.2   0.4   0.3   0.2   0.3   0.4   0.3   0.2   0.3   0.2   0.4   0.2   0.3   0.3   0.2   0.3   0.4   0.2   0.3   0.2   0.4   0.3   0.3   0.3   0.2   0.2   0.3   0.4   0.3   0.3   0.2   0.2   0.2   0.3   0.4   0.4   0.3   0.3   0.3   0.3   0.3   0.2   0.3   0.4   0.3   0.4   0.2   0.4   0.2   0.3   0.4   0.3   0.3   0.4   0.3   0.2   0.4   0.4   0.3   0.3   0.4   0.2   0.2   0.2   0.4   0.2   0.3   0.2   0.2   0.4   0.2   0.2   0.2   0.3   0.4   0.4   0.4   0.3   0.3   0.3   0.2   0.2   0.2   0.3   0.4   0.2   0.3   0.3   0.3   0.4   0.3   0.4   0.3   0.3   0.2   0.3   0.3   0.2   0.4   0.3   0.2   0.3   0.3   0.2   0.2   0.3   0.3   0.3   0.3   0.2   0.2   0.2   0.3   0.2   0.3   0.2   0.3   0.2   0.2   0.4   0.2   0.3   0.2   0.3   0.3   0.4   0.4   0.3   0.4   0.3   0.4   0.3   0.3   0.3   0.4   0.4   0.3   0.3   0.2   0.4   0.3   0.2   0.4   0.2   0.2   0.4   0.3   0.2   0.3   0.2   0.2   0.3   0.4   0.3   0.2   0.2   0.3   0.3   0.3   0.3   0.3   0.3   0.3   0.2   0.3   0.3   0.4   0.3   0.3   0.3   0.3   0.3   0.4   0.3   0.3   0.2   0.2   0.3   0.3   0.3   0.4   0.3   0.4   0.2   0.2   0.4   0.3   0.4   0.4   0.3   0.3   0.3   0.3   0.2   0.2   0.2   0.3   0.3   0.3   0.3   0.4   0.2   0.3   0.3   0.2   0.3   0.4   0.4   0.3   0.4   0.2   0.2   0.2   0.3   0.3   0.3   0.3   0.4   0.2   0.3   0.3   0.2   0.2   0.3   0.3   0.4   0.3   0.2   0.3   0.2   0.4   0.3   0.3   0.4   0.2   0.3   0.3   0.2   0.4   0.3   0.2   0.2   0.2   0.3   0.3   0.2   0.3   0.3   0.3   0.2   0.3   0.2   0.4   0.4   0.2   0.3   0.3   0.3   0.4   0.2   0.2   0.3   0.3   0.2   0.4   0.4   0.4   0.2   0.2   0.3   0.3   0.4   0.3   0.3   0.2   0.2   0.3   0.2   0.3   0.4   0.2   0.4   0.4   0.4   0.2   0.2   0.3   0.3   0.2   0.3   0.4   0.4   0.4   0.4   0.4   0.3   0.2   0.4   0.2   0.2   0.3   0.3   0.3   0.3   0.2   0.4   0.3   0.2   0.3   0.3   0.3   0.3   0.3   0.4   0.3   0.2   0.3   0.3   0.2   0.3   0.4   0.2   0.3   0.3   0.2   0.2   0.2   0.2   0.3   0.3   0.3   0.2   0.3   0.2   0.3   0.3   0.3   0.4   0.2   0.3   0.3   0.4   0.2   0.3   0.2   0.2   0.2   0.3   0.3   0.3   0.4   0.4   0.3   0.2   0.3   0.2   0.3   0.3   0.4   0.3   0.3   0.3   0.4   0.4   0.3   0.4   0.3   0.3   0.3   0.3   0.3   0.2   0.3   0.4   0.3   0.3   0.2   0.2   0.3   0.2   0.4   0.2   0.3   0.4   0.2   0.3   0.3   0.4   0.3   0.4   0.4   0.2   0.4   0.3   0.2   0.2   0.3   0.3   0.2   0.4   0.3   0.3   0.3   0.3   0.4   0.4   0.3   0.4   0.3   0.3   0.3   0.4   0.2   0.3   0.4   0.4   0.2   0.3   0.3   0.4   0.4   0.2   0.3   0.3   0.4   0.4   0.2   0.2   0.2   0.2   0.4   0.2   0.2   0.2   0.2   0.3   0.2   0.2   0.3   0.3   0.3   0.3   0.4   0.3   0.2   0.3   0.3   0.3   0.4   0.3   0.2   0.2   0.4   0.4   0.3   0.2   0.3   0.3   0.2   0.3   0.2   0.2   0.2   0.4   0.3   0.2   0.2   0.2   0.4   0.2   0.3   0.2   0.3   0.3   0.3   0.3   0.3   0.3   0.2   0.3   0.3   0.3   0.4   0.2   0.4   0.4   0.3   0.3   0.4   0.3   0.2   0.3   0.4   0.4   0.3   0.3   0.2   0.2   0.3   0.2   0.3   0.3   0.3   0.3   0.3   0.4   0.3   0.3   0.4   0.3   0.3   0.3   0.2   0.4   0.2   0.3   0.3   0.4   0.2   0.2   0.3   0.2   0.4   0.2   0.2   0.4   0.3   0.2   0.3   0.4   0.2   0.2   0.4   0.4   0.3   0.3   0.3   0.3   0.4   0.2   0.3   0.2   0.4   0.3   0.3   0.3   0.4   0.4   0.2   0.3   0.2   0.3   0.3   0.3   0.3   0.3   0.2   0.4   0.2   0.2   0.3   0.3   0.3   0.2   0.2   0.3   0.2   0.2   0.2   0.3   0.3   0.3   0.3   0.2   0.2   0.3   0.3   0.4   0.2   0.2   0.4   0.3   0.2   0.4   0.4   0.3   0.4   0.2   0.3   0.2   0.3   0.3   0.3   0.4   0.3   0.3   0.3   0.3   0.3   0.3   0.2   0.3   0.4   0.3   0.2   0.2   0.3   0.4   0.3   0.4   0.2   0.2   0.3   0.3   0.4   0.4   0.2   0.3   0.4   0.2   0.4   0.2   0.2   0.2   0.2   0.3   0.3   0.4   0.3   0.3   0.2   0.4   0.3   0.4   0.3   0.4   0.3   0.3   0.2   0.3   0.4   0.2   0.3   0.3   0.4   0.4   0.3   0.4   0.3   0.2   0.4   0.3   0.2   0.4   0.3   0.4   0.3   0.3   0.3   0.4   0.3   0.3   0.3   0.4   0.4   0.3   0.3   0.3   0.2   0.2   0.4   0.4   0.4   0.2   0.3   0.2   0.2   0.4   0.3   0.2   0.3   0.4   0.4   0.3   0.4   0.2   0.2   0.3   0.4   0.2   0.4   0.3   0.3   0.3   0.3   0.3   0.4   0.2   0.4   0.3   0.3   0.4   0.4   0.4   0.3   0.3   0.3   0.3   0.4   0.4   0.2   0.3   0.3   0.4   0.4   0.2   0.3   0.2   0.3   0.2   0.3   0.2   0.2   0.2   0.3   0.3   0.2   0.2   0.2   0.3   0.3   0.2   0.4   0.3   0.3   0.4   0.3   0.4   0.3   0.4   0.2   0.3   0.3   0.3   0.3   0.4   0.3   0.2   0.3   0.4   0.3   0.4   0.3   0.2   0.4   0.3   0.4   0.3   0.2   0.2   0.2   0.3   0.3   0.3   0.3   0.3   0.3   0.3   0.2   0.3   0.2   0.3   0.2   0.2   0.3   0.3   0.4   0.3   0.3   0.4   0.4   0.3   0.4   0.2   0.4   0.2   0.2   0.3   0.4   0.4   0.3   0.2   0.3   0.3   0.4   0.3   0.4   0.4   0.2   0.3 
  109    87    88   167    34    18   140    29   172    39   161    21    87   121   171    25    36    39   121    48    76   137    24    20   114   143    56   164    53   142   100   156   159   104    34    22    83    27    90   144   173   156    42    65    66   165    47   149   114    73   115     3   106    97   105    22    30   135    35    93     5    48     7    91   112    50   164    43   143   124   148    22    24   174   134   113   169    88   170    63   143   162    82   134   154   175   177    14    16    51   141   159    22    22    59   133    26   125   176   179    34   145   120    13    38    71    24   146    16    10    13     7   136   167    66    59   119   124    15    14     1    87   115    32   101   127    11    56    56    30   119   139   108   136     7    18   107     8    37   100   149    61    68   109    21    76   161   170   130     4    23   122    36    85   145    39    28    81    19    58   124    69   142    51     2    69   157    33   139   140   171    82   162    46    96    42    27   140    57   103   153    79    88     7    72   112    57   102    88   107     3    48   103    26   148    26   179   133    83    79   117    57    40    12   104     7    35   124   106     8    48   135    41    37   148   155   134   123    74   153    34   124    61    92   157    13    70    36   110   171   160   131    17   133    50    41    51   137   157   133   104    16   147     1    55    60    23   141   171   148    81    70   149    88    49    42    63   129   124    97   121    93   118   136    81    93    97   106   152    18    72    24   157   113    70    47    77   133    89    53   117     5   161    39   179    60    64     5   178     4   141     6    36   157    37    18   121    53    99   130    81   103   149    72   144    50     5    89   179    85    24    44   106    17    34   178    60    53    50    89    17    41   160    48   114     2   161   162    57   180   102   106    10   121   132    57   145    51    38   159   163   130    74    81   101    96   145    12    97   129    25    54    69    68    68    29    48    75    10    79    54    86    57     3    40   174   157    87    12    95    42    39   107    91   112    74   156    43   144    14   146   125   160     2    25    65    35   155   124    89   136   125   178   135    78    91   123   152     7     8   176    60   115   126    56    81    71   132   107   152    67    66   111   126   100    85     2    33    58   100   164   171   144   115    78   114   109   156    60   160     7    18     6   166   105     2    61    33    17    95   110   106   111    46     5    36   163   118   174    91    91    83   125     5    92   161   173    64   171    94    42    53   145   117   117   129    24    95   140   119    39    43   139    68   125   162   173    74   128    65   146   118   147    33    91   105   129    57   167    40    64    12   172    38    20    68   149    26    21   119   170   131   158   109    59   115   134   145   143    74   154    69    92    22     6   152    38    88   108    75    20   176   140     3    86    19   131    36    27    85    68    25    55   105   174    55   116    83   120   106    52   161     6   144   159    89   165   141    94    50    36    78   103    58   136   169    20     5   173    40    98    64    51    74   156    96    99    47    71    37   127   106   123    31    11   114   132    75   179    99    46    12    56   101    95   130   112    42   121    78    82    90    52     8    67   162    42   112   155    28    56    68    64   173     5   132     1    91   167    87   105   162    29   143    70    63    31    76    12    51   132     5   120   111   148    51    26    24   144   113   168    33   122   114    62    84    56    32    65    22   170   102   132    62    51    35    97    45   173    47    50    16   126   114    68    47    97   176   109   170    18    87   130   167    25   138    27    88    23   140    72    43   170    40   125   130   102   170   134    22   133    50    91   139   131   127   153   142    99    99    73    45    41    68   144   139    75   139    94   158     6   178   139   106   124    82    18    42   108   108    28   134     7   113    78   120   168   125   174    24     5   112   115   150   106    11     4    90   138   116    14    29   100   176    44   173    58   152   158   165     9    54    10    75     1   139   173    54    98    35   144    93   109   165   109    41   173    80    78    81     2   155   173    42    75   165    25   109    88    57    87   139    58   158    53    39    91    88    16   145     5    29    65    36    68   161   113    63   147   155   167    46    48    28   170    53    93    17    91   152   176    17    52    98   129    52    82    88    42    37   134   171   128    77    17    10   175   161    94     1   168    12    13     5    39    76   170   153   171    97   126    61    13   106   144   165    47    54   122   146   100   157   140    27    49   175    96    79    68    95   104    89   117     5    77    81    37   160   110    35    75   131   135   177   109   168    28   135   129     6    54    72    80    45   177   173    46    40    11   123    90   177   109    38     6    39   135   135   178   171    21    45   105    20    12    51   112   149   144    41 
   32   119    94    12    26    92    40    51   158    97   115    29   174    15   179   115   180   134    50   140   165    68     5    78    93    92    85   124    80   110    59    14     8   119    35   133   148    42    89   107   110    10   139    59   128    95   100    64   139    86   152    22   162    95    82    27   117   135    78   113    67    82   109     2    31   125    78   122    15    39   134    18    57    52   143    20    81   146    52    61   176   160    95   155     2   103   147   102    44   129   151    63   145   156   150     3    22    67    85   144    92   147    88    86   124    23    12    50   138    29    80    49   171   138   156   116   134   113   168   134    65    97    74    27   162    70   164    21   129   118    57   166   162    58    75   136   151   156    42    10    55   152     4     5    36    47   175     8    77    45   111   130   107    87   119    12   165    66   170    29   166    94   164   158    67    29    10   160    68    39    69   179   143    54   113    50   162   122   139   117   136   156   156    90    57   112    18    74   139   125   161   140    82    64   171     6   131   163   138    84   127    11    27    71   167    69    68   176    34    46    94    18   166     5     3    74   147    67    77   153     5    29    80    61    77   128    81   145    48   143    71    69    34   120   155     5    55    74   114    37    32   133   131   156   174   107   107   180   112    95   140   146   169   137   136   135    10   154    44   152   119   175    74   160    74    22   116    12    87   121   150    42   145   117    98   125    40    76    92   121   170    30     4    41    85    71   164   136   161   180    83   148    82   143    74    95    80    44   103    39    45   100    24    78   172   128    50   145   159   174    39    31   132    47   146    51    11    13    94    59   131    59    80    89   150   150   113   160    50   137    55    45    54   133   179    57   107    17   131    68    15   114    25    33    76   179    37   154   160    98    18    60   172   169    67    94    91    18    11   125   112   167   172    79    98    41   127   140    62   106    74   144    40   145    91   170    42   103    14    43    67    44   144   116    88    35    17    28   152     5   158    11    41    27   150    64    53    59   166   159    75    14    38    42    23    85   139   138    16   120   118    51     9   131     4    92   137    66   102   111    15   130   143    91    83   148    80    57   163    13    52    78   151    28   116   178    78    91   106    17   178   178    10    20   111   118    19   101   180    18   137    25   130    29    36   129   180   141   180     5    49    81   108   162   131   170   149     1   101   168    69   175   124   135    95    26    40   110    66   172    57   146    29     7    44     1   106    39   165    83    99    70   159    63    21    60    63    32     7   158   120   120   136    16    40    43   139   148   120    26   117   116   157    37   136   115   146    12    25   127   166   121   158   152   120    13     3    66    53    87   106   154    37    50     4    40    66    13   165    18   139   147   152   135    86   124   151    82   176    61   149   107   172    52    17    85    88   160    96    47   149   124   166    20   102   147    63    62    76   161   137   114   119   107   108    36   153    10    40   100    59   172   137   157   173   101    70     2    26   145    34    88    38   140   142    42    52   119   129   116   120    89   102   169   134   176   101     2    65   115   121   124    58    65   108    18     5     3    31   170    44    21     8    14   139    36    68   166    46    67   118    77   109    59   176     1    34     6    38   115    79    77    35    88   161    32   160    43   165    14   162    49     4    92   144   102   161    55   100    49   158   178    95    90    78    90    27   175    71    63   119   114   113    97   170    80    13   165    28    18   159    32    28   158    42    55   137   139   120   144    82   135   174    65    68    21    89    52    58   137   168   128    71   174    16    72   153   112     9    76   105    19   149   112   127   144     1    24   174    39   129   150   170    34    30   106    95    78    71   156   179    38    19    28    24     6    24    67    37   110    25   110    33   169    87    89   145    24    79   123   111    73    57   150    63    53    93    26   133   132    17    30   123   168   108   102   118    79   139   149    50    65    14   143    92    65    56   178    32   157    48    13    63    96    70    19   143   109    95   112     8    54   133    18    56    54   101     5    93    50    34   133     6   164    67   136    70   163    19   114    83   126   156    33    73   165    24   151    17   105    67   179   144    20    16   162    55   162    42   122   151    74   151    68    29   175   161   176    85   144   174    92   117    65   115    79    45    10   149    34    38   118   127   111   103    18    28    58    15   169   111    91   161    14    40    63   154   153    63   153   152    18    80     2   172   169     9    13    51     5   127    29   102   114   124     3    33   163    84   121    71    47   104   162    35    69    93   160    70   136 
  138    56   155    56   151    48    75    85   135   103   145   162    23   122    47    29    76    42    15   172    76   144   135     5    71    78    10   153    96   169   171    36   118   164    22    13    30   116   157    39    92    90    94   156   119    65   124   106   130   127   145   102   131    51    54    19   125   145    73    95    14   178    67     2   172   127   118    78   168    13   124    72    64    89   143   124    94    88    27   106    50   142   164    64    60    55   174    29    20   122   118   154   153    25    84     6    63    41    52    95   158   113    84   125    40   178     4    27    71    55    88    84    49    67    11    59    15    77    87   124    44    67   158    78    73    48   104   105    18   101   120    30     8    19    93   125    94    70   164   135    94    52    54   148    98   112   174    96   156   111   150   136    53    40    80    43   112   121    82   159   154   142    19    62   120   103   135   163   134   147    87   172    80    81   129     6    44   154    81    48    62   169    80     7   149     6   137    50   133    46    14   135    51   168   171   154   107    98   175    67    54    96    19   132   126    95   169     3   115   171   113    63    94    99   140    24    32   107    84   152   137    11    25     4   107    54    40    64   145    78    17     8    37    20   111    56    73   177    29    92   109    80    94   173   138    35   151    23   111   117    24   104   148   177    45   166    86   111    53   179   104   109    91   177     7   144   115     9   141    22    23    49   131   171    26    36   125   174     6    65   135    94    88   159   140    45   171    87   143   163   136    60    89    84    24    96    66   117    99   151    21    88    97    95    74   144     6    74    53   137    10   105    27   160   166    42   149    65    94    10   138   177    59   154   130    96   177   150    95    86   158   160   120   135    30    77    81   133   125    62   178     6    19    20   150   138   164   131    41   134    87   127    53     9   131    77   103    37    74   103    53    38    28   155    64   142   156   131    64   111   135    43   117   110   174    52    18    69   109    80    49   101     2   171     3    58   120   171   126     1   138    96   174     4   163    31    74    63    16    94    46   111    94   149    45   159   123    64    37    38    19    80   105    93   128   154    49    56    45    45   150    63   154    17   167   179   179     6    42    17    34    10    61   146    55    34   174   106    45   160   123    90    76    35   122   129    86   135   103    32    10   105   161   129    53   115   175   144     1    94   116    84    37   153    67   104   135     4    40   155    47     8    48   151    25    30    92   175   140    85    36    27   131   153    99    27    28    42    55   152    42   138    14   168    88   150    26    90    75    26   174   173   154   179   142   126   103    78    62   117    79    34   142    65    27    44    96   163    53    54    77   121   166    80   122   130   148    16    69   167   120    52   161    97   136   115    53   153    18    73    37   120    69   163    17   143    68    60    10   179    32   119    40    88   155    29    32   103    56   147    58    98   102    71    78   166   159    31   142    82    85    67    92   113    60   151   128   154    71    40   180    28    44   179   150    51    33    36   167     2   141   106   153   108     4   139    30   137   152   146   178    86   160   114   150    46   102    26   100    86     7    42    97   163   125   151    29    95    40    54   115    84   169    94    17   113   161    99    21   133   103     7   153   142   141    95   171     5   109    51   156   136   103    97    40    50    36   104   161   138   144   174   107    36    15    79    85    96     7   174    16    45    19    32   156   123    50   164   164    15    79   117   113   157    86    60   168   120    75    14    66    86    17   133   163    19   167   128   102    40    20    81    41   172   122    59    64   156   173   109    77    23   127   139    19   158    75     1   180   146    54    58   161   132   145    54   148    60   135   149    28    61    74    69    10    54   106    83   120    91     8   130    73    99   138   161   153   106    14     8    48   144   115    98   157    34   125    22    63   158    90   105   157    20    32    66   123   118    71   180    71   147   116   130    62     9   160   115   125    36   126   163    81    32    61    82     1   124   144    49   174   137    92    67   178   118   113    22   170    59    76    72   166    76   121   123   180    40    96    28    59    58   167    22   152   107    59   158    77     9   129    10    71    97    43    48   145    81    74     9    27    33    79    37    34   134    37     5   138    75    85   171   100   175    92   165    34   136   146   106   180    16   138    38    39   111   104    10    92    16    49    73   114   120    35    90    74     3    56    59     5    43    42    68   162   152    59    21   139    56    48   126    37   180    25   117   164   109   162    19   179   138   123    63   106    61    84   140   116    93   109   145    42    62   129    39    74     8   170   142 
  162    47    60   126   129   141   113   124   157    14   132   130    37    84    26    54   140   172    37    33   129   161   137    51    98   164    90   100    70    88   102    73    68   103    28   129     4    61   148    75    21   172    36   129    63    79    67   139    13   159   172     9   153    13    39   122    84    14   141     3   174     3    41    73   145   101    99    83    36    71   167    53    40   101    41    59    59   168    61    20    98   160   112   146   112   164    32    82   179    87   151    72    77   145    25   113    53    55   170    92   162   105   105    26   157   125    72   123   128    80    95   169   135    70   115    21     6    13   163    81   168   114   109   120    63   131    77    56    94    77   169   152   103    32    52   133    34   131    11   106   171    30    87   142    50   142    92   110    34    24    48   132   104   178   168   117   151   175    63    35    43    17    82    99    50    84   116    58    26    12   161    88   139     9   100    17    38   124    65    64   103   131    99    80   138   101     7    37     7   173   154    21    74     6    67    42     3   154   109    45   137    95    31    34    48   109   102   168   157   114   155     2   130   159    66     2    35    97   175   123    14   115    56    35    13    70   124   124   118    55    84   175   172   178    28    22    56    60    17    79    14    34    99   150    43   157    27   143    38   137   120    80    96   166    87    60     5    16   100    88    52    19    28   150   142    86    41   100   104   123   172    26   155   177    46   107    76    47    86   139    19   178   124   104    11    20    49    56    80    82    83   114    34    87    98    64    67    23   179    19    62     9   136    55    78    31   125    13    11   121    62    90   140   137   149   165   164    73   174     2   149   142    40   168    32    14   179   174     7   124    74     9   171    86   129    18   131   165    44    58    70    51   113    57   147    66    71   115   175    50    61    85    51     8   119     1    48    97     7    68    34    97    69   111     1   155    76   175   128   141    45   151   110    93    34    46   103    39    81   109    89    69     8    81    46   117    55   134    29   120    71    39   111    50   128    79    52   158    16    78    13   140   131     2   141    85    22    41    55    41   179    62    90   109    89    10    80   138    86    99   132   142   173   148   102   129    91    34    24   102    69    64   108    32    69   153   144   135   136    62    59   180    24    70    89    27    38   152    59   179    87    34    74     6   111   110    46    87   152    92   109    27   164   124    68   147   168    85   171    62    44     4   110   163   175    95    32    37   171    44   130    55   161    13    44    23   112    99    91   179    43    52   100   117    34   146    19   168    97    89   176    51    12   124    83    38    80   180   148   168    53    82    89    34   148    59    68    92   163    56    11    75   160     1    38    30    77   148   154    70    74   156    33    48    54    58    17    65    87    79    53   124    41    36    34   120   175   149    35   143   103     8   108   108    21    47   163    53    94   125   110   113   117    86    50   104   125     7   106    59    31    59   101   152    97   158   127    98    27   151    81    54    68   137    42   168    80    14    23    67    26    65    94   149    98    74    98   165    45    70   178    79    84    44    40    30   163    32    82   145    62    42   138    67    82   166    55    93    94     5    15    93    94   123    89   157    23     3   110    11   123   168    73    95   119   115   142   149     1    29    20    65    29    99    53    20    93    73    33   144    45   168   162   126   167    26   119     4   104   114     4   132    95   128    85    87    77   144   113   171     1     9    53   148    38   106    50    60    55   133    78    83   136    12    26    97     4     8    58    48    24    42   179    87   113    20    36   153     7    56    27    69   175   135    51   136    39   143    30    50   132    90    80    10   154   132   113    47   111    30    54   102   116   145     1    77    45    25   128   117   140    86    13    72    55    89   105    21   103    54   113    65   170    21   101    41    97    56    86   175   119    58    59    62   104    99    73    94   136    11    12     5    83    81   106    31   146   128    53   151   165   163   177    75    64   176   139     7   107    52   156    95   156   173    60    55   180   180   140   165     5   103    73   158    68   105   173   177   177    22   104    91   134    56   116   178    93    73   103    33   148   132   108   148    92   107   119   179    16    78   126    12   139   157   122   102    10   116    24   115    28   123    96   144    54   146    40     7   107    92    15    69   144   133    42   157   103    13   150    91    13   174   112    37   137    72   178    23    95   174   175   157   137    66    12    63    37    93   116    89   109   115    80    64   137   180   112    48   130    95    36     4    75    39    18    39   133    30    77    51   149    39   176   119   157    78   131    56    52   114 
   80    11   120    45   138    60   137    65    95   121   157    21   176     8     6   153     8   148    56    36   129    91   131   151    47    13    10    27    46   154   123   148    75    26   150    74   127   152   145    11   124    42   103    54   176   120    84    61    93   167    96   117    35   158    34    44    23    95    65   171   156   174   152    70    81    80    82    81    21   173    74    12    69    64    97    56    49    31    33    98    99   108    32    64   135    75    36   123    47    55    90    26    59   131    52   102    98   139     9    75   162   135   131   121     1    81   170   166   132    80    27    88    19    44   105   117   120    88    79   104    20   145   176    90    81     1   128   150    14    47    63    46    55    59   175    13   117   158   138   106   126   117   107   177   156    83    73    21    55    34    71   140    66   132   118   139    29    54    19   132    95   148   178    79     1    95   122   147    25   125    87    15    17    67   174   127    41   148   150   122    68    50    40    36    60   130   175    32   130    48    27     5   152    83    87    30   143   172   145    63   110   134    64   126    30   169     3    40   113    93    13   131    72    91   165   138    44    34   174   103    19   111     3    46    57   156   125    34   159    12    60    36   135   134   143   132    77   136     8   138   124    34   111    59    38    71    87   166     1     9    85   128    64   177    50   149    98   132    45   169    44    66    99    84    31   145   173   162    68    64    12    89    49   144    43    79   120   179    20    83    30   162    38     2   160   176    70   125   129   102   150     5    14    49    62    98    70   107    12   141   103   103   111   101    39    46    37    81   124    44    71    98   138   147    79    37    59    51    94    92    53    91   173    98   104   163   126    14   152   147    40   111     4    65    54   132    38    51   177    80   176   122    34    21   154   146    39    82   152    66   147    26   126   103     1   164    11     1   123   165    30   172    84    18    11   116    24    83    58    36    81   143   140    35    76    33   117   111     3    88   179    47    30    58    91    53    21    79    28   119    30    34    26     4   133    30   136    83   171   145   103    27    17    61    19    68    54    94    12   177    17   109     5    92     9    55    81   130   100    78    82    39    47    52    57    83   125    46    79    42   180    33   153    28   107    19   129    79   114    35   100    79    53    83   139    19    70    95    44   147    36    15    33     4    92   118    38   179     8   152   107   109    41   166   141    66    92    36    82    83    72    30   123    24    63     9   165    85   105   152    96   173   168    52    42   108    98    66   156   125    90    15    38   163    91    38    64    95    50   129    60   147   133    94     1    38    42    20   147   110    58   126   128    77   101    20   103   147    21   146   129    38    55   106    78    56   159    32    42   106    43   176   124   140   151    75   161   119    46    85    92   104   112     7   125   180   101    62   148   179   133   177   134    23   172    30   100   179    26    20     9    65    45    69   101    26   109    58   150     2    99   127    97   117   113    55    63   140    25   102    63    53    89   120   119   162   122   127   132    75   139   136    27   124    97    25   174   149   114     5   161   163   158    67   129    54     8    26    58    26    94   150   163   101    57   116    70    72   135    42    29   117     9    88   111    15   147   106    23    53   147    46    22    20   160   147    28    51    25    99   105   176    56    66   167    16    29    16   142   107   104    64    84   122   111   162   177   154    11   180    31    39    15    84     7    93    70   171     7    25    85   135    51     9   164   164   120   151   152    47     7    54    91   120    41   170    86    37    62    27    12     4   100   102    71    81    31   142   179   147    61   149   140   105    11     4    51   158    94    18    64    11    51    84   102    16    45    95    44    86    61   106    93    12    39    23    12    93    95   162    33    95    95    60    57   143    61   146    76   174   107   137    44    28    33    31   146   179    48   160   169   165    72    57    66   109   117   146     9    56   171    14   109    69     1    75   142    99   143   107   131    23   165    26   106   112    74   102    86   146   104     8   141    27    98   103   106   164    25    57   163    19     6   169   149    78     8   177    23   131   166    72    83    91   180    94    99   126   112   140    26    18   156   176   131    90    95   171    13   129    39    39    35    49   173    10   127   122    19   124    38    70    14   113     3    80    44   180    30   158    74   154    72    87   145   135   180   134    43    79   122    91    76   175    92    28   162     6    42   107    41    37    85   140    85   131    97   125    72   124   153    61    32    76   106   137    99     7    84    48   109   164   107   136    13    46    49   155   134     6    22    89    12    75    12    23   106    61    38   177 
   35   125   122    23   167    59    12   163   140   134    47   130    85   135    22   102     9   108   103   176    34    26    37   157    32   174    53   125    26    81    61    23   153    12   158   160   157   114    30   143    25   168   112   170    84   105   144   114    80    97    87    61   120   129    57    49   121   107    19    98    78   138    38    78   170    98    23    43    80   145   160    84   116   156   141    48   108   135   142    19    41    38    50    87    30   121   103    98    50   144   140    12   137   121    28    39    50    93    34    40   152   152   127   123   112    11   107   166   129    79    14   155    66    70   123    76   168   173    73    33    28    12    26    31   149    62    52   107    25   152   179    64    69     9     9    21    70    85    48   127    92    60   170    90     1   159    66   152    26    93    85   135   106    72   107    78    73    55   174    24   115    64    43    36   176   175    58    85   107   178   165     6    77    76    23   104    17   133   152    79    45   103    88   154    37   150    43     4   152    25   106    22    22   177    51   102   115   147    25   151    77    28   179   175    32    72    83   170    84     9    26   145    22   145    91    58   179    78    55   135   178    39    73   126   176     2    50    92    48    87    43    92   116    65    10   103    98    11    15   130   118   175   131    14   118   113    20   125   158   156   149    48   113   103   125    15     5   107    77     4    81    94    20     2    60   177    83    85   115    96    58   161   141   134   153    48   118    85    20    82    16    29    41    50   156   147   128    85   171     9    98   140    26   136   147    92   116   115    89     9   151   142   120   180    83    43    69   118    12    76    82    81   173    48    78   133    99    86    63    17   162   144    21   148    46   137    46    58   174    42    51    12   113   119    42   160    86   160    83     3   170    82   165   129    67   126    73    51   168   124   154   132   105    41   103    81    54   161    19   164   120    32    51   159    96    25     4    76    93    74    83    79    75    62   156    85    95    35    58   160   156   167    43   174   144    55    57    27    71    69   175    28   166   149    78   144    27   168    46   129   112    39   173   164    79   151   148    13    31   115     8   168    77    33    24   126   135   170   124    16     8     4   144   115    48    97    96   165   122   168   160    90    86    25   155    47    20    24    13    77   162     3   170   125    96    96    76    95    37   148    87   100    93    21   131   174   133     5    54    20    93   131     5   107    51    49   180    61    66   128    25    11   166    37    88    29    10    73   162   173   124   133    98   121   180     4    71   121    84    38    66    50   140    80    65    26    23    45   156   175    14    52    56   105    23   171    85    83   156   145    10   166    66   108    17   145     8    93    94   178   107   145    81     6    22   153   152    15   106    24    64    64   174   154    59    59   152   117   117    44   135   111   177   138    29   155   159   144    87    66    35    56    33    85    39   180   169    71   121   131    88   147    71   165    31    30    87    75   126    56    85   175     7   129    92   131   144   124    52   176   100    85   124    13    33    16    61   124    38   136    92    75    48    74   148    74    76    64   145   155    26   123   170   112    25    71   123    42    66     5   120   102    46    39    23   158    47    16   135    67    14    38   130   157    94   121    72   154   124   180    36   154   169    78   124    79   142   132    66   112    82    90    13    81    26     2    37   139   160   159    59    84   110   108    41   168    47    65    48   137    79    75   136    40    49   166    76   158    53    20    89   166   114    62   163    89   163    21   111   126    53    56    25     1    42   105    34   142   171    33   105     2   179    28    37    50    12    22   140    63   163   103     9    88   137   111    33    51    70    73    46    17    48   161    87    56   129   120    25    54    11   115    39    50   127    17    80    76    51   152    50   159   151   154    56   178    79    65    17   109   157    43   163    78    55    85    54   154   135    87    13    15   114    52    91   156     7    42    60    11   120    57    47    25   125   167   134    41   118   176    30    18    91    50   121    82   109   129   122   144    13    35    86   149   163     5   141   178     8   105    86     8   129     2   166   120   167   116    27    33   151    10    20   129   137    86   136   124     4    34    12   146   163    57    12    27    69   134    89    71    73   121    67    64   146    42   151   148   114   147   158   136    69    13    90    59    94   126    74    50    86    10    61   154    90    62   174     7   109   159     2   165    73    16   137   156   140    77   161    24   120    32   131   161   150    50   175    10    49    42    43    98   169   179   118   128   172     2   159   143    96   129    43    18     8     5    69    50    48   171    71    75     6     6   136    35   113    40   130   102 
  110    64    63    21    20   122   174    39   180   166    22   120   150   161    86   117    94    29    51    92    75   141    75   126   175   175    36   168    88   152    23     4   144   134    10    19    54     1   108    76    22   106   179   119     6    36    40   123   157   149   139    34   107    70   118   117    63     2    22    36    18   159   180    21   115    33    16   146   177    55   120    64    96    47   102     1   143   149     8   168   170   109    94    18    24    91   147   130    20    40    59   145    88    51    45    58    40   161   131    71     3   100   166    28    78     5    75    47    97   167    23    45    68    55    17    71   111    42    45   168    47   174    95    39    89   136   109    89   150   109    97   111   165    48    71   121   175   156     7    95   154   101   161    13    67    44   152    31   126    87   110    63    40    84   164   136   127    88   159    18   123    69    59    67    98   150   167   176    67    38    65    73    43   107    46   104    80    87   170   133    93    54    84   104    49   152   171   134   142    39   132   152    43    66    53   109    15   159   105   115    24   155   156   110   141   148   158   102   117    33   136    16    86   165   128    81   167    27    66   125   141   166    40    93    89   130    39    23    49   170    22   151   168    32   121   168    59   113    32    62   119    24   143   141    80    71    49   139    54   114    20    81    50   122    41    16    55    69    11   122    32   115   157   149   103    97    64   164    30   110   167    62    12   163   137    68   121     6   137     2    17     6   107   157   113     1   166    84   130    10    71    20    49    37   138    87    23   161   162    34    94    86   145   140    39    15    67   174    24    77   139   113   155   125   150    43   134   136   160    65    11   131    96   155   134   169    17    69    43    31   170    19    66   103   155    14   171    94     3    64   108   163    75    58    80   103   153   148   100    48   110   106     7   130   175   165    80   113   121    69   130    70   137    48    46    33     3    18    77     5    63   158    64    83   155   110   122   130   147   119    60   142   138   151   111    40   132    75   118    81    56    23    97    19   112   142    95   142    66     8    82    50   168   117   134   163   144    34    48   130   179   123    87   150    80    87   107    91    78    24   176   157   141    66    37   168   101    91     1    37   156   126    72    59   158    75   177    15    88   108     4   153   135   149    78   104    89   154   123    34    73    63    21    63   162    32   170    74   147   164    22   174    30    53   165   142   159    20    98   172     9    48   103    20   165    16    75   145   149     5   135    49     5    73   166    31   127    92   113   153   171   167   115   149    11    37    52   118    61    26   147   158   161    31    17    83    26    75   122    89    77    69    97    94    48    34    31    16   106   167    49    39    33   128    73    21    41     7   137    74   176    36   102   148    48    43   119   111   106    33    39    25   158    29   130   121   107    94    57    80    63    23    72   146    35   107   132   114    79   144    31   135    70   152    19    93    54    98   158    65   164    15    57   140    12    37    56   149    50    15   129   138   137    73   108    57    48    64   118    66   120    80   122   168    57   120    79   126    96    12    93     1    79    26    46    37   127    74   150   161   134   152    58   147    90   164   144   160   135    84    37    60   116    56   118   105   132   139     7    28    27   154    36    94     8   149    11    18    19   101    26    58    26   104    96   169   177    79    19   144   126    32   118    38    78    72   102    30   131    78   138    66    38   120   163     8   144    29    80   139   127    40   165   103   159   112    81   148    70     3    52     9   119    83   169   170    74   177   136   104   122    40    75    33    24   144    50   176   118    80    75    53    37   135   172    79    54   102    62   176    72    26   135    13    21     2    71   114    67   108    14    50   175   180    96    19   117    49   155   151    46    27    94    88    47    91    34   125   157   177    40    75   164   122   163   104    10    22    12   142   118   137   130   165    61    62   166    67    25     7    24    67    97   113   128    44   158    88    69   139   112   160   157    57   149   128    36   129    32    21   109   140    34     5    27   150   136   179   135   120    80     2    71   102    11    90   119   121   118    94   166    42    12    58    88    51   104   147   137   148    80    66    29   113   121    30     3    15   139    44   161   161   149   130    16   144    69   115   105    23   180   160   171   102    36    45   143    84   165   108    35     8    37     5    34    21   166    27   116    22    97   150    25    82   117    26   104    41    33   110    36    60    20    78   170   154    49    90    20    87   128    83   110    50    92   121    98    39   168   130    11    26   168    23    50    99   144   132    14   174    25   128   125   176   119    19   145   110    26   162 
  162    10   143    63    95   116    58    45    70    19   133    96   161    28   133    63   147    92     4     5    36   147    24   171    91    70   140     3    28   132   104    23   132    64    84    30   134    85    88   146     4   156    68    58   170    59    43    33   153   126    35    71   112     9    76   138    92     9    80    21     3   151   100    33    60   161    96    87   121    43    21   152    85   131   173    24     3    28    55    29     6   108   131   127   179    60   117   113    86     1   143   108   152    20   122     2   144    19   111   102    67   169    23    76   154   134   151    85     7    34    85   124   140    99    54    59   130   138   179   137    75    55   164    67    75   141    84   138   171    30    59     5   123   122   170   104    26   133    13    51    18    34   141    33   170    87   103   133    63   153    78    62     2    46    64    96    42   134   111    81   157    18    87   110   120   172    14    16    95   103    11   122   155    82   152   148    25    73    44    35    61   130    38   115    87    70    35    93   120   155    66    19    51    93    76    56    74   124    93    73    22   166    40   125    26   141    71   151    32    30   155    55    48   131    69   158   138   134   123     1    56   179   102   106    76    64     3    34    46    72   133    40    19     8   145    73    95   139   108    63   108   163   155   141   144    87   168    24    89    85    33     4    73    35    22   140    51    65   142    50    24   135   120    32   152   161   169   144   178    72    14   153   145    11    92    99   132    52    38   104     3   148   155    86    18   120    91   176   169   151    89     3    14   149    43    22    61   112   111    31    94    11    57    45   137    59    12   135    99    15   167   173   153   122    86   179   109   132    35    92    88   142    10    38   113    68   174    27   160    14    48    83    38    84     9    27   101   129    46    22    55    82   154     3   129    83    11   135    73   109   168   140   133   168   166     8   115    10   142   149   164    39    18   103   146   142    14    37   148   157   135     3   128    32    56   144    35   141    25   130    19    79     4    47   120   101   178   140     9   114    45   129    15   113   140    40    41   114    47    67   160   140   160    53    56   138    15    82   130    87    65    37   151    78   156    74    72     7    50    17     9    18    52    78   153   114     1   177   125    71   173    34    89   143   166    44    94   145    32   138   113   143     2    39     6   115   166    91   124   147   118    50     7    15   133   133     2   108   178     5   107   157    96    45    46    26   145   112   163   150    53    88     4    75   180    10   156    25    99    77   141   135    35    57    16   150    98    61    27    32   148   168    45   132    84   147   170   150    42    67   121    30     7    72    39    74   143   116    66   157    57    94   148    95    11   174   156   139   158   156   175   140   113    87   111    39   152   129    62    65    44   165    81   175    80   151   102    32   128   169    60   126   102   175   127    67    83   155    20   143    24    57    13    56   133     8    48    30    40     1    42    63   116    65   158   165   160   118    60    97   112   178   154    76    63    23   162    94   163   161   146    91    23   124   111    81   110   153   172   126   161    30    91    69    63    79    28   172   180   107    68    98    39    58   142    47    58   171   163   139     9   138   118   151    77    65    38    74    68   177   170   130   135    34    26    15   145    75   153    96   160    53    60    78    15   153    58    86    74   151   161   179    33    21   147    78   171    30    86    69   101   162   125    56   136    92    57    90   102    97   128    55    64    11   156   133     2   147   106   165   150   102    81    79    71   173   160   138   105    46    96   143    53    88    71   175    71   101   107   163    23    29    77   113    42    97    71    35    57   114   103    82   114    10    47   104    83   104    78   168    85   179   118   129   152    39    98    52    79   128   124   124    82    91   105   111    71   151   114    66    44   176   169    94    29   169    25   110   143    54    86   148     1   102    41    65   106   163   152    49    35    88    49    11   159   165    15   105   167    15   105    76    25   107    97    48   134   101   134    60   113    45    81   173    27    93   180    60    98   164    53   169    91    54    21    83    83   107    97   164   163    76    14   119   170   145   124   100    24   173    39     7    71   168    69   161   170   155    16    95   168   111     5    67   179   176    25    62    63    44   102   140   173   101   164    81    54    74    71   180   118    22    50    79    90   123    21    91   139    80    51   161   149   118     4   146    40    50   144    60   114   132     2    28    10    33   180   124   140    19    58    22   135   175   176   136   124   118   146    57   110   169    89   146   154    18    12   131    82    76    93   142    13   125    52     8    36    20    11    70    39    13   141    64   177   108    64    72    41   104 
  154    11   164    74    13    27   112   113   177     7    89   124    96    80    75    92    98    45     8    85   163   174   149    19   153    28    88    52    21   129   108   110    14   152   126    62   110   166     9   162    58   146   153    69   142   114   155   137    12   152   161    29    33    71   103    92    31    20   102    93   163   131    99   147    34   178    26    11   157   119    84    25    84    79    77   142    15   104    38    58    21   120   164   151   144    79    89   173    92   141   175    69    27   150   105   152    68    47    26    59   163    20   112    96    20    74   137   117    48    90   160    47   143    57   113    77    35    66   153   136    93   155    24    33    91    41   166   128    93    66    80   115    61    48    49   175   126    61   122   166    23   176   145   170   167    44   100    19   156   161    21   108   160    71    65    29    72    64   119   159   144    35   104    46   103    17   122   105   163   162   144    45   106    11   170    50    42    45    95   160   150    30   119    50   166   174    41    27    27     2    47   106    77    89    21   107   109   157    71   171    86   101   109    45    61    27    43    47   168     6    12    25    44    30    47    47   123   140    69   108   136   175   129    93   126   136    62   141   162    42   109    27    52   150   102    50    48   161    89    76   158    87   135   106    84    54   118    86   124    55    42   113   139   133    74     1    87   110    78   144   141    14   136   112    15    56    70    35    38    89   150   116    77   115   148     2   154    93   146   140   113    69    82   150   115   177   109    78    62   179    90    39   166    88    68   120   136    88   149    82    46    16    56   115    78    14    25    76   104    49   105    96    79   134     5    56    90    37    88    56   142   126   143    72    93   107    41    27   175    86   159    51    73    79   102   177    94   149    18   137   114    24    50    76    72    42    34    73    45    10   176   104    42   138     7    20   138    34   155    78   153   172   136    23    32    42   103     8   107    39    28   159    78   134    42   100    21     2    16   126   177    93   130    34   165   138    57    40    82   143    65    11   157   139   135    21    70    50    52    59    89    16    18    15   178   133     2   164    74    64    40    10   105    56   107    55    77    36    22    46    24   167   106   147    14   168   122    82    46    80   145    30    53    13   153    91    36   179    83   105   179    25    40    22    10     3    22    51   110   131    40   113   175    75   126   134     7   155   160   119   170    89   119   178   149    49    22   149   105   124   163    58     6    22     8   158   117    55    80    37    64    20    88   106   179   152    21    16    25   151   162    72    82   126   101   117   152   180    42   173   134    35   171    38    40   125   136   105     7   160   144    12    41    55    12   160   120   174    79    93   110   151    74    47   128   133    94   110    53    21   145   173   167   152    41   163    32    21   105    55   159    52   176    28   139    14    28    54    78   148    27   171   132   117   163   115    50   172    66   159   158   177    58   154   118    26    51     6   163   130    54     4   103    88    35    36    87    87    31    24   133     6   116    22    41    85    24    57    11   137    94   132    49   123     9    48    67   147   119    52    97   156    16    56   107    79    83   110    26    29    31    61    40    84    12    65    90   160    25    83    24    58     8    24    12    16   143    60    24   146   101    70    14   135    44    49   151    36    64   178   115    58   130    72    47   117   178   161    95   174   108   100   105    42    73    98   175    33   153   179    77   173     8   108   134    57   169    99    35   125    29    12   109   170   101   104    54    73   138   160   164   100   102   118    35    26   136     2    12   114    26    48   180   109   121   179    54   179   154    34   153   135    85    27     2    92    40   156    17   124    18     6   173    71    78     9    17    79    60    71    84   173   134    79   122   146    14    67   104   104    31   105    89   171     9    57   145    42   167   165     4    40    20    13    90   130   180     8    68   108    70    35    55   165    73    26     4    76    29    28    13    11   143    78    34    51    13   163    12   156   108   137    37     3   150    58   108    33    71    22   172    18    44   108    78    65    44     5    55   170   107    37    55   108   134   155    60   129   160    71   110     9    48   149    60   152   153    28   108    47    20    70   178    26   173    24    31    84    87    80   170    68    42    31    24   120   157    40   146   147    96    88   176   134    31   114    15   169    56    84    96   149    92   153    15   117   124   153   149   118    57    42    88    40    57   100    46    58    90    91   133    78    18   124   150   155   154     7   149    69   164   103    62    72    50   169    58     4    78    72   149    21    61   170    10    14   176   102   168    66    77    53   110   124    61    60    81    86   159     5 
  105   154   155    85    15   169   138   118    76    36    56    96   150   167    19    25    76    56    70   157    11    56   140   160    49    28    92   147   168    60   164    53    49   116    27   153   159    26   176    34    93    49   156     4    44   180    60   130    82   144    89   158   159    61    57    42    77   167    62    70   180    97   126    25   100   115    44   102   164    60   117    88    75    72   122    68     5    31    88   142    12   174   142     4   120    83    90   137     3    43   150    82   116    35    94   133   164    91   140   141    34   152   145   156   121   143    19    60   119    62   102    71     9    65   140   148   164    20    57    40    97   133   118   180    13   172    69   108   137   145    13    89   126    54    80   119   163     4    30   150   137    74    85   134   163   102   127   157   126   131   135    51    23     5   111    99    18   171   125     9   130    47   132   109     8    81   168    93   116   119   180   155   125    46     1   178    77   133   156     6   176   171    62    16   122   113   135    10   113   141   175    47    52     3   144   142    71   152   174    57    19   136   144    71   113    97   127    71   171   142   130   125    67   167    25   169    20   123    38     1   159    98   174     1   178   118    16    26   180    56   128    43    92    35    86   122   150    49   131   170    89   143   146    29   145    99   121    42    43    28   148   163    13   139   119   142   107   165    16    37    79   133   136   166    64    15   151   106   123   174   134   147   108    93    67   155    44   159    92    39   121   137     3   145   164   175    70    54   150    66   148    22    89    69   111     6     2   156   109   132   101    16    52    29   143   143   101    82   163   147   140    53    23    97     9   170   125   178    92     8     8     3   166    38    67   166   151    80    83   136    24   122    14    13    42   103    38    85   172    72   107   100     3    10    39    67    43   166    70   149     3   112   133    72    76   127    37   121   155   111   101     7    51   178     9   135    60     1    41    44     5    13    15    54   153   128   124    32    96    88   111    99   114   168   173    71    94   155   119    29    32    62   123     6   114   121    31    38    61   179   179    45     2    40   174    99    86    23    22   139   103   137   180   164   155   153    32   167    93    52   110   168    64   111   112    42    56   164    78    44   151    11   163    70    66   110    21   120   115   173    48   117    70    33    84   163    50    69   102   102    42   118    56   132    26   135   164   101    23    78    47    84    97   166   151    42   148    46    71    85    77    47   128   147   106    30   117   101   166   163   100     6   176    84    85    78   128    74    22   168     1   159    20   120    12    62   116    29   125   141    64   141     4   176    77   115    82    54    43    70    50    91    45    63    33    95   111    14    13    48    66     9    29    67   155    49   147   162     9   125    98    49    72     6    28   121   163    47   141    34   133   174    66   141    63    95    51    76     2   115    53   130     2   118    87   112    52   145   162    87   132   132    95     8   135    73    89   130    61   144   131    41   142   100   173   133   107    73    72    17   160    93    81   175    15   150   148    13   116   146    36   137    21   145    61     6     8   179   163    39    45   178   151   113    41    17    50    24    74   142   156   163    38   146   113    28   139    97     5    48   138   162    95   179    25    26    50   135   166   136   129   157    80    47   111    43    71    67    65   117    21    51   111   148   118   140     3   103   100   129    36    93    66    30    38    14    84   105   160   126     3   104    74   118   141   103    85    74    84    12   122    91    75    88    38   102    98    88   157   170     4   123   121   117    17   115   135   149   124    26    33   128   168    89   130    59   176   170   143    63    16    89   158     5    99    64     4    78   152    95    88    78    31    68    22   167    76    21    72    12   146   100    96   114   128    56    92   104    44    87    94   161    53   165    31   114    13   126   114   149     4   115   111    27    26   135    61   144    85   125   131   160   126    66    14     7    80    75    69    27   176    26    44    70   127   111   118    95    90    82   177   126    77   133   142   118    40   169   178    56    28    93    97   170    44    40    18   123    33    14    17    71   102    84   103   124    81    72   108   135   159   135    97   179   109    90    90    26    18   154    63   164   179   125    62   155   166    58    78   152     2   148    30    74    90    44    29   170    18    18    89   154   154   148    68   179   163   157    51   160    10   152    19    35   126    87   100    79   159   119    99   159    90   128    53   116   103    52    47    48    17   149    55   121    30    54    11   107    33   175   140   113    24   138   125   180   177   176    98   152   125   106    40    61   157   170    96   161    21   130   138    67    78    94   155    18    13   171   162    44 
   50     9   109   112    58    54     1    61     5    55   169    47    92    12    11    88   150   135    67   174    41   134   108   154   154    49    87   146    50   131    99    89     1   100    15   164    96   169   124    63   164   115    99   121    95   138    61   129     8   124    31   176   109    39     2   174     5    20    52    24   173     4   169    60     9    81    35   154   129   100   158   134    65   138    19    93    52    58   111    74    63    60   168    38   156    15    45    67     6    91    21   143    66    57    22    37    72   111    60    37    52   160    54    86    17    39    55   172   108    81   138     2   155    17    26    47    72   129   108   104   124    53    30    99     8   159    21     5    93     5   139   141   141    63   171   114    43    16    62     9    55    88    34   100    94     2   118   163    20   170    58    63    11   135   158   157   125    79    90   162    13    91   135    81   103   101    86    67    67   136   124   115    19   162   129    17    81    90   144   177   110    65    61   158     9    55    81    45   104    83   171   107   151    49    75   147    57   119     9   130   117   110   110    73    17   115   129   122    33    54    77   163    26   144    11    36   173    55     1    61    24   108   113   160   123    67    99    10    50   146   103    71   138   154    68   145    98   106    41    59   111    12   161   117    56   117   111     8    61   116    19   148    59    56    21    78   107    68    35    74   132    11   160   110   125    93   143   108   107   128    51   147    90   158     3    73    37    28    88    65     6   159     2   126    44    69   114   118    64   139     1   119   109   167   132    17    43   121   180     8   147   101   110   102   149   117    30   142    49   166   110    33    66    15    95    97   119   114     5   142    30   136    76   105   155   162   114     6     4    88   123   165   126    36    41    30   166   170    97    36    65   104   139   148   131    63   167    97    35    63   169    80    93   130   137   104   168   100     7    89     7   118   100    74   116   151     4    99   139   107    68   104    36    89    82   146    40    44   138   107   162    63     6   117   130    68    94   169   114    61     8    11   114    18   165   162    43   150   129    51     9   121    60    90   118   172    96    52    14     5   156   160    50    53    98    70    18   109    13    44    18    66    50    63   123    52    29    54   169   177   158    55    91    10   171   125    33    16   108   160   146   100   167    98    50    18   136    23   135   166    46   128   148    86    79    12    80   166    71    38    58   143    68    23    12    85    41   105   117    40    66    64   115    56    27   138    16   151   155   124    91     3    83    28    32     2    44    74    26   151   118    81     9    95     2     3   169     4    29    19    91    90    35    61   158   112   135   137    72    67   116    65    33   166   166   118   173   160    99    89    80    79   134   111    84    66    33   172    48    65   147   119   123    81    51    42    88   162    93   132    11   139    35    48    94    81   168    11    84   174   113   144   114   121    32   173    59   121   164   160    20    79   125   116    32    10   147    78   180   128   150    75   131    91   155     5    47   171    85   107   160    95    74    81   163   130   101   159    66    20    77   175   156   117   145   113    43    16   152   106    77   150    31   155   115   136   150    74    18   163   123   163   109   104    99    85     1   126   116    41   100   113   164    41   179   168    29    30    44   168   114    13   158    79    70   129    18   157    84    20    57    95    90    17   169   165   131    90   139   113   152    38    20    18    68    23   145   112    19   104    13     9    35   129   157   116     7    69     6    15    34    70    70    83    42   162   121    33   128    32    11    17   101   153    48   177    33    28   138   140    28    61    50    29     9   158    97   170   151   154    98   156    34   168   161   140   132   130   115   138    20   176   134   150    58    70     7    59   104    82    60    26    44    83   112   141    12   111   119   178   165     2    31   107   134    75    90    10   157     5   109    99   122    41   179   169   146    15   148    60   124   121   119    50   111    64   164   136   104    85    63    72    75   130   161   107    82   106    89    58    99    27   167   109   147    82    91   154   135    31    24    60    38   117    63     7   173    69   122   111   151    99   120   164    30    21    94    87    76   167   158   179    69     8    85   115    40   107   132    34   169     2    14   170   148    84    46   165   105   161   146   152    27   100    99    51   117   109   102    15     5   106    12   138    11    25    88    18   118   143     1    33    69    92    10   130   135   143   159    51   170    90    19    35    12    19    99     9   156    69   145   102   179    50    93   138    88    79    22    96    28    50    38   145    73   163    91   116   119    69    88   156   175   107    93   147    27   138    23    60    35     5    27   110   171   122   158   154    94    30 
    3    74   128   112   165    96   118   128   156   178    25    55   102   119   179   131   165    81   131    69    63    19    83    43   118    42     9   154   108   132   100   158    43   128    48    98    83    66   157   152   148    10    80   150   124    49    38    14    25    70    82    98    52    14    59   138   144    84    89    43    30    84    83   140    59    29    40   167   116    33    23   171    49   169    26    26    83   141    78   175    97    38    13   153   137   119   147    14    21   178    59    31    88   150   135   176   110   121    38    66    36    15   173     4     9    32   138     4   153    45    20    86   101    46    40   177   114    44   101    96   147   154   178   161    89   111     1    97   157     6   123    98   170    33     8    54   123     3    59    33    81    39   178    12    42    15   117    96   177    81   134   161    31   178    44    52    13    50   152    13    86    14   123   106    10     9    86     3   134    88    64    94    49   131   108   103   155    42   121   157    57   127   140   140    98    19   125    16    62   171    99   140    27    37   169   124    29   108    91    66    79   172   178    57   175    62   107   128   113   176    99   162   168    35    33   102   152   164   151    89    58    57   166    59    91    31    99    51   101   112   111    84    13   119   128    28    88    33    57    22    93   146   131    49    31    94   108   174    51    24     7   115    37   149   172    74     7     2   119    80     5   112    11    35   104    19    91   168   155   105   114   166    69   139   180    63    87    22    51   111   121   174    32    93    58   111    74   155   101   131   168    63   122    96   123   158   152     4    36    62     9   115   108   127     7   154    98    35   155   115    58    26    62    14   158    39    45    58    80   124   150   139   142   176    87    10    76    42    35   143    20     9   126   179   127    11     1   156   173    99   117   135    54    50    30    99   136     6    67    59    66     2    15    59    88     5    79   144    40   161   117    80   114    66   102    14    69   149    10   149    58    54    65   161    73   153    78    61    88    47    66   178   144   149   113   128     4    14   129     4   103   150     3    95    41   163   136    75   104   123   137    30    60    57   169    91   104    13     8    39   123   142    80    22    82   159    94    72   137   177   137    63    44    32    76    95   116   143    17    53    49   154   167    80   178   145   108    23    17   174    22    39   179    77   119    81    63    86    85    25   164   112   170    60    54    58    14   131    20    41   122   113   176    31     7     5     8   168    80   119    23   115    87    46   128   116    51     8    44    69   128   118   156    81    40   142    87    95   172     5    64   134    95   152   160   106   167    41    68    64   154   131    84   116   107    41    53   145   150   133    75   123    32    75   175    93    24   117    56   107   161    74     9    45    25   125   129   127    48    77   108    32     7    47    46    52   131   100    19    90   180    86   112   139   130    37    24   128    20    67   142   153   125    86   136   171   131    51    48    25   157   143   119    88    69   134    40    98    70    91   154    21   158    77   151   161   180   141    80   167   145    51   179    69    25    37   100     5    30    76    96   133    95    31    43    39   119   146    79   104     9   174    89     2   147   132    55   126   151    97    65    17   123    22    45    37    24   176    85   176   144   110   179    65    68    95    51   121   107    79   128   152   117    85    86    37    52   102    24     2    25     8    68    67   158    51   154    43    45   162    79    89   118   147    18    49   132   127   166   132   100   164    32    71    71   127   133    86   144    96    70    58   177    77    92    82    51   157   171   120   138    45   105     4    37    42    66   108    41   149    32   116     1    45   163     5    22     6   173   174   100   111   103     3   108    64   102   134   101    92    16    83    18    98   154    72    42    39   144   168   100    65    34    94   114    41   130   146    98    53   147    29   109    34   139   111   121    21   102     5   132    64    15    49   170   158    12    38   151    24    12    92    18   112    26   157   156     4   108     1   103   121   104    31    71    14    66    15   144   152   124   156    44   102    81   131   160   170    90   169    28    45   109    63    33   144    21    77    16    79    47   159    95   106   117    67    70   105    62   172   139    33    89    13     8   148   146   138    72   180    99    91    46   163    13    33    66    37   111    41    30   170    18   169    21   171    39   140     9   170   132   126     4   145   146   163   137   137    75    98    61   129   153    73   104    46   132   145   168   146    29   100    17   157   169    75   107   128    45    79    88    65    96    17     6    41   163     5   107    47   139    19    42    39    73    98   155   170    67    18    50   108   144    27    26   120    13     4   176    30    20   103    57   180    38   153    53   170    67   139 
 0.00  0.25  0.25  0.33  0.29  0.27  0.28  0.37  0.27  0.30  0.25  0.29  0.21  0.36  0.24 
 0.25  0.00  0.37  0.28  0.31  0.31  0.28  0.32  0.36  0.37  0.29  0.27  0.29  0.20  0.21 
 0.25  0.37  0.00  0.22  0.36  0.32  0.23  0.20  0.23  0.30  0.36  0.27  0.28  0.33  0.34 
 0.33  0.28  0.22  0.00  0.30  0.21  0.25  0.21  0.36  0.28  0.33  0.29  0.28  0.29  0.24 
 0.29  0.31  0.36  0.30  0.00  0.25  0.37  0.30  0.28  0.33  0.29  0.39  0.29  0.34  0.28 
 0.27  0.31  0.32  0.21  0.25  0.00  0.29  0.27  0.34  0.38  0.39  0.39  0.26  0.22  0.36 
 0.28  0.28  0.23  0.25  0.37  0.29  0.00  0.23  0.35  0.36  0.24  0.33  0.32  0.33  0.28 
 0.37  0.32  0.20  0.21  0.30  0.27  0.23  0.00  0.39  0.39  0.35  0.29  0.36  0.34  0.36 
 0.27  0.36  0.23  0.36  0.28  0.34  0.35  0.39  0.00  0.27  0.33  0.20  0.26  0.36  0.39 
 0.30  0.37  0.30  0.28  0.33  0.38  0.36  0.39  0.27  0.00  0.22  0.25  0.39  0.24  0.28 
 0.25  0.29  0.36  0.33  0.29  0.39  0.24  0.35  0.33  0.22  0.00  0.32  0.40  0.22  0.34 
 0.29  0.27  0.27  0.29  0.39  0.39  0.33  0.29  0.20  0.25  0.32  0.00  0.35  0.37  0.34 
 0.21  0.29  0.28  0.28  0.29  0.26  0.32  0.36  0.26  0.39  0.40  0.35  0.00  0.24  0.35 
 0.36  0.20  0.33  0.29  0.34  0.22  0.33  0.34  0.36  0.24  0.22  0.37  0.24  0.00  0.24 
 0.24  0.21  0.34  0.24  0.28  0.36  0.28  0.36  0.39  0.28  0.34  0.34  0.35  0.24  0.00 
