10 12
15
      2419
      2830
      2992
      2737
      2534
      3436
      2572
      2625
      2829
      2976
      2664
      2576
      3083
      2419
      3048
  3.0  39.2  22.4   2.0
  2.6  44.1  40.4   2.5
  4.9  17.2  65.9   1.6
  3.6  41.4  91.5   2.3
  2.2  38.8  35.6   1.8
  3.3  68.6  29.3   2.3
  2.0  61.8  89.4   2.3
  2.2  38.7  46.3   1.7
  1.1  59.0  55.9   1.8
  1.1  46.0  42.0   2.4
  4.3  23.4  31.6   1.9
  4.2  57.8  48.5   2.0
  1.7  32.5  27.6   1.6
  3.2  28.1  47.5   2.5
  4.6  37.7  32.1   1.9
  1.9  37.3  62.8   1.7
  1.1  35.8   9.1   2.3
  2.8  59.1  74.0   2.0
  3.7  22.4  71.6   2.0
  3.7  29.8  62.2   2.0
  1.8  18.6  81.0   2.4
  3.1  38.8  93.9   2.0
  4.4  60.1  19.2   2.0
  1.5  36.7  38.9   2.2
  5.0  52.1  68.3   1.5
  3.7  35.3  43.7   1.9
  3.1  57.3  53.9   2.1
  4.4  71.2  50.9   2.4
  1.2  49.6  93.4   2.1
  4.4  21.1  89.1   2.4
  4.5  68.6  35.7   2.2
  3.0  19.0  63.9   2.1
  2.6  65.9  25.1   2.4
  2.0  25.0  37.1   2.1
  3.4  50.5  61.7   2.1
  2.6  30.8  69.1   1.6
  2.7  61.0  77.9   2.2
  4.5  40.0  12.0   1.7
  4.1  24.9   6.6   2.4
  1.2  34.1  18.6   2.0
  3.6  33.8  88.5   2.0
  2.5  30.4  85.2   1.6
  3.1  26.8  27.3   1.9
  3.6  48.7  28.7   1.9
  2.0  38.7  85.2   2.0
  2.5  41.7  70.9   1.8
  3.5  21.3  67.5   2.2
  3.5  62.2  58.8   2.1
  1.4  18.2  26.3   1.9
  2.1  69.9  58.9   2.0
  1.9  68.9  78.7   1.6
  4.9  55.6  56.6   2.1
  4.1  32.0  76.5   2.3
  2.6  33.6  39.2   1.8
  4.9  23.7  85.0   2.3
  2.1  26.5  30.7   1.9
  4.9  31.4  17.1   1.7
  4.7  60.3  84.6   2.3
  4.4  48.7  77.4   2.2
  4.1  45.7  11.1   1.8
  3.6  50.2  77.4   1.7
  2.0  43.8  21.8   1.9
  2.9  29.0  19.7   1.7
  1.3  16.5  23.8   1.6
  3.7  57.5  73.2   2.4
  3.7  20.3   6.0   1.8
  1.8  50.2  73.3   1.5
  1.8  24.5  53.6   2.5
  4.6  70.4  43.4   2.2
  3.4  15.3  35.0   2.3
  1.7  27.0  52.1   1.8
  4.7  57.6  67.1   2.0
  2.1  23.5  25.1   1.7
  3.5  40.2  46.1   2.4
  1.9  69.3  16.0   1.9
  2.6  42.3  67.2   1.9
  2.7  30.3  17.0   1.9
  2.1  37.7  41.2   1.9
  2.6  53.8  12.6   2.2
  4.4  25.3  69.4   1.8
  4.5  44.8  36.8   1.7
  3.4  60.6  35.9   2.5
  1.3  24.1  63.1   1.9
  1.3  50.5   5.2   2.3
  4.2  56.5  94.8   2.4
  3.7  44.2  81.4   2.3
  4.8  42.1  18.5   1.5
  3.3  35.0  61.5   2.3
  2.3  74.0  64.8   2.0
  2.3  56.6  66.3   2.4
  2.4  46.9  28.0   1.8
  1.2  71.0  29.2   2.3
  3.6  20.7  93.7   1.7
  3.1  67.2  35.0   2.2
  4.8  62.6  42.1   2.1
  2.6  64.4  60.6   2.2
  4.1  35.9  86.7   2.4
  2.3  39.2  71.5   2.1
  4.8  55.5  94.4   1.9
  3.5  21.6  52.7   1.6
  1.4  32.6  59.0   2.2
  2.5  43.4  36.8   2.1
  3.8  17.2  48.9   1.6
  4.6  22.3   5.2   1.8
  3.3  22.0  17.6   2.3
  1.1  25.0  54.8   1.8
  4.3  23.3  68.5   1.9
  4.2  64.0  53.0   1.8
  2.2  46.9  80.6   1.5
  2.0  47.9  25.7   2.4
  3.5  16.3  11.3   2.3
  1.5  72.3  32.7   1.9
  4.7  72.7  16.9   2.5
  1.3  25.7  33.0   2.3
  2.4  25.3  13.7   2.3
  1.1  62.6  51.4   1.7
  4.0  41.5  62.3   2.1
  3.5  72.2  65.2   2.2
  3.1  23.7  21.2   1.6
  2.6  59.9  65.1   2.0
  4.7  50.1  79.4   2.2
  1.4  55.8  93.6   2.2
  4.3  23.5  41.4   2.1
  2.4  43.7  92.8   1.6
  4.0  41.1  86.7   2.4
  2.1  55.1  35.0   2.0
  3.1  57.3  92.3   1.7
  3.3  21.2  80.4   2.4
  4.6  33.1  84.2   1.8
  4.4  43.6  88.1   1.9
  3.6  72.8  38.1   1.8
  2.8  15.9  26.2   1.7
  2.5  45.2  66.4   1.6
  2.9  66.2  27.7   1.9
  4.3  33.9  22.8   2.3
  2.5  49.0  11.1   1.7
  1.4  55.7  52.6   2.0
  1.4  69.4  52.2   1.6
  2.8  38.4  26.4   2.0
  1.3  50.6  35.2   2.0
  1.5  29.5  67.3   1.8
  3.3  73.9  82.4   2.2
  2.5  24.4  35.0   1.9
  4.7  20.6  92.4   1.5
  3.0  70.3  35.7   2.2
  3.0  37.7  16.4   2.3
  3.2  25.2  81.8   1.5
  3.8  36.2  25.4   2.0
  4.9  75.0  33.2   2.2
  3.5  42.3  32.2   2.3
  0.2   0.4   0.3   0.2   0.2   0.3   0.3   0.3   0.3   0.4   0.3   0.3   0.4   0.4   0.2   0.4   0.4   0.3   0.3   0.4   0.3   0.3   0.3   0.4   0.3   0.3   0.3   0.3   0.3   0.4   0.3   0.3   0.3   0.3   0.4   0.4   0.3   0.4   0.2   0.4   0.3   0.3   0.2   0.3   0.3   0.3   0.4   0.2   0.4   0.3   0.2   0.3   0.3   0.4   0.2   0.4   0.2   0.4   0.4   0.2   0.4   0.4   0.2   0.4   0.2   0.3   0.4   0.2   0.3   0.4   0.3   0.4   0.3   0.4   0.4   0.3   0.3   0.3   0.4   0.3   0.3   0.2   0.4   0.3   0.2   0.4   0.2   0.3   0.4   0.4   0.3   0.3   0.3   0.3   0.3   0.3   0.2   0.3   0.3   0.3   0.2   0.2   0.2   0.2   0.3   0.4   0.3   0.3   0.4   0.3   0.3   0.3   0.3   0.4   0.4   0.4   0.2   0.4   0.4   0.3   0.3   0.3   0.3   0.4   0.3   0.3   0.2   0.3   0.2   0.2   0.2   0.3   0.4   0.3   0.3   0.3   0.4   0.3   0.3   0.3   0.4   0.3   0.3   0.2   0.4   0.3   0.3   0.2   0.4   0.2 
   15    59   172   178    90    82   171    21   166    85   102    98   178    26   113   155    60    53    43   160     4   111   116    85    82   166    93    86   129   130    13   169   169    86    40    77   137    41    17    65    36   177   150   142    40    59   119   142    54   102     3   108    40   135   112    95    23   133    17     5    83    91   114    90    10   160     6   104   144    87   139   136    46   147   102    11   119    85     9    43    69    66    74    54    86    28   153    14    53     7   107    34   164    62    20   149   162   105   113    51   100   101    33    24    50   137    74     6   130   154     2   178   118    29    96   126    20    60   179    16    11   103   169   145    90   125    36     3     1    12    29    47    96    50    95     3   102   178   160     7   134   122    28    48    14    52   108    33     4    93 
   48    76   114   108   170    15    16   171    49    31    75   144     1    26   145    20   129    25   133    29     7   158   142    61    96   127   177    70    57   126    94    91    55   122   138    33   159    53   112   163    83   107    40    98   124   108    50    82    97   114    77     8    41     1    54   146    32    80    49    58   109    33    75     4    21    93    43    31    14    19    11   175    80   172    15   112   106    13   100   142   180    12   165   130    89    19   102    94    29   117   129    57   147   149    56    96    77   129    67    14   126   142    81   125    12   135    72    28    44    44    56    28    28    72    53   170     4    11   112    66    22   170   145    72    37   133     4   163   110   134    39    39   119   110   131   122    47    87    86   172   172   127    86   138    19   126    29    97   146     8 
  163    62    53   166     5     6   139   134    14   128    41   135    43   145    62    34    78    27    22   175   166    11    23     7   176    60   114   175   167   115   134   109    38   169   147   126   157   177   128   161    33    10   115     5   155   176    52   123   160    44    74    25   144   166    61    77    88   111    82    14   144    20   117     5    48    83    53    85   146     7    45    87    46    75     5    78   164    23    14    64   139   169    35    89    53   140   110   160    23    86   113   144    77    37   163    22   123     2    59   175    64    42    38   179    65   176    85    17   152    11    73   126    19    15   120    15    36   151   113    11    90   119    11    75   153    74    34   164   153    72    76   105    23    81   112    41   118    46    22    69    59    84    24     6   164   165    98   161   120     7 
   80   179    19    50    83   154     9    38    20   165   120   136   122   175   108   164    81   164   130   136    25    71   123    83     4    11   127   150   117    56   172    53    62   103    86    68   170    42    73   135    88    11   151    25     3    89    12    73   165     2    45   116    99    47   109    76   120    31    61   123   143   153    70   140    74    48   117    85     8   151    88   109    71    88   160    33    12   128    97   146   118    91    54    41    54   134    14    95    28     6    53    78   179    22    38   119   152   115   144   111   113   112    78    27   119    46    67   128    65    99   180   110    69    20    23   175    94    91   132    18   121   170     2   120    95   168   120    66    42    50    73   170    81    37   174   160    99    82   147    80   169     1   132   173    83    84    95    39   137    25 
   27    70    80     8   150    19   102    94   101   173   100    75   164   117   157    93   179   116   117   138     1     5    63   104   112    71   152   174    35   115    52   102   157   158   141    54   125   111    35   180    92    76   125   151    24    72    58    58    28    31   157    25   109   167   150    21    31   146    40   176   135   113   131    39   116   142    43   152   110   117    30   174   101   125    66   100   128   132   108    82     6    53   151   124   169    32    94    17   107   170    83    23     7    74    69    10    56   176   149   163    93    86   100    73   150   111   160    23   144    80   101    91   109    62   139   137    12    37    68   122    74    28     9   124   130    12    61    66     8    98    71   159    70   180   164   156    24   143    72   114   116   117    61    31   168   129    86    49    20   128 
  107    19    98    13    65    31   177    14    36    51   138   142     4    30    65    32   142    94   118   130    37   104    97   141   160    83   132    55    17    24    44    38   150   175     1   177    15    49    28   165   116   160    70   120   119    35    12    48   158     4    70    12    86     9    29    36    66    48   104   175    82    33   172   142   143    68     6   153   123   165    59   103   142   175   174    34   162    80   134   159    53    68   112   119    20     6    79   126   171   125   109   163   166    59    16   172   160   175    41    33    31    88   140    91   138   158   135   161     8   123    90   159   118   177   101   117    31    35    73   162     1    11   164    72   126   137   144   129    91    70    67   114   153    73    44    42    71    46    32   144    64   157    40    19   118   160     1    13    14    88 
   81   100    75   112   176   159    99    97    99   177   131   147    28    63    33    69    84     6   111   148    11    35   144   145     8     1   147    86     3   128   128    16    68    76    62   100    59    74    32   129    55    54    23    20    78   159   149   168    37   123   139   127    75   151    37    26     2     5   169   141    96    58   131    94   102   109    30     2   156    14   147   104    92   117    16     5   157    63    64   136   114    37    49   127    61    93   106   154    94    40    89    88    29   144    58   108   170    86   169    35   104   148    55    55   108   114   169    37    23   129   170    68    46   176   131   140    10    49    51    81   123    97   130    54   171    64   150    84    53    71    75    88   180    64   105   164    39    78    52    84     4    52   122   165    63    75   172   156    40   149 
   29    43    91   104    66   132    99   105   146   160   146    76    20   138    46    51     8    81    40   133    33   137   151   135    29    69   138    44   103    51    49   164    20    61   157   161    99    99    62   102    11   169   151    53    87    68   103    66   125    29   165   119   176   170   111     1   176   136   110    25   142    74    13    75    32     9    48    62    75    73     9    74   154    18    41   142    83    44   175    14    25    34    15    59     9   118    67   103    53   147    36    43    21   149   151    57     6    15   147    13    12   122    90   152     2   123   114    87    71   171    15   160    62    14   151    94   122    81    95   170    72    16   147    11   136   134    57    55   103    63    89    32   114    46     2   136    94   173    60    52    26    19    90   154   135    33    41    39    23   152 
  155    62    38   152   161     1    61   111    94    66   112    59   162   120   153   128    50    43    43   168    41   127    39   125   137    85    56    54   122    12   129   173    64   126   104   112    12    49    77    54    23    86    35   178    89   154    19    44   133    20     1    33   172   162   119   152    21   154   149    83   131   129   165    51   154   116   165    40     2   162   113    70    65   176    18    77   175   123   131   125     5   122     4    19    79   144    27    85   180    22   167    43   121    49    80   135    20    39    90   176    49    34    57    22    30    51   131   126    36   133    55   123    69    92    94    60   141    43   134   106   136   100   179    81    97    58   105    94    17   110     7    84   119    63    41    81    87   124   158    20    42   116    25    70   129    91   173   143   148    78 
   59    17    26   174   112    76    30    78    11   143    53   116   141    74     9   165    32   148    54   111    29    10   168   152    27   162    62    85    92    80    70   142   100   141    51    92    91   140   143    74   108    10   149   106    71   175   177   146    90    31    18    70    56   153    84    44    68   159   119    45   138   126    73    21    27    55    40   113    30   141    31    18    63    54   152   136   163    49    75   141    21   171   148    76   116    11   102    52   122   118   113    61    28    47   174    19    88    89   162   175   154     6   111    96    61    96   150   158   139    96    64    64    40   160   162    15    90    10   146   132    15   174    71    86   104   116   134    76    41    96   172   122    74   175   162   102   136    33   169    83   171    81    95   154   125    90    47   103    40    44 
   39   155    83   122    10    98     2   166   122   157     5   116    37    30   112    43    48   121   162   115   115    32    58    15   139   116   101    71    15    28    46    83   143   178   117   170    28   170   129   141   117    72    52    46    60    46   169   148   115   134   177     7   100    77    54   177    29     1    63    19    60    21     2    37   118    74    24   153    93    50    12    25    66    68    41   156   131   178     4   166   132    68   166     3    20   109   118   169    53    37     7    44    43   122    49   158    90    23     7   152    43    86    36    30    60     7    62   167   114    23   180    70    93    38    29   148   115   125   132    84   139   176    73    55    19    28    88    58   158     7   155   111    58    87    15   130   173    19   118   114    33   118    10     1    36   137    43    30    84     8 
  124   135   106    20    42    75    35   180    58     2   124    76    32    93    75    49   166   116   112    65    79    50   106     7    51   125   178    78   152   175   151   104    36   168    46    26   179    95   113    45   143   157    70   168   146   160    67   122    72   141   127   105    44   132    94    83    57   136    34    96    70    13    57   154     4    53     3   155    99    38    70    68    69   176   113    54    86   148     9    44    24    45   109    64    29     4   102    24    70   114   143    12    73    97    61    76   126    99   165   169   167   177    18   103    91   141   128    34   112   160    24   173    40   159    18   101    34    54   116    63   138   127    93    84    92   167   155    19    83   138   100    15    68    26    27   148    42    73    98   137    38    87    60   118   155    21    62   179    14    68 
 0.00  0.25  0.36  0.22  0.36  0.34  0.27  0.23  0.26  0.39  0.29  0.39  0.40  0.40  0.28 
 0.25  0.00  0.20  0.39  0.28  0.22  0.33  0.35  0.23  0.32  0.36  0.33  0.38  0.23  0.33 
 0.36  0.20  0.00  0.27  0.24  0.35  0.38  0.27  0.25  0.22  0.31  0.27  0.33  0.31  0.26 
 0.22  0.39  0.27  0.00  0.35  0.25  0.28  0.40  0.28  0.40  0.38  0.30  0.30  0.27  0.30 
 0.36  0.28  0.24  0.35  0.00  0.39  0.38  0.33  0.25  0.25  0.28  0.34  0.25  0.30  0.38 
 0.34  0.22  0.35  0.25  0.39  0.00  0.20  0.22  0.34  0.31  0.29  0.37  0.20  0.24  0.27 
 0.27  0.33  0.38  0.28  0.38  0.20  0.00  0.33  0.38  0.35  0.28  0.34  0.30  0.38  0.35 
 0.23  0.35  0.27  0.40  0.33  0.22  0.33  0.00  0.24  0.27  0.24  0.29  0.22  0.28  0.23 
 0.26  0.23  0.25  0.28  0.25  0.34  0.38  0.24  0.00  0.22  0.35  0.23  0.34  0.21  0.34 
 0.39  0.32  0.22  0.40  0.25  0.31  0.35  0.27  0.22  0.00  0.24  0.20  0.31  0.40  0.39 
 0.29  0.36  0.31  0.38  0.28  0.29  0.28  0.24  0.35  0.24  0.00  0.28  0.34  0.20  0.26 
 0.39  0.33  0.27  0.30  0.34  0.37  0.34  0.29  0.23  0.20  0.28  0.00  0.40  0.30  0.34 
 0.40  0.38  0.33  0.30  0.25  0.20  0.30  0.22  0.34  0.31  0.34  0.40  0.00  0.22  0.22 
 0.40  0.23  0.31  0.27  0.30  0.24  0.38  0.28  0.21  0.40  0.20  0.30  0.22  0.00  0.23 
 0.28  0.33  0.26  0.30  0.38  0.27  0.35  0.23  0.34  0.39  0.26  0.34  0.22  0.23  0.00 
