30 12
6
      7376
      9122
      8402
      7256
      7456
      7504
  2.2  43.4  23.3   1.6
  1.6  38.5  13.2   2.0
  1.9  26.8  46.1   2.4
  2.2  20.5  94.5   1.7
  3.0  14.3  86.8   2.1
  1.9  22.6  22.6   1.6
  1.2  41.7  86.1   1.5
  1.7  13.3  70.5   2.5
  4.5  16.4  30.3   2.3
  2.0  33.1  44.1   1.7
  1.3  45.1  21.7   1.8
  2.0  28.7  91.5   1.6
  3.5  18.7  48.1   2.3
  4.1  12.6  84.6   2.1
  1.5  15.3  81.4   1.7
  4.0  23.3  61.0   2.1
  4.3  42.4  48.3   2.3
  2.3  12.8  80.9   2.1
  4.9  21.7  55.3   1.6
  2.6  43.2  50.9   1.6
  3.3  20.8  23.6   2.4
  2.3  13.1  48.4   1.5
  3.7  42.9  10.3   1.6
  4.5  28.9  13.6   1.8
  2.2  30.9  42.9   2.0
  4.7  44.9  76.6   1.7
  1.2  20.8  73.2   2.1
  2.2  34.7  89.8   2.5
  3.8  30.7  67.2   1.9
  2.6  32.5  29.7   2.0
  4.8  13.1  75.3   1.6
  5.0  11.6  85.1   1.8
  4.3  25.6  21.7   1.7
  4.6  49.6  18.8   2.4
  3.5  26.7  78.1   2.1
  4.3  30.4  69.2   2.1
  1.1  24.9  89.9   2.1
  4.3  49.3  51.3   1.9
  3.0  14.8  52.0   1.6
  3.4  36.9  16.1   1.6
  2.2  30.5  47.2   2.4
  4.2  23.2  16.0   2.3
  1.6  48.4  34.1   1.6
  2.0  37.3  87.8   1.9
  3.8  27.0  24.2   2.2
  3.4  46.8   9.8   1.9
  1.7  45.3  18.4   2.0
  1.1  20.7  49.0   1.5
  2.9  37.2  82.3   1.5
  4.2  39.6  92.4   1.5
  3.8  30.6  63.3   2.2
  4.5  49.6  60.3   1.5
  2.8  22.7  19.4   2.3
  3.3  44.7  36.6   1.8
  4.5  45.9  75.0   2.0
  4.8  40.1  68.3   2.0
  4.9  36.2  27.3   2.3
  2.5  24.6  73.9   2.1
  1.5  13.0  48.7   2.0
  4.1  46.4  15.8   2.2
  1.4  10.1  27.6   1.7
  4.9  46.9  54.0   2.1
  5.0  25.3  64.0   2.5
  4.5  29.7  55.8   2.2
  1.9  45.5  51.7   1.9
  4.4  39.6  83.2   2.1
  3.4  33.2  66.6   1.6
  4.7  31.9  48.6   2.2
  2.3  27.3  50.4   1.5
  2.4  34.8  91.2   1.9
  2.9  29.3  44.2   1.6
  1.4  24.6  17.5   1.7
  1.6  43.3  48.2   1.8
  2.2  34.6  62.9   1.7
  3.7  34.2  14.1   2.2
  4.8  27.4  30.9   1.9
  1.4  24.4  59.1   2.1
  4.8  42.7  76.1   1.5
  1.8  47.8  21.4   2.5
  1.1  38.4   9.6   1.9
  1.8  34.5  47.1   1.5
  4.2  29.9  70.3   2.1
  2.9  34.1  70.3   1.6
  4.8  22.1  76.4   2.0
  2.6  46.9  87.1   2.4
  3.8  35.8  15.2   2.5
  1.7  14.1  16.0   2.4
  3.9  27.5  94.1   2.1
  2.5  40.8  39.5   2.0
  4.0  38.1  22.6   1.6
  3.1  39.8  44.5   2.5
  2.2  25.5  91.2   1.6
  3.4  49.8  37.3   2.1
  3.9  14.8  50.0   2.4
  1.5  41.9  39.7   2.3
  4.0  46.6  62.1   2.0
  1.4  13.4  58.4   1.9
  1.4  37.8  91.9   2.3
  1.5  28.0  34.6   1.5
  2.2  40.5  91.3   1.8
  1.2  46.3  48.0   2.5
  4.7  20.8  83.2   1.6
  2.7  25.7  68.9   2.1
  2.7  21.4  45.1   2.3
  2.9  25.6  67.7   1.9
  3.3  25.6  69.9   1.8
  1.7  25.0  73.5   2.0
  2.6  35.8  72.9   2.3
  1.1  11.0  72.2   2.3
  3.8  33.4  85.7   1.9
  1.9  41.5  92.4   1.6
  3.7  27.1  22.1   1.6
  2.5  23.5  58.7   2.1
  3.0  16.0  55.3   2.4
  3.0  23.4  43.9   2.1
  2.8  44.1  43.9   1.8
  4.4  11.8  85.9   1.8
  2.6  28.2  45.8   2.3
  3.6  19.0  90.7   1.6
  1.5  43.7  77.1   1.6
  2.3  48.2  62.0   1.8
  2.2  37.0  89.9   1.6
  1.2  41.0  60.6   1.6
  2.3  16.6  24.6   1.7
  2.7  15.8  70.6   1.5
  3.0  40.2  87.7   1.8
  3.2  35.3  16.1   2.1
  4.4  32.8  49.4   1.9
  1.4  13.7  15.6   1.9
  2.1  25.0   9.8   2.3
  3.2  39.5  90.0   1.8
  1.1  34.0  25.8   1.6
  3.0  10.8  11.7   1.7
  2.9  34.6  22.3   2.1
  1.7  21.7  21.9   2.1
  3.9  45.7  61.5   2.4
  4.5  49.3  74.4   1.9
  3.3  42.2  64.0   1.5
  2.9  22.0  34.2   2.1
  1.3  21.4  23.2   2.1
  3.8  18.2  52.6   2.2
  2.2  43.8  28.5   1.6
  3.5  14.1   6.4   1.7
  2.2  24.4  90.8   2.0
  4.2  46.7  73.6   2.2
  2.9  28.3  24.2   1.8
  2.1  11.4  19.5   2.1
  2.9  30.8  94.2   2.5
  4.3  17.8  47.3   2.2
  2.6  30.5  76.5   2.3
  1.4  18.7  57.3   2.5
  1.4  38.4  13.2   1.7
  3.1  49.2  36.3   1.5
  3.6  41.5  79.2   2.3
  1.0  43.2  78.1   2.5
  4.8  41.5  45.2   2.2
  3.2  23.3  55.2   1.7
  3.8  45.1  72.8   2.5
  3.5  37.7  43.9   2.4
  1.7  31.7  62.5   2.2
  2.6  13.7  70.4   2.5
  2.1  24.5  73.8   1.9
  3.9  29.7  70.0   2.4
  5.0  23.3  42.3   2.1
  3.1  23.3  49.7   1.6
  1.8  17.4  78.1   1.7
  2.1  16.3  72.8   1.7
  3.1  32.7  45.0   1.5
  1.1  18.7  40.7   2.1
  4.3  45.0  86.9   2.5
  2.5  27.5  94.2   1.9
  4.0  38.8  92.0   1.8
  1.9  38.1  29.7   2.2
  2.8  23.8  73.5   2.4
  1.9  18.7  94.9   2.4
  4.2  46.9  87.5   2.4
  3.2  10.3  58.7   2.3
  1.4  37.6  91.2   2.1
  2.7  19.1  13.3   1.7
  3.3  40.3  65.4   1.8
  0.2   0.2   0.3   0.4   0.2   0.3   0.4   0.4   0.2   0.2   0.3   0.2   0.3   0.2   0.4   0.3   0.3   0.3   0.3   0.2   0.3   0.4   0.3   0.3   0.3   0.4   0.2   0.3   0.2   0.2   0.3   0.4   0.3   0.2   0.3   0.4   0.3   0.4   0.2   0.2   0.4   0.3   0.4   0.3   0.4   0.3   0.3   0.2   0.2   0.4   0.4   0.2   0.4   0.3   0.2   0.3   0.3   0.2   0.2   0.3   0.3   0.3   0.3   0.2   0.4   0.2   0.4   0.3   0.3   0.3   0.4   0.3   0.3   0.2   0.4   0.2   0.3   0.3   0.2   0.2   0.3   0.2   0.2   0.3   0.2   0.3   0.3   0.3   0.3   0.4   0.2   0.4   0.2   0.4   0.3   0.2   0.2   0.4   0.4   0.3   0.4   0.3   0.3   0.3   0.4   0.3   0.4   0.2   0.4   0.4   0.3   0.2   0.4   0.4   0.3   0.2   0.4   0.3   0.4   0.2   0.3   0.3   0.3   0.3   0.4   0.2   0.2   0.4   0.3   0.2   0.3   0.3   0.3   0.4   0.2   0.3   0.3   0.3   0.3   0.2   0.4   0.4   0.3   0.3   0.3   0.2   0.4   0.3   0.4   0.2   0.4   0.3   0.4   0.2   0.4   0.4   0.4   0.2   0.3   0.4   0.4   0.3   0.4   0.4   0.4   0.3   0.3   0.3   0.4   0.3   0.2   0.3   0.3   0.3   0.4   0.2   0.3   0.2   0.3   0.3 
   67   128   172    72   110    96   100    22    53   120   101   107    66     5   174    63    26   158    55   141   104    36    11   172    55    13    19   171   106   111   166   105   112    24    46   108   105    78    58   108   112    46   174    70    55   150    81    64   102   170    74    28   159    64   128    98    84    12    54   154   139    27    40    23    54    95   177   120    69   178    26    43    31   164   151    79   141    23   103    34    17    18   178    77   148   101   112    44   123    71    30    85   126   158   161    19   110   147    89    27   169    50   158   104   116    29   122    75    18    20   159   157    17   118   162   153    21    30    81    83   177   151    50    99    74    74   141   168   108    20    48    28   104   168   162    26   159   100    72     8   126   119     9   107    20    87   141    24   159   151   147   115    58    49    92    74    54   143   106    63   121    46   137    29   179    16   117   112    20    42   144   107   166   140    93   121   109    44    34   139 
  144   160    60   169   103    48    29    76   120    94    33   145   139     8   156     9   171   127    50   144   116   159   145   126   148    31    64   134    87    86    48    45    90   108   104    11    16    42    41    62     5    19   171    98    69   121    75     4    28    93    32     7    81   172   122    97   124   147    63   153   105    88   173   115   126    57    93   109   135    67    50     7   142   150    18   130    62    25    98    27    87    47    61    74    68    16   152    10   148   149    38   164   107    99    80   175    39   157   164   103    50    16     5   157   116    84    95   111   121    61   161    20    75    35   133   103   109   114   132   139   171     8    82    60    75    29    18   104     7    83    73   115   146   165    11    52   159    36   173   135   100    17    69   129   142    88    96   105    33   158    26   137   134    42    69   177    71    70   167    68    43   170    69     1    57    73   157   108    63    53    29    83   118     1    37   144   171    57    31    50 
  179    43   107   161    14    90    14   168   169   128   107   178    14   101   108    71    74    99   141    78   175     3    27    60   166    43    45   111   116   156    96    19    53   138   141    84   117    55    84   152    84    36    39    30    87    51   172    44    56   178   180    86   119   144   125     4    81    41   129    55    97    55   108   131    26   160    91    60   166    39   127    74   158    95    21    87    93    89   144    91   127    63   129    69   112   139   131    31   139    77    13    50    51    29    46   178    96    65    26   172   100    20    71    32    88    96    90    24    52   126    21   129    65   110    41   153    35    42    65    40    33   117   108    18    26    47     2    31   123    97    12    67     1   112    89   144   132   128    99    14   169    21    37   132    61    75    60   178    34   109   145   163   161    88    25    11    92   160    88   114   151   176    69    86   122   121    65     7    32   127    54    40    73    54    86    84     4   126    45   136 
   93   124   101    36    60    83    78   114    19   109    75   174    82   170    62    94    45    29    65    53    29    23    17    20   110    42    55    13    93     4    71   179    38    59    95    73   172    40    29   150   157    82    32    15   172    81   172   116    44    69    44    50    68    36    62   147   149   131    24    80    87   119   106    81    77   156   137   107   150   164   167   135   104    52    79   103    13   105    75   115   178   148    65    28    66    89   109    32   110    55    41   103    85   127     6    98   134    10    60   179   105    70   146    29   146   180    58    44    74    21   147    97    49    75    45    72    40    49    64   108    63   151    24   110    96    93   114   105   107   164    40    62   134     6    60    39   100   131    62   163   157   135     2    23   129    33   107   152    79    25    81    67    89   116   162    27    68   126   160    71    99   147   120   122   167    98   148   117   147   112   155   102    75    59   111   149    95    40   108   120 
   81    65   117   118    92    40   142    71   167    27    50   130    41    87    59    50    92   135    83     3    53    52   117    59    59    31    43   178    66     7    59    62    62    60    55    65   134   101   174    18    99     5    38    86    53   159    36   134    33   172    70    61   145   111   149    84   106   149    60     2    40    40   137     5    37    19   136   134    42   108   133    65   107    65    99   143    40    98    58   172    55    78    81   171   179    87    91    49    24   105    59    14   159   123    75   103    68   109   180   107   145    50    53    13    19    11     9   161    90   153    89    36   174    56   151   157   143   112    65    14   128     5     7   128    11    70   135   132   149    66   166    72   129   134   156    30    25   115    83   130   153    95   136    88    40    40    19    10   166   121    50     5   178    63    38    52    65    77   118    15    20    23   137   127    31    92   147     2   111   157    20    10   124    83    82   120   147    84   155   120 
   42    77   124   145    23   111    54    35   157     8   120    66    66   145   132   149   126     1    38    72    31   143    71   149     7    21   167   179   160   148   130    73   107    49   106    94    93   133    56   113    25    47    13   176    58    15     3   120   141    64    19   101    34    12    13    21   149    77   126    40    15   135   120    61    61    53    48    37    19   166    35   175   127   132   119   153    71   161   128    87   136    54    96   116    17   136    67     2   117   126    52    75   132    16    13    62   156    35   105    80    94     1   118    39   168    10    73   100    32   121   152    88    94   145   172    40    26   118   150   114    64   179   103   165    36    59   164    10   139    61    51   124   135    35    72    11    80     9    26    51    87   139    75    67   164    72    60    46    88   176    38    94   142    14   132    23    50   115   103    20    18    39     4    28    22   160    98    52    77    37   180   114    52   143    77     5   180    87   144   172 
   71   114    68    49   130    60   137   155   111    68   104   111    62   123     9    27   157    38   133    65    63   107   103    61   143    35   134   150    79   135   164   169   103    44   149    26    99    75    71    80   128   125   133    90   134   136   126   111   180     3    92    25    81   140    44    27    73    24   157     2    75   136    95    15    33    10   104    89    19    94   115    17     4    96   128    25   138    12    10   133    53   150    19    70   126   125    26    97    21   137    15   141    72    81     1     8    17   164   144    65   104    57     3   142   120    22    37   100   177     8    69    45   119   131    29    82   150   160   112   180    58    88    64    16    17   107    13    22    69    57    61    87   165    76    94    20    81    50    47   171    26    41   159    19    12   104    76   165    51   174    68    14   160   104    87   109    21   176   180   174    73    42   139    44   174   146    38    96   115    54   152   169   158    83   140   138    16   123    27   105 
  167   150     9    53   129   170    15    46    31   163   120    72   144    87   180    36    87   114    98   145    35   102    50   129   125    91   155    12   163   160    29    10   137    63   180     2    63   114   103   124   111   178    73    35    68    15    46    17    93    98     9    30   116   126    43   114   135   164   160    11    31    59   113   171    47    28   124    65    60   139    84    82   151    64   141   172   172    47     6    10   140    58    90    28    24   176   143   138   153   161    87    36   129    61    39   149    68   164    41   132   108   108   174   173   158   135    47    59   161    78   178   160   131   133   114    84    29    94    34   156   114   111   160   107   109   171    79    71    49    25    71   124   170   112   106   173    29   174   157   179   136   164   101   173   144   140    22    27   103   121   147    30   151    37    60    56    91   122   139   158    97   139    43    98    21     2    98     2   141   169   130    77   144   158    46    62   116    67    62    75 
   62    61    37    83    35    16   156   126   143   155    18    52   167   113    44    60    39    56   130   128    57   148   175   123   144   149    95   142    11    19   153    91    65   133    62   179    42   131    56    64    57    53    30    95    53    32    73   139   176    51   168    98    44    63   132   178    53   130    81   168   174     9    18    86    11    99   145    77    51   150   136    65     4   118   158    14    25     5   137    57   146    97   100    45   164   102    83   163    37     4    51    47    68     3    33   142   108   149   103    46   117   149     6     1    39   168   167   106   160   164    78   153   102   131     4    30    67    73    53    35    69    42   107   147    83   179    55    79    32   160    27    73    39    33    83   147    30    29   153   159    30   147    60    67   103   101   112    10    71    93    36    32   127     4     9    67    92    15   101    49   150   139   131    18    82   147   121    57   118    87   114    35   177   119   172    10   156     6    46   146 
  164   173   177    58   131    15   159   103    32   168    61    15    94   146    29   110    89    25   109    23    41   135   164     1    53   112    34   149    65   153   111   166    92   109   118   119   105    66    87   157   169    85   138    53   101    71    76   166   144    16   167   175    85    38   133    72   112    29    55    97   130   109   115    88     3    91   109    60    43   126     7    93    66   152   163    64   147    73    97    68   151    39    52    48    14    82    13   140   104    89    76    75    17    63   140    82   112   120    20    95    91     4    34    68   144   136   180    79    15    56     5   119   110    90   115    47    46   165    61   115   169   135    91   129   156    85    64    92    23   148   103    47    78   165   157    13    84   140    44    81   177    14    37    86    89   113   125    90    94   115    92   112    34    77   162   126    83    28   161   103   169   144    79    80    84   145    77   101    94   127    44    50   151   111   175   137    20    24    55    65 
  105   128    19    94   172     4    72    49   106    87    60    97   157    91    22   153   151   108    79    34    13    10     6    67    73   179    97   177    64    64   156   176   168    25     9   130    41    57   124   131    57    71   155   180   102   134    50    94    78   104   147   112    43    14    79   165    12    49   124    35     6   171    10   104   144    61   149    24   169    34    70   134    91    83    99    23   169     4     9   116    99    45     4   162    59    41   175    70    99    84   145    77   126   180   146   127     6    89    79    26   102   117    27   108   159    50    55    37    36   152   170    34   110     8    78   138    91    26    99    62   101    83    42    33    16   126    16    19   101    55    92   123   128    34   180   117   179    34   132    90    13    30    44   142    83    96    22    22   176   149   172    63    13    59   122     2    52    44    38    69     8    60    14   167   126    18    25    49    96   149   152   124    34   119   117   115    90   119    75    87 
  135   122    55    47    68   143   158   156    37    52    71    51    41    23   119    25   178   122    16    76    28   150    47   158    82   140    26    61    38    84   100   115   100    40   162   114    19     8   139   163    78    94   160    53    38   177    20   166   122   151   123    40    27    43    18     6   131   120   106   137     2    61   136   161    77    30    61    10    49   152    67    53   180    21    97    53    52   136   117    89   126   102   124    24    84    24   104   119    32    88   109   111    71   106   179    34   137    52   165   154   119    45    26   143     1    20    82   180   179   149   129   118    61    54   146   113   177    76   145     5   180   119   121    63    50    53    22    67    42   126   111   163    44   155    40    46     9    91   142     5   147    95    29   133   174    49     8   112    17    38    22   167    40    70   128     7    99   115    90    14   161   174    53    63    37   137    10    20   151   113    42   142    65   165    19     6    23    55    44    77 
 0.00  0.40  0.25  0.26  0.37  0.30 
 0.40  0.00  0.34  0.38  0.29  0.32 
 0.25  0.34  0.00  0.34  0.26  0.28 
 0.26  0.38  0.34  0.00  0.30  0.35 
 0.37  0.29  0.26  0.30  0.00  0.27 
 0.30  0.32  0.28  0.35  0.27  0.00 
