120 12
6
     31458
     31767
     34642
     32762
     33580
     32069
  2.6  16.9  77.0   1.7
  3.3  23.7  52.3   1.6
  2.9  26.3  50.7   1.5
  1.3  14.9  83.3   2.4
  4.0  30.5  63.3   2.4
  1.6  24.2  72.1   1.6
  3.5  34.3  34.1   2.0
  3.8  42.2  83.1   1.6
  2.2  34.0  40.8   2.5
  2.9  41.7  91.8   1.5
  3.9  15.3  86.7   1.8
  1.3  26.4  23.3   1.7
  4.8  23.5  66.5   1.9
  4.7  34.1  48.3   2.4
  4.9  13.1  30.1   1.9
  3.5  42.3  70.0   1.6
  1.5  34.7  35.8   1.6
  2.0  42.7   6.7   1.7
  2.0  33.3  65.1   2.3
  3.2  42.1  74.9   1.6
  4.2  42.2  57.9   1.6
  4.8  14.9  80.9   1.9
  2.1  41.6  93.7   1.7
  2.7  39.0  81.2   1.9
  2.1  36.5  22.3   2.1
  3.5  37.0  72.3   1.5
  4.5  18.6  73.4   1.6
  1.2  10.6  83.0   2.3
  2.0  43.1  50.1   2.0
  3.4  45.5  27.9   2.4
  2.3  13.7  68.4   1.8
  3.0  26.8  48.0   2.1
  2.8  36.6  34.4   2.0
  2.9  31.8  32.8   2.3
  2.6  43.4  62.5   1.7
  2.2  41.5  45.1   2.1
  1.9  26.2  31.9   2.3
  2.2  38.2  47.3   2.0
  1.6  36.3  20.6   2.0
  2.1  25.3  87.7   1.8
  2.0  39.2  29.9   2.2
  4.2  16.8  19.3   1.7
  2.1  17.8  25.4   1.7
  4.8  28.0  72.3   2.5
  1.3  22.2  53.3   2.0
  2.2  13.3  49.0   1.9
  1.2  44.6  35.8   2.4
  2.1  16.0  91.2   2.4
  1.8  23.9   7.0   1.9
  4.4  39.1  14.7   2.1
  3.8  11.8  13.5   2.5
  3.4  47.9  27.6   1.6
  4.8  49.6  78.2   2.4
  1.5  20.7  63.4   1.8
  4.4  26.7  68.2   2.4
  3.9  30.9  71.1   1.5
  3.9  49.4  31.6   2.3
  2.2  30.0  19.3   1.7
  1.1  19.2  17.7   1.8
  2.2  33.1  55.2   2.3
  1.0  41.4  59.6   1.5
  3.2  44.9  88.3   2.1
  2.9  25.7  89.8   1.5
  1.5  15.5  15.2   2.4
  3.1  48.2  48.2   1.7
  3.9  21.5  17.4   2.1
  2.0  34.7  29.3   1.9
  3.4  46.5  94.4   2.3
  3.5  41.6  72.5   1.5
  2.5  17.9  16.2   1.9
  1.9  30.1  58.6   1.9
  3.4  16.0  21.2   2.0
  3.6  28.7  90.2   2.5
  2.1  17.4  23.4   1.6
  1.3  39.9  11.5   1.5
  4.2  25.2  51.3   1.8
  4.3  47.4  44.9   1.8
  4.1  21.3  18.7   1.9
  3.0  33.7  24.4   1.9
  3.6  41.6  44.7   2.4
  2.7  39.6  53.4   2.5
  3.8  18.7  28.8   2.4
  1.1  31.0  50.3   2.1
  1.0  25.4  92.8   1.9
  2.7  12.8   8.3   2.1
  2.1  26.6  23.0   1.5
  2.5  29.2  43.6   2.3
  4.1  29.5  12.8   2.2
  4.3  23.0  17.5   2.4
  4.1  44.8  72.4   2.5
  3.1  40.4  26.1   2.1
  2.1  18.9  37.8   2.4
  2.8  43.2  64.8   1.6
  3.9  22.1  94.6   2.1
  4.9  36.5  65.0   1.8
  4.1  22.9  84.7   2.1
  3.5  14.4  61.2   2.2
  2.1  12.3  50.1   1.7
  3.9  16.6  86.6   2.0
  1.8  40.7   9.9   1.9
  1.5  26.1  76.4   2.2
  3.1  47.4  89.6   2.1
  4.6  35.4  88.1   1.9
  4.4  39.5  14.3   1.6
  3.8  43.5  17.1   2.2
  1.7  13.1  46.3   1.7
  4.4  30.9  60.7   2.2
  2.8  40.5  19.5   2.4
  2.5  26.2  45.3   2.0
  3.7  48.9  68.6   1.5
  3.1  19.5   7.3   2.2
  3.6  12.3  48.0   2.3
  1.3  39.7  14.4   2.1
  3.0  39.3  76.6   1.7
  2.8  13.3  64.8   1.5
  2.0  10.8  75.4   1.9
  4.6  28.1  68.7   1.6
  1.9  31.4  86.9   2.0
  4.8  26.4  66.6   2.2
  1.3  26.9  88.2   2.1
  1.0  46.3  62.9   1.8
  4.9  38.6  20.8   2.2
  1.7  38.1  87.9   2.4
  2.6  19.7  11.7   2.4
  1.7  27.7  74.4   2.4
  2.0  32.8  49.4   1.6
  3.0  24.0  47.9   1.7
  4.9  17.1  77.1   1.5
  3.4  29.3  33.7   1.8
  3.8  11.7  22.0   1.7
  1.3  48.7  41.3   2.0
  1.3  36.5  33.0   1.5
  3.5  22.0  29.5   2.3
  2.7  40.5  58.0   2.4
  2.6  21.6  23.5   2.1
  4.8  17.5  41.6   2.3
  3.6  22.7  20.7   2.4
  1.7  25.5  90.8   2.2
  2.0  49.7  43.1   1.8
  4.6  29.3  66.9   2.3
  2.9  24.8  44.9   2.4
  1.7  32.3  48.8   1.7
  3.8  20.7  18.4   2.2
  1.1  18.6  16.2   2.4
  3.0  49.5  34.1   1.9
  4.4  21.2  47.1   1.5
  4.2  41.6  28.8   2.3
  1.4  35.0  76.2   1.5
  2.3  40.5  16.0   2.5
  3.0  33.3  68.6   2.4
  2.0  16.8  57.1   1.9
  2.2  21.3  93.3   1.5
  1.5  43.8  29.8   1.6
  1.3  46.5  56.3   2.2
  3.5  13.5  72.9   1.9
  2.8  45.7  94.2   2.3
  1.8  19.1  60.3   1.9
  3.6  24.5  14.5   2.2
  3.9  15.8  37.6   1.6
  4.9  47.9  79.6   2.3
  2.6  46.6  23.5   1.6
  2.2  42.4  75.7   1.8
  4.8  49.2  47.9   2.2
  1.6  36.9  41.8   1.9
  1.3  32.6  67.2   2.1
  4.1  30.4  87.3   2.0
  4.1  35.7  26.6   2.5
  4.4  16.6  10.9   1.7
  3.1  36.0  67.6   2.3
  1.0  29.0  36.7   2.5
  3.2  44.0  49.2   1.9
  3.2  26.5  50.9   2.0
  1.3  35.0  26.1   1.9
  1.9  48.3  65.3   2.0
  2.8  11.3  73.5   2.1
  4.6  20.9  76.8   1.7
  3.4  44.4  60.2   2.4
  3.6  23.8  66.3   1.8
  4.8  15.6  72.9   1.7
  4.3  11.8  13.8   2.5
  3.2  11.2  77.8   2.5
  2.3  40.0  62.9   2.0
  2.3  37.0  90.0   2.2
  4.9  37.7  43.7   2.0
  1.9  31.8  76.5   2.4
  3.6  34.9  28.8   1.5
  3.3  48.1  19.5   2.3
  4.1  17.8  39.8   2.2
  1.0  43.2  14.9   2.3
  2.3  12.9  85.4   1.7
  1.2  10.1  36.0   2.2
  3.4  28.6  58.4   1.7
  4.5  49.0  64.0   1.6
  1.9  45.7  47.3   1.7
  4.6  18.1  16.0   2.0
  3.1  31.9  61.9   2.0
  1.4  36.5  41.1   2.2
  2.1  19.5  12.4   1.5
  4.9  44.4  64.7   1.9
  1.9  27.1  49.7   1.6
  4.3  27.2  28.7   1.7
  1.5  17.1  16.0   2.0
  4.4  20.0  77.2   1.8
  3.2  13.8  37.5   2.1
  3.2  20.7  36.2   1.7
  2.7  26.2  74.8   1.7
  3.4  21.5  62.0   2.1
  4.3  31.3  44.7   2.2
  2.7  29.4  17.3   2.2
  1.8  46.2  78.8   1.7
  2.5  19.6  28.9   1.6
  2.9  24.7  34.0   2.3
  1.8  42.9  12.7   2.1
  3.0  40.5  90.9   1.8
  2.5  16.4  80.2   1.7
  2.5  37.4  17.0   2.0
  3.4  30.3  48.9   1.6
  1.2  27.4  77.3   2.1
  3.4  36.8  25.0   1.7
  2.4  33.3  50.6   2.4
  1.4  22.0  52.3   1.6
  2.6  24.1  46.1   2.4
  4.4  41.1  51.1   1.7
  2.8  32.4  87.7   1.7
  3.2  10.1  50.2   1.8
  1.4  24.9  61.1   2.2
  4.9  22.0  15.2   2.2
  2.8  48.5  30.3   2.4
  1.6  12.7  53.7   2.0
  4.9  19.8  81.1   2.1
  3.7  31.0  81.8   2.1
  1.1  38.2  76.4   2.4
  4.8  16.6  47.9   2.0
  4.6  31.5  31.1   1.8
  3.6  49.3  84.7   1.8
  3.6  33.0  72.9   1.5
  3.6  37.1  74.9   2.3
  4.5  18.7  51.4   2.4
  3.8  39.2  24.8   1.9
  2.2  25.0  36.4   1.5
  2.9  33.6   5.9   1.9
  3.9  15.4  44.6   2.4
  1.5  17.3  11.5   1.6
  3.7  44.4  26.9   1.9
  1.8  27.7  62.6   2.5
  2.2  29.5  73.8   1.6
  4.1  14.0  52.1   2.0
  2.9  14.8  89.6   1.7
  4.5  14.7  61.8   2.1
  4.1  38.7  29.8   2.1
  1.8  43.8  69.6   1.6
  3.6  39.5  20.6   2.5
  4.3  30.9  78.8   1.7
  3.8  22.5  43.3   1.9
  2.0  28.6  68.2   2.3
  4.6  25.1  51.2   2.1
  2.7  17.1  16.3   1.8
  4.5  26.3  69.7   1.9
  2.8  10.0  25.0   1.9
  2.4  37.0  44.3   2.2
  3.3  48.2  15.0   1.7
  1.3  12.6  19.5   2.1
  1.7  29.4  35.3   2.4
  4.5  48.4  24.3   2.1
  2.2  47.2  28.1   2.4
  2.1  19.5  70.5   2.5
  3.1  18.0  30.7   1.8
  4.6  33.1  15.5   1.7
  2.7  47.9  74.8   2.4
  4.6  28.5  27.8   2.0
  3.1  35.0  20.3   1.8
  3.7  43.6  62.2   1.7
  2.0  20.6  78.2   1.6
  3.9  22.3  84.7   2.3
  2.1  49.7  17.5   2.2
  2.3  11.5  91.8   2.3
  4.5  43.8  20.1   1.7
  2.7  23.9  80.3   2.0
  2.8  11.6  24.6   2.0
  1.0  16.3  23.5   2.4
  4.4  32.2  57.8   2.0
  3.7  31.8  90.4   2.1
  4.1  32.3   6.4   1.7
  3.1  21.7  75.2   2.4
  4.0  16.5  40.3   1.6
  3.9  12.0  70.7   2.3
  3.3  45.9  14.4   1.7
  3.7  25.0  39.6   2.4
  2.2  45.0  50.9   1.6
  3.6  31.6  94.8   2.1
  3.7  13.3  19.4   2.0
  3.8  15.1  79.2   1.7
  4.6  41.4  72.1   2.5
  2.3  40.6  74.7   2.3
  4.8  49.0  16.9   1.6
  3.7  38.6  23.9   1.9
  4.1  31.6  84.8   2.3
  5.0  11.2  91.5   2.1
  3.2  46.5  30.4   2.3
  4.5  45.5  39.2   1.8
  1.6  49.7  24.8   1.5
  1.8  22.7  72.3   1.7
  2.2  16.7  50.7   2.4
  3.3  49.9  62.0   1.8
  2.3  35.6  46.8   2.4
  3.4  29.6  13.7   1.7
  2.1  27.8  26.4   1.5
  4.9  17.6  14.6   2.1
  4.6  33.1  85.5   2.5
  3.4  16.0  26.2   1.7
  2.5  35.5  91.6   2.4
  3.2  34.9  56.3   1.8
  4.3  32.1  75.8   2.2
  4.1  21.8  42.4   2.3
  4.4  23.3  77.2   1.6
  1.8  14.6  83.0   1.5
  4.8  29.8  63.3   2.0
  4.5  16.4  82.1   2.0
  1.8  39.8  33.9   1.6
  4.1  46.4  39.7   1.6
  3.9  49.0  76.9   2.1
  4.4  39.6  47.7   1.7
  3.3  38.3  75.5   2.1
  3.9  36.0  49.3   2.4
  2.0  27.6  51.6   1.7
  3.1  43.5  57.0   2.2
  4.5  27.9  52.5   2.1
  4.4  25.0  61.7   1.5
  3.9  15.0  54.0   1.8
  1.0  49.7  14.6   1.8
  4.6  17.2  40.7   1.9
  4.4  27.1  59.1   2.2
  4.9  36.1  54.6   1.9
  2.6  44.5  33.7   2.3
  4.1  32.9  43.7   2.3
  1.8  29.1  40.7   2.5
  2.3  45.2  47.3   2.5
  1.0  10.9  17.7   2.4
  1.1  27.4   5.8   2.1
  1.1  28.3  31.7   2.0
  3.5  29.5  54.8   1.7
  4.6  38.0  67.3   1.8
  3.8  48.8  48.1   2.0
  4.8  17.9   8.4   1.9
  1.8  22.4  10.2   2.2
  4.6  49.0  10.0   2.4
  2.9  45.2  15.4   2.3
  3.3  40.1  20.3   1.7
  4.3  44.5  52.1   2.0
  1.1  43.6  56.8   1.6
  1.7  40.5  30.0   1.6
  3.8  36.0  36.0   1.6
  4.0  38.6  35.6   1.5
  3.0  12.3  56.6   2.4
  3.9  46.4  10.1   2.0
  3.3  36.8  50.6   2.0
  3.4  14.2  55.1   1.8
  2.6  34.8  20.7   2.3
  1.6  41.7  22.3   1.6
  3.3  20.5  12.0   2.2
  4.4  19.4  67.2   1.8
  2.8  29.6  86.0   1.8
  3.8  24.5  46.2   2.5
  1.6  34.1  28.8   1.9
  4.1  42.0  42.6   1.6
  4.2  12.7  53.1   2.0
  2.7  48.5  37.7   1.7
  4.8  20.5  34.2   1.6
  1.6  11.1  92.9   2.2
  3.2  40.0  35.1   2.1
  3.4  32.9  90.9   1.7
  3.9  33.0  38.1   1.5
  3.2  48.5  28.0   1.5
  2.9  31.7  59.6   2.3
  3.9  30.0  81.2   2.1
  2.4  27.5  71.8   1.5
  1.8  38.6  92.1   2.3
  4.1  28.2  52.1   1.7
  1.0  18.1  67.9   2.4
  4.6  26.4   9.2   1.9
  1.9  22.9  65.9   1.7
  5.0  25.8  29.2   1.6
  4.5  21.7  13.3   2.5
  2.8  23.9  43.1   1.6
  1.1  41.3  22.0   2.1
  3.9  33.8   5.9   2.5
  4.0  22.9  82.7   2.4
  1.2  18.7  13.5   2.1
  4.6  45.2   7.9   1.5
  1.4  25.9  90.2   2.2
  4.3  24.4  23.9   2.0
  3.7  10.6  45.9   1.6
  3.5  49.3  92.7   1.8
  4.3  29.8  74.3   1.6
  4.8  36.0  66.6   2.4
  1.7  36.0  30.6   2.1
  2.7  11.8  71.2   2.3
  2.5  40.2   7.9   1.8
  1.6  41.2   8.5   1.5
  4.9  35.1  60.7   1.6
  4.5  47.6  26.1   1.5
  4.2  23.7  56.6   1.6
  1.9  10.4  50.1   2.2
  3.9  30.2  78.5   2.4
  2.7  24.9  75.8   1.5
  4.6  29.8  11.5   2.1
  5.0  15.2  15.8   2.3
  2.9  14.2  51.0   2.4
  3.8  23.7  93.7   1.6
  1.6  47.3  93.4   2.1
  2.7  24.4  44.9   1.8
  2.7  42.9  84.9   2.0
  1.5  21.8  81.2   2.0
  4.4  44.1  41.8   2.1
  2.4  34.1  53.0   1.8
  2.0  32.2  94.1   1.7
  1.8  21.5  24.3   2.1
  1.7  12.9  14.7   1.8
  2.3  24.1  34.7   1.6
  1.2  13.7  14.1   1.6
  1.6  25.6  84.2   1.9
  4.7  30.9  50.8   2.3
  3.0  11.3  46.8   2.1
  4.3  22.4  22.1   1.8
  3.7  19.0  72.3   1.7
  2.8  14.5  94.9   1.9
  3.1  35.5  36.9   1.9
  1.4  29.3   9.4   1.7
  2.7  40.6  33.8   2.0
  2.8  33.8  76.8   1.9
  4.1  49.1  58.3   2.0
  4.9  26.6  59.9   2.4
  1.5  24.2  13.0   1.7
  4.4  25.1  13.5   2.0
  1.3  47.3  39.7   1.7
  3.2  33.9  40.2   2.0
  4.3  10.3  25.9   1.6
  1.4  37.5  38.5   2.0
  4.6  35.2  86.9   1.6
  1.8  41.2  20.1   1.8
  3.4  46.2  10.4   2.0
  1.3  47.2  80.5   1.6
  2.1  17.1  85.0   1.8
  1.4  19.9  46.4   1.6
  2.9  49.9   9.3   2.1
  2.8  15.0  57.5   2.4
  4.3  48.3  72.2   1.9
  1.9  44.1  30.7   2.5
  1.9  36.2  86.7   1.8
  1.2  18.0  30.6   1.8
  1.2  17.0   7.5   2.3
  3.5  33.2  29.2   1.6
  2.4  33.8   6.3   1.7
  3.8  19.7  34.3   2.0
  3.8  16.6  38.5   1.8
  4.3  41.4   5.4   1.9
  2.5  39.0  19.1   2.5
  1.9  34.6  80.2   2.5
  4.7  48.5  55.7   2.0
  4.9  25.7  42.2   1.8
  4.9  16.9  66.6   1.8
  3.9  16.7  23.6   2.2
  2.4  29.1  89.9   1.6
  2.3  27.3  92.2   2.2
  3.0  45.7   7.4   2.4
  4.9  20.5  29.2   1.8
  1.7  48.0  54.9   2.1
  2.8  34.6  69.2   1.6
  2.9  19.2  92.9   1.7
  3.7  15.1  42.4   1.9
  4.9  39.1  15.6   2.1
  3.5  48.1  72.4   1.7
  4.9  10.1  25.7   1.9
  3.5  24.6  16.1   2.1
  4.0  43.8  19.6   2.3
  2.9  17.4  73.0   2.2
  2.4  42.2  43.2   1.6
  1.2  46.9  47.4   1.6
  1.2  42.9  89.9   1.6
  4.6  40.5  42.0   1.7
  4.8  31.9  68.9   2.2
  4.7  15.3  85.1   1.6
  3.7  49.6  39.5   2.5
  2.9  41.9  59.9   1.6
  2.9  24.7  71.7   2.2
  2.9  17.5  68.3   2.1
  3.2  41.4  67.8   1.6
  1.9  26.1  37.2   1.9
  2.6  49.7  85.1   2.3
  1.7  12.0  34.8   1.9
  2.5  21.1  71.4   2.1
  4.9  13.3  24.7   1.8
  1.4  34.2  25.6   2.0
  1.9  40.2  39.8   1.8
  3.5  22.8  76.6   2.4
  4.6  26.0  58.4   2.2
  3.0  10.3  50.3   2.4
  4.9  35.9  82.8   1.8
  3.7  29.5   7.1   2.3
  2.2  37.8  28.7   1.9
  2.1  33.1  13.8   2.0
  3.7  13.5  46.8   1.9
  1.9  12.6  18.2   2.4
  4.4  30.2  43.1   1.8
  1.2  34.9  77.2   1.8
  2.9  22.3  70.5   1.8
  4.7  43.4   8.8   1.8
  3.8  28.6  50.6   1.9
  1.8  22.5  92.5   1.8
  4.9  29.4  65.9   2.3
  4.5  17.3  64.1   2.1
  2.0  20.7  88.1   1.6
  3.2  19.8  13.3   2.1
  2.9  14.7  84.6   1.7
  2.3  48.1  53.7   1.8
  4.7  32.1  64.2   1.9
  2.7  24.1  74.9   2.4
  4.2  28.0  13.5   1.6
  2.1  42.2   6.4   2.2
  3.0  31.2  79.0   2.1
  2.6  44.2  36.6   1.7
  3.2  21.6  86.9   1.9
  1.6  11.5  89.2   1.7
  3.5  11.7  70.6   2.4
  3.7  48.8  25.6   2.0
  1.7  45.9  50.5   2.1
  3.1  18.9  44.4   1.6
  1.9  17.6  69.2   1.6
  4.7  20.8  24.3   2.2
  2.7  14.8  87.0   1.7
  2.2  10.9  46.7   2.2
  1.2  33.9  69.5   2.1
  3.3  40.5  26.5   1.8
  1.7  24.2  46.2   1.8
  4.1  37.0  53.8   2.1
  2.7  36.8  85.5   2.1
  3.6  43.9  21.3   1.8
  2.1  22.3  24.2   2.5
  3.8  45.1  28.1   2.3
  2.6  37.7  54.0   2.1
  4.5  40.4  94.5   2.4
  3.8  48.9  82.9   1.8
  4.3  38.8  84.2   2.2
  4.9  33.8  92.6   2.2
  3.1  17.9  66.4   1.5
  4.4  48.6  43.2   2.5
  3.5  22.0  51.0   1.6
  3.8  29.4  62.2   1.7
  2.2  30.7  12.0   2.4
  2.4  11.6  45.9   1.8
  4.8  30.7  62.4   2.5
  1.5  13.5  32.5   1.7
  4.8  27.3   6.2   2.3
  4.7  38.5  42.1   2.3
  1.1  47.3  10.0   1.8
  4.1  41.4  84.3   1.8
  4.5  11.2  72.3   2.2
  4.3  12.1   6.1   1.6
  3.6  28.9  19.3   2.1
  1.1  19.5  25.7   1.5
  1.9  16.2  90.9   2.5
  1.3  28.3  75.1   1.8
  4.9  47.0  40.2   1.8
  1.3  18.0  63.7   2.3
  4.7  19.5  66.2   2.3
  2.9  20.0   8.3   1.5
  3.3  30.8  67.2   2.4
  5.0  38.4  75.0   2.3
  3.3  38.2  72.1   2.1
  4.1  28.2  93.7   1.8
  4.0  41.0  14.8   2.4
  2.9  44.8  27.7   2.2
  3.6  12.0  32.9   2.2
  2.3  47.4  59.3   1.8
  3.2  23.4  16.3   2.3
  3.1  17.3  46.7   1.9
  2.1  29.2  94.7   1.8
  2.3  35.7  76.6   2.1
  1.8  19.9  62.5   1.8
  4.3  23.2  10.6   1.6
  1.3  20.2  27.9   2.5
  3.2  46.2  13.3   1.5
  2.8  33.6  43.5   2.5
  2.5  24.9   6.8   1.7
  2.0  31.1  71.0   2.1
  2.8  29.5  73.5   1.7
  4.3  42.2  75.1   2.5
  4.0  36.3  70.7   1.6
  4.7  37.8  47.1   2.3
  3.7  35.0  13.4   2.3
  2.1  47.9  66.2   2.4
  4.8  19.5  84.5   2.2
  2.3  16.1  66.4   2.3
  4.2  29.9   6.7   2.2
  2.8  28.4  86.7   1.8
  2.5  20.9  32.0   1.8
  1.2  23.9  41.6   2.4
  2.9  23.8  83.8   2.2
  3.9  48.1  58.2   1.5
  1.5  24.0  42.5   2.2
  2.1  41.8   6.9   1.7
  2.5  28.3  54.0   2.1
  3.6  48.3  11.6   1.7
  4.1  28.3  19.5   1.5
  4.8  34.6  37.4   2.1
  4.1  16.7  18.2   1.6
  2.3  14.6  45.5   1.6
  4.7  30.7  21.4   1.7
  3.5  15.6  28.8   2.4
  3.1  49.9  43.0   1.8
  4.2  20.0  49.2   2.5
  2.4  41.4  48.5   1.6
  4.6  47.1  32.0   2.2
  1.5  48.9  45.0   2.2
  4.4  43.6  11.8   2.1
  4.3  20.5  48.2   2.3
  1.3  30.9  66.7   1.7
  2.1  42.1  60.9   1.9
  1.6  41.2  20.1   1.7
  3.5  19.6   6.0   1.7
  2.0  28.2   8.0   1.7
  1.1  29.6   9.6   2.2
  3.7  28.3  21.6   1.9
  3.2  40.3  71.4   2.3
  1.1  34.3  71.4   2.0
  3.7  32.3  50.8   2.1
  1.8  25.8  81.3   2.2
  3.0  39.1  74.7   2.1
  1.8  14.7  54.5   1.6
  4.2  31.9  71.0   2.3
  2.9  18.4   7.7   1.6
  4.3  31.5  66.9   1.6
  1.9  25.1  47.1   2.1
  4.0  10.8  38.3   2.2
  3.6  12.2  48.8   1.6
  1.3  37.3  12.1   1.7
  4.0  29.7  52.5   2.3
  3.7  11.6  60.0   1.9
  1.4  27.6  86.2   1.9
  3.4  27.7  85.3   1.7
  4.9  33.8  11.0   2.4
  4.1  24.7  81.6   2.3
  3.3  10.9  72.4   2.2
  1.8  36.0  51.5   1.8
  1.6  12.3  55.7   1.9
  1.7  48.6  91.6   1.8
  2.8  14.1  46.0   2.3
  3.8  11.6  18.5   2.0
  2.1  14.8  38.6   1.7
  4.5  36.4  28.3   2.3
  1.1  29.9  13.2   1.7
  1.3  30.6  47.4   2.0
  4.7  28.2  71.8   1.8
  2.2  10.9  53.8   1.9
  1.7  43.6  22.8   2.4
  4.8  33.4  26.1   2.2
  2.4  14.4  73.4   1.6
  4.7  17.3  16.8   1.8
  2.7  31.7   5.4   2.4
  2.2  18.8  95.0   2.2
  1.8  16.0  39.5   1.7
  3.8  42.4  62.0   1.6
  1.1  33.1  45.3   1.7
  1.9  35.3  67.7   1.7
  3.7  46.1  38.0   1.7
  1.1  16.9  56.3   2.2
  4.4  18.2  28.6   2.1
  3.0  47.9  74.3   2.3
  3.0  48.4  37.6   1.9
  1.4  42.1  92.0   2.0
  3.5  39.4  37.9   1.8
  4.3  46.2  60.6   1.9
  3.7  30.9  65.3   2.2
  2.7  41.8  39.2   2.3
  2.6  35.8  29.7   1.9
  2.4  38.0  21.6   1.7
  4.4  36.8  36.4   1.9
  3.9  39.8  94.4   2.5
  4.9  36.0  83.4   1.9
  4.3  29.1  48.2   2.0
  4.0  31.9  11.2   2.4
  2.4  33.8  51.9   1.9
  2.0  10.1  61.0   1.8
  4.1  29.1  35.1   2.3
  3.0  49.9   5.9   2.5
  4.1  26.0  81.4   2.2
  1.4  17.8  74.7   1.8
  3.7  13.8  58.3   1.7
  5.0  45.2  33.0   1.9
  3.5  46.2  91.7   2.5
  4.9  27.3  69.5   2.0
  3.4  11.9  90.3   1.5
  3.3  41.2  54.8   2.1
  4.8  19.2  57.3   2.0
  4.2  47.9  90.7   2.3
  3.8  23.9  37.3   2.0
  2.1  19.4  35.6   2.0
  3.9  30.7  35.4   2.0
  4.3  47.7  49.7   1.8
  2.1  44.3   8.0   1.6
  1.3  46.6  17.9   2.5
  2.1  35.1  27.9   2.4
  4.0  25.1  59.9   2.3
  1.9  32.8  52.7   2.0
  2.6  16.9  54.4   2.0
  4.1  27.1  36.5   2.5
  2.3  31.1  82.9   2.4
  3.4  48.1  22.0   1.9
  2.1  19.3  17.0   2.2
  4.0  34.6  42.7   2.4
  1.1  32.3  34.4   2.1
  1.1  42.9  34.2   2.4
  1.7  40.9  16.8   1.9
  1.9  15.7  64.4   2.0
  1.5  32.8   8.5   2.5
  2.8  27.7   7.2   2.4
  3.1  27.6  91.9   1.8
  4.1  28.2  56.6   2.3
  1.4  39.2  22.0   1.7
  3.9  48.6  36.0   1.8
  0.2   0.3   0.3   0.3   0.3   0.2   0.3   0.2   0.4   0.3   0.4   0.3   0.3   0.2   0.3   0.3   0.2   0.4   0.2   0.4   0.2   0.3   0.2   0.2   0.2   0.2   0.2   0.2   0.4   0.2   0.2   0.3   0.3   0.3   0.2   0.4   0.3   0.3   0.2   0.4   0.4   0.3   0.3   0.3   0.2   0.2   0.3   0.4   0.3   0.4   0.3   0.4   0.2   0.2   0.4   0.4   0.3   0.3   0.2   0.4   0.4   0.3   0.4   0.3   0.4   0.2   0.3   0.3   0.2   0.4   0.4   0.3   0.3   0.4   0.3   0.3   0.4   0.3   0.3   0.3   0.4   0.4   0.3   0.4   0.3   0.3   0.2   0.4   0.3   0.4   0.3   0.3   0.3   0.2   0.3   0.4   0.3   0.2   0.3   0.2   0.3   0.4   0.3   0.3   0.3   0.3   0.4   0.3   0.4   0.2   0.3   0.2   0.2   0.3   0.2   0.3   0.4   0.3   0.2   0.3   0.2   0.2   0.3   0.3   0.2   0.4   0.3   0.3   0.3   0.3   0.4   0.3   0.2   0.3   0.2   0.2   0.4   0.4   0.4   0.3   0.2   0.3   0.4   0.3   0.2   0.4   0.3   0.2   0.3   0.2   0.3   0.4   0.2   0.3   0.2   0.3   0.3   0.3   0.2   0.4   0.4   0.4   0.4   0.3   0.3   0.3   0.2   0.3   0.3   0.3   0.2   0.3   0.3   0.2   0.2   0.4   0.3   0.3   0.4   0.3   0.3   0.4   0.3   0.4   0.4   0.2   0.3   0.3   0.2   0.3   0.3   0.3   0.2   0.2   0.2   0.3   0.3   0.3   0.2   0.3   0.2   0.3   0.2   0.3   0.3   0.4   0.3   0.3   0.3   0.3   0.4   0.2   0.3   0.4   0.3   0.2   0.3   0.3   0.2   0.4   0.4   0.4   0.3   0.3   0.2   0.3   0.3   0.2   0.3   0.3   0.3   0.4   0.4   0.4   0.3   0.4   0.4   0.3   0.2   0.3   0.4   0.3   0.3   0.2   0.3   0.4   0.3   0.3   0.3   0.3   0.3   0.3   0.2   0.4   0.3   0.3   0.4   0.4   0.4   0.3   0.2   0.3   0.2   0.3   0.4   0.3   0.3   0.3   0.3   0.4   0.3   0.3   0.3   0.4   0.4   0.4   0.4   0.3   0.2   0.3   0.3   0.3   0.3   0.3   0.3   0.3   0.4   0.4   0.4   0.3   0.2   0.2   0.4   0.4   0.2   0.3   0.4   0.3   0.4   0.3   0.3   0.2   0.2   0.3   0.2   0.3   0.2   0.2   0.3   0.3   0.4   0.2   0.4   0.4   0.4   0.3   0.4   0.4   0.2   0.3   0.3   0.2   0.3   0.4   0.4   0.2   0.2   0.3   0.4   0.3   0.3   0.2   0.4   0.4   0.3   0.3   0.3   0.4   0.2   0.3   0.2   0.4   0.2   0.3   0.4   0.3   0.4   0.4   0.3   0.3   0.2   0.3   0.4   0.3   0.2   0.3   0.3   0.4   0.4   0.3   0.3   0.2   0.4   0.4   0.3   0.4   0.3   0.4   0.4   0.3   0.3   0.2   0.2   0.3   0.2   0.4   0.3   0.3   0.2   0.3   0.3   0.4   0.4   0.4   0.4   0.3   0.3   0.2   0.3   0.3   0.4   0.2   0.2   0.3   0.4   0.3   0.4   0.3   0.3   0.3   0.4   0.3   0.4   0.3   0.2   0.3   0.4   0.3   0.2   0.3   0.2   0.3   0.4   0.4   0.4   0.4   0.3   0.2   0.3   0.4   0.4   0.3   0.2   0.4   0.3   0.2   0.4   0.3   0.3   0.3   0.3   0.2   0.3   0.3   0.2   0.3   0.3   0.3   0.3   0.2   0.3   0.2   0.2   0.2   0.3   0.2   0.2   0.3   0.3   0.3   0.4   0.3   0.3   0.2   0.3   0.4   0.4   0.3   0.4   0.4   0.4   0.4   0.3   0.4   0.3   0.4   0.4   0.2   0.2   0.3   0.2   0.3   0.4   0.3   0.3   0.4   0.3   0.3   0.4   0.2   0.2   0.2   0.3   0.4   0.3   0.3   0.3   0.2   0.3   0.3   0.2   0.2   0.4   0.3   0.4   0.2   0.3   0.4   0.4   0.4   0.4   0.4   0.3   0.4   0.3   0.2   0.2   0.4   0.3   0.3   0.3   0.3   0.2   0.3   0.2   0.3   0.3   0.4   0.2   0.2   0.3   0.4   0.3   0.3   0.3   0.2   0.4   0.2   0.2   0.4   0.3   0.2   0.3   0.2   0.3   0.2   0.3   0.3   0.3   0.4   0.3   0.3   0.3   0.4   0.2   0.3   0.4   0.2   0.4   0.2   0.3   0.3   0.3   0.2   0.3   0.3   0.3   0.2   0.4   0.4   0.4   0.3   0.3   0.3   0.2   0.2   0.3   0.2   0.3   0.3   0.3   0.3   0.2   0.3   0.4   0.2   0.3   0.4   0.3   0.2   0.3   0.2   0.2   0.2   0.4   0.4   0.2   0.3   0.4   0.4   0.4   0.3   0.3   0.3   0.3   0.3   0.2   0.3   0.4   0.2   0.2   0.3   0.4   0.4   0.2   0.3   0.2   0.4   0.3   0.3   0.4   0.4   0.2   0.3   0.3   0.4   0.2   0.2   0.4   0.4   0.3   0.3   0.3   0.2   0.3   0.4   0.3   0.3   0.2   0.3   0.4   0.3   0.4   0.3   0.2   0.2   0.2   0.4   0.3   0.2   0.2   0.3   0.4   0.3   0.3   0.3   0.4   0.3   0.3   0.3   0.3   0.4   0.3   0.3   0.3   0.3   0.3   0.3   0.4   0.3   0.3   0.2   0.4   0.2   0.4   0.3   0.2   0.3   0.3   0.3   0.3   0.4   0.3   0.3   0.4   0.4   0.3   0.3   0.4   0.2   0.2   0.3   0.3   0.4   0.3   0.2   0.3   0.4   0.4   0.4   0.3   0.2   0.3   0.2   0.4   0.2   0.3   0.3   0.2   0.3   0.3   0.3   0.2   0.4   0.3   0.3   0.3   0.3   0.4   0.4   0.2   0.4   0.3   0.2   0.2   0.4   0.3   0.4   0.4   0.3 
  153   169    26    30    92    20    11    71    61   151    33    88    52    55     4   114   156   122    57   160    76    72    58    86   129   155    84     2    21   130   109   169   149   119    39    59    89    30    44    22    21    15    48    34    21   153   173   134   164   176    89    39    46   175    68   104    30    36    20    95   130   112    99    42    77   116    41   116    68     5     6    55    44   122    75    27    40    82    30     1   139   174    27    50   155   101   156   174    71   117   164    26   168   169    73    72    64    88   110    81   178   125   167    82   108     4    70    59    47   127     6    20   114     2    37    37    43    67   130    13    22   179    19   115   158   131    82    51    89   104     9    95   157   145     3   153    49    88    17   103   122    71    17    83    79   140   164    70   170   152     1    27   100   149   111    97    85   170     7    21    34    22    86    84    29    66    56   171   126   159   104    42   113   115    88    13    60    62   170   136    82    37    43   165    10   117    47    15   120    89   100    61    17    70    49    21    71    27   107    56   157    73   125    20    23   142   103    11   159    82    82    66    29   173   155   110   154    52    86    90     2   152    58   168    80    64   147   132   143   104    77   135    35   114    55    97    81   120    53   133   153    91    91    17    53   175    67    99    75    60    46   163    11    61    93   167   134   104     6    52    25   103     8   114   117     3    50   106   134    65    47    84    73    18    91   126    72    74   134   166    31   137   151   156   156    69    93    49    81     4   126   127   131    54    97   166   134   120   120    16   169    98   134   138    20   111   112   165     7    42   158    55    39    30   152    77    43    89   177    80   127   135    64    29   156   144    46     5   116    31    44    59    87    62    73    40    98   171   159   163    96    83     6   134   152    96    26   122    68   176   104    38    58     4   163    43    93   159   180   180   123    97    12    41    57     4   179    99   143    74    38    22    53   159    63    60    73    93    58    25    36    41   133    55   136    93    67   124   162    65     1   178    11   146    57    46    38    10   126    62    86    84    57    73    16    81   128    22    70   175    54    43    68    56   160   103    62    40   125    52   158    13    16   107   118   160   109    46   172    70   163    41    57    21   177    48    94   110   167    80    91   124   136     2   170   117    69    71   142    22    84   180    72   155    55   145   140    28    31    44   100    42   161    89    40    45   150   116    12    10    87    49   146   155    62    76    92   122    50    35    50    62    66    22     7   180    18   177    14   128    90   176   140   138    66   170    49     2    90    69   154    99   120    70   104   132    20    52    16   111     6   125    57    35    16    72   146   106    95    17   119    83    45   119   159   164    32   165   104   138    88    29    89     9    73   124   170    89    94   147    56    35    51   110   156   139    63    57    87   121   140    89   122    11    49   111    11     4   171    44    77    97   132   160    81     5   143   168    51    94   155    84    14    83    20   100    35    26    26    56   170    30   164   134   175    89    36   149   103    97   112   158    10     3   114   150   169    39   137   123   159   157   117    50   137   106     8    94    15   134    72   164    52    66   174    47    93    86   113    85   116    17    40   130    91   119    12   134   166    69   133   171    74   134   180   123   169   160   140    91    43    86   166    64   133   180   150     7    10    59    58   163   129    94   142   179    18     2   173    71    20    72    21    89    63   106   106    39    70    75    33    26    22   134    32    91    25   111    78   145   176   179   173   144   145   132    42    96    71    64   149   124   177   157    50    43   169   177   115   111    23   177    97   142   128    41   172   159    52    73   165   159   141    75   137    27    24    45   113   147 
   19   110   114    12   120   163   167    16   147     8   169   173   159   156    19   158   115   109   140    39   169    54   152     6   154   115    87   119    99    24    65    19   156    30    24    11    65   168   166    44    33    60   107    47    74     6   148   174   169   160    24    98   180   154    82   170   123    14   149    75   150    91   159    84    75   147    49    10   123   147    48    58   104   177    26   150    24    85    95    44    90    48    57    15   163    28   118   163    31   180    30   104   107   144   147   138    35    35   105   111    46    56    93   160    81    92   112    68    94    35    87    28    12     3    21    42   180    23    24   132   178   166   103   118   126   170    51    34    34    80    40   160   150    24     3    14    21   112   157   102   175    24    60   166   121     8   144    87    58   119   163   128   114   172    76    56   168    59   104    95     5   171   165   117     1   142    42   120    68   135    57    39   153   120    11   139   163    44   110    11   171    13    90    27    81   164   128    94     7    89   164   121   148   104    70    54    86    97    43   175    77   150    26    53   122    50   175   165    48    81   138   156    98    52     9   127    61    34   169    17   176   125     3    97   142    76   160     5    37   162    26   114   173    38    46    61     2   143   138    94    36    31   163    13    40    25    49   137    62   167   148   161     1   177    69    13   156   153   100   114    62    84    22   143    31    46    86     2   160    52   103   122     1   102   148    55   103   137    60    77    49   163    64   171   105     3   132    44    51    30   174    55   102   143    74   103   116   179   145   127   159    65   127    46    46    65    27    40   166    91     1    87    82    89   135   131    45    30    94   116    66   149   138    74    66   107   156     2   140   180    68    80    89   129    70   122    50    62    99   119   166    52    85    62   150    60    91   178   146   139    99    70    63    38    25    12    61   162    16   131    83    58   168   132    99   116     7   131   155   105   111   149    29   150    41    36    87    58   166    23    84   128   121     5   118   154    57   107   100    86    11    57   177    69   133    82   127   174   172    40   176   126   123    66    25   148    83    39   168    87   178   117     5    63   162    76   150    89   125     8    75   169    91    54    93    44    19   143   167   152   132    12   129    18   154    58   119   173    48    37   122   144   132    79   131    78    99   169   169    75    46   115   154    28    47    70    72    40   180    64    27    92    96   144    78   147    55   145    74    72   117    58    68   133     7   134    79     5   120    32   171     9    61   124    36    61    32   176   126    72    89    45    60    55   109     3   149    77   177    72    26   155   139   120    31    81    87   131   171   137   138   121    62    68   138   147    64   124    94   141    79    58   162    20    64    68   154    91   120   162     2   103   145   113    53    21    56   153    80   106    77   152   131   113    83    63    81   100   156   150   117   146   116   165    19   131   173    42   144    58    38   128    12    98    18     1    50    76    56   117    51     1    37   155   103   164    98   168    83    27     6    63    73    46   117    37    85   155    91     7    15   166   118    82    38    22   132     4   103    11    38   138   136   136    14   129   158     1   151   140     7    86   138   160   114    76    87    69   158   111    58    14    77    76   127    74    19    26    40   124    33   129   135   114    45     1    82   164     5    73    11   152    31   137    95    46   104     4   162   122    36   147    10    80    20   169    74     7    67    73   170   114    16    23   174     5    28    42   120   131   157    82    79    21    41   100    84   136   157    49    21   122   154     3    83    10   135   144   143    62   170   154     9    90    52   172   134   164    12    27   138   136    84    29   165    55    80    92   172    65     7    35    50   163   179    39   172    80    26    13 
   12    47    20    59   179    24   165   143   110    55    24   134   154   114    94    40   141   126    61   137    10   134   127   173    45    20    22   123    11    20   106    87   161   165    60   124   120    33   168    55   102    41   100   129   168   168   138    84    12   104    72   132    57   162   171    15     1    45    77   124    39    20   146   118    42   170   170   112    14    38    29   154    70   113   113    42     1    32   171   122    32    88    18   140    94    94    99   180   168   162    42    43    87   143    35   161    10   129    46    16   111   137     3   177   155   105   166   174    43     7   149    85   154   144    96    38    66    14   108   126   100   136    96     5   166    66    73    42    47    33   142    14   139    81   106    22   114    55   145   132    55    11    25    82   180    96    66   147   105    22   108    69    27   132   122   160     7   112   155     4   158    38    35   134    63    97     8    24    42   126    22    72    39   123    70   102   123   156   133    95    54    73   133    81   161    30   156   119    27    92   130    55    35   163   104   110   136   169    29   148    62    47    48    94    94    25   109    48    42   111    50    66   153    47   135    76   138   131   102    74   114   109   158    21   134   178    74    13   132    90    18   160   153    77    26   111    86   175    49   165   120     2   173     8   176     8    72    34    53   145    75    36   110   116   164   153    85   179   101   179    22    75   127    40    48    66   100   141   124   148    56   151   168    52    90     8     6     3    13     4    48   117   158   123    81    14   166    79   123   123   104    50    29    12    88     5    87    61   143    59    49    69   129    82     9    19    83   153   136   117   154   160    60    85    35    99     3   142    88   149   177    39   116   121    63    18   113    41    44    57   135   104    45   118    21   101    41   115    58    65   137    40   158    93    22   107    37    34    76   177    98    47    99   119    57   161    69   153    86    52   175    38   128    48    99    18   103   135   164    78   126    13   132   135    85    83    89    43     8    27   116   111     9   152   114   146    24    61   179    56    53   162    25    91   102   113   102   122    24   102    36   130    97   171    77   174    55   154    17   130   135    95    93    83    44    94   178   173   138    32    74   162   117   162    65   105    15   166    88   177   165   156   161    65    79   168     5    57    67    28    95    51    61    66   169    76   165    85    55    87    84   123   130   136   142   121   159    53   178   154   136   159    60    34    85   148   168    42    76   172   161   119   179    36     3   134     8    30     9    80   171   180    97   121   103     1   168    62   143    48   114    60    24   108    58   163   157    90    35    77    98   154   166   113   123     1   171    31    45    35    86    93    39    20   180    73    12   102     5   146    48   139    11    19    12   101    13   121    44    11    91   117   175   142    26   123    57   131    54    79    46    23   120    39   156    75    65    92   175     2    35   156   136   143   137     7    89    98    60   112    22    97    23    63    76    37    76    71    11    53   169    94   173     8   147   165     2   121     6   162   107    23   170    48   143    60   168   152    42   131    89    50   103    97   143   151    83    90    58   116    31   110    96   103   134    57    40    66   141     3    78    81   109     9   109     8   168    11   169    90    98   129    54   133    14   121    65    28    59    23   158   163    99   104   150    58   136   165    24   108    66   173    87    65     6    83   173   152    18    75   139   117   127    97    37    40   112    78    30     1    78   101   117   177    23   109    92   138    75    31   134    99   125   144   172    94    77    27    68    98    60    19     2   119    65    88    39   125   151   159   179   144    28    48   162     4     8    21    61   167   140    93   104    65    83   116   180    38    54   143    67    75     9    45    49    30     1    63    62    27 
  112    96    50    81   170    36   179   170    56    12    78   104   108   150    51   114    88    40    64   152    64    31   106   153    67    78    42    53    21    55   145    29   173    36   122    65     7    95   127    85    24    70    17    83    27    79     9    84   170   122    39    78   122    12   113   155    77    16   155   131     4    77    82   123    49    81    42   166   126   113   121    87   133    46    10    95   169    47   138    60    22    42   132    85   134    85    92   165    36    66    85   147    95    39   115   139    11    17    42    78   178    77   164   178     6    74   132   131   162    40   120   151    28    21   152   123    59    92    64    26    79   144   135   171    74    10   114   177   169   132   108   120    92   160    53    32    94   127    12    28   122   153   116   167   126    35     4   124   137   104   129   139    19    16     8   164    91   176   122    58    31    16    19   153    60   162   123   112    27     2    96   117   128    93   110    75   101    24    73    81   179   136    18   109    19    11   118     7   141   133   134     2    63    81   124   122    33   104   172    36    58   104   104   156    90   175    89     8   112    67    76    13    93    48    93   170   111    97   105    10   156    41    58    85   142    76    80    13   175   152    27   127     4    60     8    81    60   106    40   120   107   105    14   112    70   116     3    12   177    80   130    67   107    22    24    58   149   145    19     3    13   177   107    59   130    74    73    84    71   124    73   133    50   180   119    76    24    14   165    35    40   168   180   160   134   143     9   130    18   157    65    18   111   166    48   109   172    57    26    90   119    62    64    76    96     9   168    85    99   124    51   141    87   179    32    21    20   110    86    98     6   171   172    66   179    63    17   154    59   102     6   164   155   103    49    16    92    10   112   126   139    38    26   113   131     3   129    93     4   177   111   160    56   128    56    79   161   163    14    46   121   119    98   128   179    40    53    90   169    54   153    73    83   123   121    26    11    78    39   170    32   107    30    55    89   114   100   173    30    79    99    70   156   111    98   157    80    31   174    51    22   166   154    22    40    80    96    25   145   114    20    70    98   130    58   152    75    57   148   138    81    38    62   116   149   170   105   119    38    70    31    15    19    67    45   179    98   162    24     7   123   128   121    50    74   169   127    34    12   151   116   114    74    30   163    10    90   114   119   148   107   128    98    42    39   125    30    99   134   170   173     5    17    85   148    27    92    81   163    47    65   174   121   109    56    25    53    89     3   107   176    34     4    71    90    38   156   143   113   123    43   168    46     7   158   116    81    37   100    43    81   166    18     5    36    34   141    52   156   137    95    41   100    17    16    99    57    84   116    71    96   126   170   131    79    23    40    88    13    41    24     6    36    58    96   169   137    86   174    31   111   116   100    71    78   154    24    42    51   167    53    10    34    56     1   145    74    21   127    74    43    55    68    77   133   155   124   127    30    43   136     2     6   175    36   169    55    90   169    61   174    80   133   136    85    28   152   146   178    24   111   153   131   166   162    99   140   111    63   137    13   105   134   143   145    86   105   167   148   179   116   136    77   153    20   133    61    44    31     5   134    80    31   121    71   149    52    73    24    61   111   147    45   164   174    63   117   132    97   179    23    24   108   178    79     6   158    16    34   107     3    92    71    25    53   111    28   147   100    25    97    90    72   123    73    87   145   108    55    27   133    34   134    36    15     4   156   166     7   114    54   125    39    64    87    73    73    23    72   129   114    57    43   147   125   139   146   107    88   148   180   117   170    39   162    93    17    79   171     2 
  175   124    88   139    21   162   167   134   165   128    40   135    83    64    81   107   108   171    49   152     7    86   174   171     3   124    51   100   169   136    86    63   146    93    35    97    97   177     6     3   180    79    31     5    28    42    74    53     1    65   178    90    64    96   168   142    20   143   116   123   168    65   131   120     3    99   115    85    77   102    34    64   171    66   117   156    68   164   105   171    19    39   161   107   132    38   103    37   108    96   125   112    22    76    95   131   109    88   123   102    64    97    22   113    83    67   159     4   100   135    33   146     9   125   171     5     9    34    38    74   116   172    77    64    90   171   149   115    37     8   147    29     8    53   154    83   160   110    75    59    28   169   166    55   147   115   154    77   117   173   110    98   157   132   168   162    52    72    58    41     6    54    68   103   102    84    22    13   153    33    42   132   173     2    66   135     4    28   158   115    32   178   173    63    82   113   132    41    15   164    49    78    40   156    80   104   104    71   139    24   101    68    29    20    11   158    51   116   172   135    60    26   147   115    49     5    13   141   111    48    41    78    58   114   161   118    66     8   141   115   171   136   102   176    82    40    93     5    38   162    49    10   128     1   115    46    99   156   103     5   176   112   154   112   108   158     6   137   156   165   165    52   178    25    87   137    92    71   136    28   103    27    68     9   172    77   174   126    69    94    82    90    61   116   109   151     5   155   116   115   170    68   122   159   153    75   164    74    82    70    11    11     7   100   126   100   160   162    66    14   102   164   128   157   170    44    31   163    61   146    23    62    25   154    78    91    84    15   162   156   137    87   103   172    24    80   149   138    22   111    44   108    85   139    59   122   177   167   153    44   118    78    10   124    87    32   153   164    24   154    54   179   175    27   154    19    61   158    12     6   120    68    35    72    44    62   135    43    12    78    11   115    80    45    84    48    50   119    50    36    75    44    84    33   153    73    71   177   112     6    83   138   113    76   140   140   159    62   161   130    23   149    34    29    78   156   153    30    15    93   130   163   133   126    38    21    22   173    36   152    64   167   164    99   123   115   116    40    95    23    54    49   124    10   178    98   169    17   108   103    16    53    72   104    49    23   104     7    65    87   168   172   169     4   151    69   152   165    91    22    53    69   124   127   158   157    63    78    88    57   115    28    67    29    73   142   177   149    98    47   109   157    69   134   130    73    40    88    17    71   140   121   173   130    98   151   126   171    18    32    77    20   177     1    46    79    12   130    65   119    19   106     8   133   101    64    97   159    13    13   133    52   178   110   179    95    25   137    62   129     9    24   101   139    56    96   160   162   130   129   170   127   137    50   102   101    88    57   136    46   128   175   120     5    48     1   157    69   135    24   134    68    54   111    54   114    70     4    15    77    63    33   146   152    40   171   144   108   158    89    21   177    35    50   173   174     5   162    84   167   127   154    70    80    65   127   175    80    55   153    47   144    67   161   130    82    37    99   166    11   145    20   147   180    37   173    52    97   164    78    55   152    82    57   174   169    37    54    66     1   100   174   159   171    93    94   109   150    29   112   176   151   145   110     2   125    43    18    67    68    42    75    55    63    97   178    47   118     8    61    92    12    82     4   151    40   155    32    10    19   147   131   163    41   179    40   166    18    45    38     6    80   143    94    58   136    95    96   171    13   140    31     3    91    11    92   141    77     6    60    93    91   117    47    70   160   108     8    80   115 
   13   154    18   161    18   173   105   149   102   143    46   152   121    77    83    56    98   179    28    32    70    79   131    16     5    22   149    94     4   174    11    11    50    69   122    62   159   155    47   169    54    74   119   156    56    44   133     6   161    78    64    37    74   104   161    19    32   102    96    61   129    27   149   106    48    97   157   156     2    93   153   121     9     1    17    20   141    47    25   175    78   109    40    33    33    37    86   117     6    92   151   114     5   124    73   123     9   171    38   144    53    16   115   119    79    46   147   167    32   108   175    61   120    23   165    44   130    81    85    82   154   154    68    23    37   141   121    62   166    40    21    32    87    45    90   101   151    51    87   139    85    86   129   141    32   163   118   157    58    35    10   106    62    63    65   168    15   118    41   154    39    63     8    94    81    23    58   144    51    68    56   128    80   154    87    92   131   154    42   109    87    84    46    15   139    97    12    56   114   159    46    91    57   130   139     4   139    26    21    54   114   107   134    23    27   119   167   129    32   162   173    11   137   109   122   122   100   160    99   108    45   178    21   177   121    19    89    81    69    87   137    27   133    39    14    40    49    75    91   105   129   154    68    26    62    49   133     8    65    85    86   124   120   154   119   164   176   172     6    32    46    83    35     9   117    73    34   106    83    24   108    22    64   175    78   137   127    46   161   137   122    42    94    58   155   159   117   180    86   153    46    68    28    20   144     1    84    61   139   152   173    49   128    36    22    55   179    12     3   114   134    68    18   107    75   106    81   122    68    80    52   105   177   138    36    23    15    87    29   128    45   119   103    49   101    55   158     5    70    47   139   144    30    68    45   122   174   162    55    14    17    84   170    67    43    20    85    63   159    44    33   112   102   171    69    93   119    92    74    44    40   162    11    76    91   136   135    75   119   158   103    41    56   165   144    17    82    87   144    20    52    35   161   128   123    46    48   121   161    88    98    94    19   112    40    50    45   139    65   134   156     3   112    16     7    34   105   132   108    90    83    92   133   129    82    20   145    23    40    63    96   165   117    90    20   150   170   164   149    53   144    93   101    41    96    67    29    58   109    44   111    95   164   107   108    71    52   104    47    17   135   176   160   144   101   137    73    17    28    97   180   158   172   112    70   139   143    16   119    91    23   167    67   161     9   174     8    74     2   135   129   105   163    89   177    65    69    49   149    39    23     3    82    65    61   100     8    13    21   159    27   121    95     9    64    88    90   152    76    17   171   132   129   101   136    65   139    97    47    90    58    51   133   136    95    40    14    74   137    35   179   104    42   172   150    46    44   115    87   129    34    60   107     6   151   143   159   124    22   116   126    66   144    15    60    84    72    36   100    35   158   118    65   143    96   162    83    84    11   116    30    92   139   114    29    39    43   123    29   150   151    57    45   141   137   130   145   175     2    35   135    44   110    18    66   164   103   108     5   173    22    24   169    12    21   101    96   116    18    27   165   167   123    59    38   103   119   115    28   132    33    29    96    51    33   105    48   149    27   173    90   128   111    31    76   141   106    34   164    66    29    50    26    22   131   121   152    21    72   120    56    68   174    20   102     5   162    52    89    93    21    32    26    82    78    57    21   136    98    76    36   171   155    30   109    73   131   142    94    60    67   153   133   163   102   173    33   172   127   162    24   148    23    82   111     6    66    65   119   142    82    91    48    92   153   109    18    68    84    62 
   76   113   103    48   162   156     6     4   108   157    36    64    19    81    16   139   177    52   132   176   133    41   153    79    41    45   168    22   164   124     2    62    72   102   127   119   160    44   124   134   161    37    20    94     1   100    64    79    39    36   171    71   106   127   152    81    44    52   106   169    89   102    64   132   177   150    55    95   125    98    28    12    41    71    21    54    77   106    50    54    41   170    46    65    54   118   168   170    78   118    28   150   147    18     2   122   176   108     4    34   179    25   114   137   138    33   108   124   165   128    30     4   129    24    75    94   158    70   129   125    66   152   173   147    64   151    73    96     7    91   139   157   170    79    41    18   171    64    76   130   105     5   113   131    57    74   148   160     9    21   165    52   104     9   125   141   169    66   109   143    83   167    35   157   154   113    35   159   144    98    84    63    70    14   173    46   121   165   132   177    31   142    90   102   180   166   124    56    89    26   170    69   100    80   155    15    97    10   176   153   130   163   100    45    30   133   135    87    89   170    19    44   108    47    88     8    93    27   106   137    13   101   149     5    94    37    91   101   138     2    50   119    38    93   110   154     6    51    48    99   128    46   126   107    11   156   118   105    69    70   165    99    32   128    19   166    18    44    93    57   162   145    32    86    18   170    23   117    10   168    28   106    62    97    95   161     1   135   121   104    41   102    58   119    83    17   128    73   173   155    89    49    86    71   155     7    20    62   135    17    57    58   161    84   140   135    18   114    52    59   117    67   102   104   177   163    37    21    75   174   149   143    47    12    41   179    55   179   172    97   101   168    61    60    98     1    16   122   173    74    40     6   152    59   136    95    32    84   142   115    62    12    77    20    91   178   132   180    26    60    27    69     6   116    11    91    56    83   153    12   121   176   110    10    96     4    51    27    25   144    74    95   130    62   128   175    88   129    46    78   135    20   132    51   165    66    18   177     2   146    18   138    91    99    27   130    69    50    59    51    49    69   169     8     6    49    58   168   130    45    21   130   130    55   143    61    55   115   102   120   177   174   136   145     5    14   133    77   127    83     5    43    81   146   116   128   162    89   138    69   168   129    67   173    47   144    21    59   129    49   155   146    15   137     1   112    61    46   158    13   160   109   172    46    91    88   108   133    81   178   174   153   150    78    70    55    65   117    38    99    73   180   118   108    92    33   160   175   112   152    17     2    84    49   131    14    87   107   123   101   165     2    35   150    45    67   178    10   122   103   161   135   168    32    44    54   174   149   135    57    96    83    26   142   159   159   137    35    58    54     3    27   114   138   107     9    84    83   109   119   170   137   165    46   112    28    78   115   125    99    99    85     2    62   153    19   112    44   100   154   161   179    65    75   119     6    52   138   176   139    65    41   174   159    24   172    13   122    59    96    55    17    24   163    74   119   143   117    65   100   175   168    16    24   113   180    35    41   132    30    96    62   112    16   169   168   174    42   112   157    10     9    10    28    22   159    34   159    71   135    25    52    80    58   140    44    50    68    60   158    24     4    90   132    92   139    57    96   143   113   129     7   163    70   177    34    12    28   173   139    84    96    38    84    90    65   102   118   166    24   100   136   179   128    32    32    93   129    41    76    53   153   140   178    94    95    59    62    42   158    97    86    14    92   122    17    70   134   123   155   146    69     4   162    53   175   131    49    35    83    60    29    63    54    85    98   112    74    76    41 
  121   113   160    46    41    61     2   172   137    56     1   154   137    85    52   128    29    80     3    20   115    26   148     9   158   108    64   123    47   178   161   167   146    14   170    30   117     2   133    74    52    18    93   114   149   176   135   112    50    63    42    28   170   166   110    85   167    81     5   125    32    81   157    71   105   177   142   159    46   131    78   124    78    23    74   166   123    93    65    76   149   123   170   160   175    84   175   163    84    99   108    88    86    14    36     6    67   152    74   151    30   173   128    85   179    61    85   169    38   163    65    64    22    99   123    70   123    56    66    40    64    29   125    11    29   102    76   178   128    87   115   106   146    92    46    42    92    35   170    95   118     1   177     8    67    35    40   113    81    88    12   156    82   112   179    92   108    11   101   132   170   129   143    75    52    57   138    52   179     1    86   176     6   129    64    80   174    27   137    42     2   131    75   122    29   173    36   161   152    71    99   142   140    13   102   146    80    95    11    83   161    66    90    41     2    62    31    93    62    18     8   101   107    23    96    30    84    61    10   101    39    67    18   105     8   163    59   113    74   168   150   172   165   133    18   124    94   122   152   129   156    81   176    15    87   163   143    75   178    61   133     3    33     8   147   117    73    65    63   120    29   123   114    70   151   179   165    30     6   102   143    54   121     2   178    47   153    18   118   133   130     9    31    84    56   134    53   132    90    97    24     9    58    55    51   113   101   108    94   113   121   121    55   130    32    40   155    13   129    27    10   112    56    87   156   113    30    91   163   149    49   119    10    94    87     7   140   143    32   168    43    17    36    31    80    75    34    82    77     1   102    43    46    68    55    14   105   160    28    86   151    97    71    11    64    88   166   179    72     9    61    45   158    64   129    86    95   170    84    48    71   118    84    29    54   158   169    42    14   128   113    32    45    13    95     8   158    99    94    38    98    75   178     9     3   179    30   107   174   148    73   175   138    77   174    40   130    51   113    17   150    12    36    90    86    76   176     8    82    14   159    18    78    57   121   170     8   123    24    75   126   146    11    66    93   114    19    19    18     3    87    65    78   122   161   113   144    14    84   175   128    54    50   126   140    62    58   114    50    58    88    51    82    97   119    17    56   159   143   152    10    28   127   128     5   109   134   147   177    50    11    73   131    56    71   120    14    99   134   159    29   142    75    11    74   165   116   112    68    42    92    66   169    47    70   140   171    22    84     7    17    20   152   113    16    13    96    52   106    67   115    75    63    96    82   133    28    31     1     7    50    80   112    79   135   130     3   122     9   131    74   133   114   134    65   168   137   108    91   177    84    53    14    30   140    65    39     8    16     2   164    67   130    87    66   155    10   170    30    45   171   133   171    46    82   138    50   158    46   123   162    32   152    85   130   124   163   165    51   173   100    84   142   124    83   134   118   119   130   116   176    20    24    18    35    33   101    94   143    61   125    84   177   100   109   170    33   173    84   143    59    29   103   145   136    72   150   171   125   113   136    86   106   105   109   105   109   178    28    18   151   177   115   149    46    66    75   164   176     6    26    50    65     5   172    22    81   151    14   159   167   105    95   118   101   145    55   168    40    48   131   116   131   172   107    41    78    60   171    39    38    27    89   100   111    47   142    20     7   158    46   179    10   123    42    57    56   124    98     8    17   131     4    24   170   137   106    45    36    81   102   148   116   134    70   163   163    24    94   141 
  134    11    62   172   105   144   148   162    32    16   135    75    43    83   166   122   118    33     2   137   135   136   130    76    73   171    66    22   130    41   173    99    87    13   164     7    99   147   135   143     2    80   152     4    35   126   159    87   174    43    42    80   176     5    88    38    32    50    16    43    60   169   177   116    87    78    87   111   126    23     6   144    87   149    83    44    94    46    68    42    99    27   139   108    59    88    26   112   171   164    37   149    20    98    16    92    62   129    28    25   149    52   157   157   109    80   175    98    68    32   125   113    69    43    23    21   107    23   133    24    78    25    52   140   108   138    12   107    32   122   145     1   165   120   170   172   129    57   154   165    16    57   145    81     6    67   126   176    79   116    10     2   136    23   116   146    30   121   175   175    78   129     6    30   115    44   151   118    71    60    23    79   142   132   162    39    39   133   153   131    61   131   166   102   102    23    84   141   115   149    45    73    63   134   105    37    51   177    43    81   126    57    10    13   137   161    72    38    83    21    99    49    27    20    19   142    71   130    69   161    20   108    63   121    32   177   117    67    87    77   149    29   133   101    67    15    74    66   122   164    89    52     1    55   131    58    93   114    38    59    99   106   166    52   107   149   136   141    42   180   154    58    25   172    74   122    14   162    48   145    71    90    14    71    63    27    64   170    75    97    60    11   146    72    43    41    78     8    65    59    51   106   137   125   160    26   132   107    19    49    42    67    24   180   170    51   104    58   167    31    12    25   143    26   173   151   177   119    38    85   109   158    64   162    20   133   148    89    70    57   129    75   175    66   147   115    65    42   102    92   176    66    69    34   139   127    87    85    76    12    75    36   134   137    24    85   121    87   169    10   143    42    77    29   155   166   163    71    71   166   104    93     2   164   177     5   105    53    25   175     1     9    56   168    94    10   173   156    25   102    27   153    41   134     2   171    75    30    21    55    59    87   128   133     7   113   101     9   107   148    89    55   167   112    18    52    85    32   120   158   154    96    42   155    68   173    86    41    75   110    58   112    85   145   114   117   164    46    49   157    24    99     1   103   134   123    42   124   114   148   173    50   137    22    26   106    99    20    81    68   131    12    71   170    56   102    70     7    18   113    19   118    15    21   166    35    36     8   113    47   170    26    64    54   179    59    68    58     1   150    66    16    49   116    65    14   123   122   152   134    12    72   116   143   138     6    36   158    91   152    71   136    79    78    18    14   169   106    52   157    68   161   101   179    80    56    71   117    96   177   166     4    30   147    18    94   116    97    56    38   108     6   178   154   110   110   114    16    86   168    23   169     3   142   112    81    20    53    84    38   145    22   122   180   129   107   103    55   179   173   123    33   174   113   147     9    55   165   120   148   154    73    98    99   112    84    23   151   150    88   135    66   133    70   144    32   148    54   131    14     2   100    43   166   113   122   134   166    13    20    84     9    72   142    47    51   154    57    65    31    75    47   167     7    47    98   135   134    28   162   149   102   106    99   161    87     6    17    45    43   121     8    33   117    13    83    46   148    23    60    14   132   154    12    47   161    72   147   127    71   150     1   117   170    72   113    47    34   110   136    66    92    42   152    33   112   177    79    46    78   103    76    63   137    98    26   121    79    51   168   134   147   147    26    80   127   172   127    21   160    50   115    53   174   146   169   175   180    93    91    95   158    84   116    33    70   141     9    53   165 
   83     6   145    95    47   114    77    22   113    85    55    46   159    62   153   152   157   150    90    30    88    77   178   108    13   145   149    90    21    96    42   107    59   180    12   105    93   107   124   164   154   128   175    26    25   167   119   168    27   156    84    26     7   178    89   127   140   151    74    92   120   152     8     3   113    88    33   103   151    26     6    65    90    93    20    41    79   113    58    99     6    55    11   111    35    90   131    39    24   102    43    47    59   142    92    43    58    57   100    62   135    85   106    21   110   101    69    83   118    78    43    90   146   176   100   172    74    75    17   115    31    61    17    66    29    65    28    57   127     5   139    69   134   130    83    21   160     4   163    91    83   157    43    53    31   151   132    87   146    54   126    77   104   119    87    18    24    74    75    82   149   136   136   118    10   140    33    65   158   158    64    79    41    36   135   122   110   103    17    55    42    15   161    36    66   102    72   139   165     2    15   105   111    35    96    40    18   160    43   144    67   138    67    41    47   134   180   107    81   121   116    72   123   124   147    25     8   118    23    38   156   165     8   134    66   168   121    51   140   158    51    26    15   134    68    22   156    41   103   160   100    55    90    19   149   110    63    68    51    37   162   126   117    71   163    32    47    42    41    86   117   161     3   143    52    77   161    31   116    31   127    76    98    87   122    41    77   131    92    46   115   105    66    67    61   176    47   144     3   141    34     1   114    60   141   103   169    64   167   154    24    40   175    36   175    57     3    63    50   162   125    58    79    47   170   123   148    56    93    81    98   179    51    51   165   161    44    37   180   178    26   130    59    86   104   164    47    27   167    85   118   138    69    40   104    50    23   161   110    38    38    44    59   130    36    68    44     9    76   169   165    80   120   143   169    61   148   122    29    59    68    58   176   117   137    13    66    41   149    51   160    98    65    47    61    23    38    33     4    45   174    59    52   136    67    72    89    10    11   159   154   167    16   155    52    99    50   106   105    99   171   115   168   133   148   120   169    26   109   159   178    20   179    62    16    37   102    32    64    30    44   164    54   109    71   150    37    17   118   163    45    43   149    41    88   109    39   149    84   121    13   132    97    41    99    71    90    29    18    89    22   157    81    96   101   119     8    40    93   123    57   147    25    99   113    93    18    37     1    66    31    99    45    39   104    54    97    60   177   170    69    63   171    46   179   147    44    98    43   160   129    81   116   142   132    40    87    11   114    60   143   151    32    25    50    73   164     4   135   114    81   136   169    31    11    38    14    18   140   111     4   176   147    46    50    66     5     9    13    54    87    10    94   108    53    28     8   166   109    22    70   130    12   163   135     5    38   107    72   144   134   134   148   169   141    51    53   168    66    82   156    14    26    99    25    87   170   130     6    70   173   127    46    90   149    30   100    78   113   170   105   151    85    32    59   127    41   174   136   180   137    96   123   135    16    70   178    18   147   157   138    22   172    44   110    10    37   122    10    49    17   112   133    35    48    99   140    45   162     1   163   148    15    56   125   101   177    99    87    89    70    97   141   173   153    85   166   131    36     3    73    81   123   179    59    92   143    88   151   170    36   101    69    39    64   124   157    84   101   105     8    54   155     2    77    46    91    45   152   180   128   132    69    50    69    51   142    23   158    77   176    59   103   179    68   147   110    55    61   133     1   152   107     3    93    77   164    23   120    60     8    59    60   118    69   121    79   156   111   127 
  103    30   102    16     1   111   134    18    79    33    17   144   119    34   176    68    63   156   180    17   144    33   141    91    78   111    80   134    19    69    80    22    63   136    42    64    32   155   105    99    81    41    25   153    42   157     9    11    57   178     8   126   153    21    59   134    60    60    68    60    53    87    37   113   174   152   127    59    60   118   170   150    62   171   136   156   156   130   148     2    13    78   133   112    79   180     7    68   106   151   123   126   142    77    20   172   179    43    34    13    99    61   147    71    41    25   113   126   174    83    81   146   171    76   141    34    27    81     4     3     8   111   157    46   176    54    26   154   111    40    99    17    11    26    81    82   148     7    33    73    28   157    81   104    89    77   160     1   103   161   178    98    87    56   139    82    29    52    47    41    18    85    32     7   129    69   128   174   124   159   149    48    65     6    80   138    91    63    40   174    91   138    81    72   126   170    39    86    63    19   152    59    48   164   150   136    99    29    13    26   114    17   176   126    85    92    23   125    51    98    28     5   123   146    25     5    75   171    41    42   117   152    19    50    32   141   151   118    44   126   141    71   179   160   122    38    80    72   140   107    97   110    27   156   120   101    34    61    49    58    97    65    55    39    44     9    17   117   158    49   124   111   153    23   152   142   172   157    16   144   149    21    51   125   160    12    88    71    80    12    31    20    13    79   179    80   180   121   107   156   147    33    76    73    22   136   177    21   139   172    45   171    83   126   141   110   163    69   113    96    42   140    85    72   117   118    49    67    72    19    30    13   166   167   168   115   134    65   117    19   108    25   145   118   157    21    69    91   174   109    64    19    76    98   107    10   131   169   172   135    24   169    76    45   126   153    88   148   180   130   174   156    31   101    89    86   100    58   147    49    47   127   114   134     9    29    47    21    69   138    94   147   106    77   135   148    90    79   125   175    29   124    51    95   166   141   170   142   141    60   103    29    12   164   134    78   151   137   107    59    15   112   133    72    53    23    31     8   170    33    50    76   132    38   158    50    45    58    10    24   162    18   168   149    75    11    19     8   109    11   103   136    21   174    60   104    40    16    28   174   136     6    34    25   120    47    23    61   144   138   132    53   155    70     1   108    70    22   113    17    60    42   166   120    13    91   172   162    31   141    83    79   135    27   104     3    36   159    71    83    48   142     8   117   124    61    27    81   172    48   172    83    50   150    43   147    98    59    16    82   131    37    62    28   170   122   127    81    31    85   107    55   176    67   102    30    72     3   123    32    79   161    78    11   178   115    70    21   122   110   151   148    19    75    90   143     9    76    39   101     8    31    78   155    39   165   122    35    53    88    17   118   124   132   129   160   110    86    76   132    52    14    71    27    17    38    72   141    23    50   106    67    39    39   118    26   166    70   141    10    26    17   127   137    34    49   147   142    42   102    79    30   143   107   113   101    76   173   101    11     7    94   175    60   143     8   133    34    51   120    66    28    33    81   105    96   153   123    65   105    58    36   133   137    58    93   151   140   138   166    16    70   155   155   117    30    74    24   143    65    10   163    53    32    95   109    58    30   150    24    69   120    70   110    96    23   170    51   135    41    75    39   157    89   114   136    81   126    89    24   113    68   129    55   121    52    63    45   159   113    40   103    75    42   159    61    32   101   139    90    22   165    31    47   180   115   135    74   134    16    94    13    53    21   160   160   109    42   121    69 
  165    10   147     3    86    12    15    82   114    61   102    93   162    82    32    12    44    71    20    59   140    77   132    76   127    45   110   132    72   177    34    15   109   132    71   136   143   176    49   111   125     9    17   111    54    37   180    66   139    51    24    99   114    57    35   123    55   152   167   168   158    75   170    88   133   110   114   175    93    66    64     7    57    20    33    23   131    82    15    46     5    52    13    10    95   129   178   157    63    63   104     3   168    85   127   123    13   106    30   153   104    33   124    89    29    39    38   138    37    34    12   153   112    62    29    48    70    84    59    47   100   155    77    41   112    99   160   167   102    25   143     4    70   125   159   167    97   154   101    54    52    84    64    17    50   179    36   157   125     3   107    71   126   116   149   135   157   172   142    74    98    53   113   174    91    69    17    74    66   143   160   153    53   122   162    69    82   113    95    60    37   127   159   121   144   164   173   128    67    60   176     9    35    60    73    53    64   148   109    66    95   125    85    89    26    58   162     2    22   177   122   175    15   134    55     2   167    47    67    45     4   126    24    66   109    23   112   134   152    17   112    15   125   166    67    66     2    42   101   170    90    71    28   165    23   148   153   107   170     8    44    44     5   110    12   177   134    95    67   149    31    66    25   172   151    16    20   179   135   178   116    71   149   156    76   134    60    57   157   121    49    48    78    24    66   147   154    17   100   149   180   143    84   128    20    57    61    52   155   160   160   179    93    37    47   158   121    34    52    61    92    61   150    71     9   146    20    69    70    19    68   144    17   128   170   119    80    46    60   166   159    70   166   150    63    89   140    78    94    42   142    86    79    83   120   104   101   130   113   110    16     7    70    37    81    83    73   173   148    59    15   122    91    13    97   170   132   175    73   143    51    88    42    79   177    57   130    25    83    32   120    14    18    93    15   178    62    91   149    76   178    78   159    30   103     5   114    38    95    68   118   159   155   116   139     7   115    68    51    46   129    21   116    11   132    73    64    86   100   145     4    32   125    57    30    82   175    19    87   173    86    15   148   139    89   124    81   170   141   175    44   133    29    97    59    88     5   138   130    64    34    21    92   110    86     7   134   124    51    71   146   127   175   119    97    70   122   140    80   124    48   165    88    58    38    51   162   166   100   164    20   128   179    33   152    84   138    97    89   150    88    89     4   155   155    76   124    76    30    43   115    84    47   152   176   102    67    67   139    27   178    83   167    67   101    86    43    90   115    58   124    26    37   162    25    50    58    16   157   170   103    64    63   160    48    62    32   170    78   169   159   155   150   100   155    90   176   177   108    78    34   109    99   155   176    15   123   142   135   140    88   162    74    17   171   128   153    70   169    21    75   171    16   108    96    30   180    81    86   122    70    52    30   115    74   129     5   107    93   121    65    13    23    67     5   119   175   119    88   101    35   102   102   162    51    17   112   106    10    15    14    89   168    93    99   148   165    94    48   137   122   151   152    78    76    71   144   174    78   122    62    65   122    71   101    22    20    74    41   101    66   180    55   159   151    61   172   124    79   114   120    68    87    86    75    32    33    57    21   105    74   149    96    24    36    99   147   174    57   169    44   180   165   167     9    38    19   121   120   141    13    63    33   160   104    22   142    25   108   113   136    53   127    76    94    19   164   103   168    56   175    47    28    31    90    61    31   165    44   164    75     8   100   152   108   115    40   108    43    16 
 0.00  0.28  0.33  0.20  0.24  0.40 
 0.28  0.00  0.22  0.36  0.33  0.25 
 0.33  0.22  0.00  0.37  0.38  0.37 
 0.20  0.36  0.37  0.00  0.22  0.28 
 0.24  0.33  0.38  0.22  0.00  0.21 
 0.40  0.25  0.37  0.28  0.21  0.00 
