60 12
15
     15673
     16308
     17231
     15855
     15675
     15433
     16822
     16510
     16221
     15275
     16716
     16275
     16646
     15488
     16312
  2.6  15.3  31.0   1.5
  1.2  16.5  58.5   2.2
  2.2  31.7   5.1   1.9
  3.0  24.6  52.8   2.5
  3.3  44.5  90.2   2.5
  2.6  43.7  93.7   2.3
  4.3  22.6  39.4   1.8
  2.4  36.9  74.6   1.9
  4.5  33.5  16.0   2.1
  3.7  13.9  52.5   1.9
  3.9  13.3  29.7   1.5
  1.1  48.5  18.9   2.4
  1.1  45.8  17.4   1.7
  4.3  14.7  17.0   2.4
  1.2  32.0  77.2   1.7
  2.4  22.7  87.6   2.0
  4.4  40.1  27.9   2.2
  3.1  11.4  90.2   1.6
  2.1  12.4  93.3   2.0
  1.7  19.3  18.3   2.3
  3.3  36.5  28.2   2.0
  2.2  37.5  21.7   2.4
  1.5  49.8  31.6   2.0
  4.5  48.4  35.2   2.3
  2.6  10.2  37.6   2.2
  4.0  37.6   5.5   1.6
  4.0  35.6  16.7   1.9
  2.1  49.0  83.0   1.8
  2.5  25.1  14.9   2.4
  2.1  10.4  59.8   1.8
  2.8  43.7  45.3   2.5
  3.8  29.7   5.6   2.5
  1.7  46.3  26.4   1.5
  2.2  45.9  30.7   2.3
  2.6  36.8  47.4   1.7
  3.6  20.0  34.8   2.1
  4.4  22.2  94.3   1.7
  2.7  28.2  70.9   2.0
  4.3  19.1  50.8   1.8
  3.1  44.7  47.3   2.1
  3.7  44.3  20.1   2.2
  4.9  39.1  75.2   2.3
  2.4  28.5  45.0   1.6
  2.5  44.0  75.2   1.6
  3.3  19.6  89.0   1.6
  3.5  23.9   5.2   2.1
  3.6  49.1  12.2   2.3
  4.2  25.1  43.3   2.5
  2.1  47.3  84.4   1.9
  1.7  26.3  26.0   2.4
  4.2  27.6   9.8   1.6
  1.3  35.9  82.0   2.2
  1.5  28.7  14.0   2.0
  3.4  37.3  86.9   2.2
  3.6  46.8  39.1   2.4
  1.0  38.7  65.0   1.5
  4.2  15.9  42.9   2.0
  1.3  44.4  78.1   2.3
  1.9  15.7  37.4   2.3
  1.6  45.5  89.4   2.1
  4.4  14.1  73.1   2.4
  1.2  20.6  85.9   2.2
  2.6  21.7  88.2   1.5
  1.4  42.5  17.1   2.0
  4.8  38.3   9.7   1.8
  5.0  41.2  71.8   2.3
  3.7  48.7  69.1   2.4
  4.5  37.4  65.4   2.3
  3.6  25.5  38.0   2.3
  3.7  27.4  36.9   1.9
  3.3  46.5  88.0   2.0
  4.8  26.3  84.3   1.9
  2.0  29.1  17.3   2.0
  4.3  23.3  61.5   1.5
  4.9  24.3  35.0   1.8
  2.3  45.4  59.7   2.1
  4.7  43.5  74.5   1.8
  1.1  25.7  36.6   1.6
  2.1  26.2  85.4   2.4
  1.6  40.9  84.7   2.2
  2.5  44.8  35.3   2.4
  2.0  43.9  31.4   1.7
  4.9  35.8  58.9   2.5
  2.1  44.7  33.2   1.6
  4.5  38.3  75.8   2.3
  2.1  19.9  59.3   2.3
  3.1  32.1  61.8   2.0
  3.9  32.2  83.5   2.5
  1.8  39.5  55.8   1.8
  1.8  17.6  93.9   2.2
  4.4  47.2  87.7   2.0
  1.5  37.8  12.9   2.2
  4.5  49.6  94.7   2.1
  4.6  11.8  54.9   1.9
  4.8  16.6  51.2   2.3
  2.5  19.5  85.6   1.9
  1.2  43.7  68.3   2.5
  1.9  34.4  22.2   1.8
  2.2  49.5  50.6   1.6
  3.5  32.4  67.1   1.9
  1.6  22.8  71.4   1.5
  1.3  21.8  31.9   1.8
  2.8  13.4  43.5   1.9
  3.7  31.9  77.1   1.9
  4.9  43.3  47.7   2.3
  2.3  33.2  94.7   2.1
  3.7  26.4  47.8   1.6
  1.4  40.4  32.0   2.1
  3.5  36.3  53.3   1.6
  3.6  36.2  12.1   1.5
  2.2  25.6  38.9   2.3
  3.1  27.8  49.3   2.3
  2.0  32.7  55.0   1.5
  2.5  18.9  19.2   2.3
  2.0  43.7  39.9   1.8
  4.8  44.0  21.3   1.8
  1.3  43.3  55.9   2.5
  4.3  18.7  15.2   2.0
  2.2  39.5  54.7   2.3
  1.0  45.5  41.5   2.0
  1.7  42.3  77.9   1.5
  1.6  32.0  93.0   2.1
  4.2  16.9  91.3   1.7
  4.5  37.2  61.8   1.9
  4.2  47.6  93.4   2.4
  4.3  27.9  18.9   2.4
  2.3  15.9  38.0   1.8
  4.6  28.3  93.0   1.6
  4.5  27.0  51.4   1.7
  3.7  34.0  83.0   1.9
  4.4  34.6  14.8   2.2
  1.8  40.0  42.1   2.4
  3.8  44.6  15.9   2.3
  3.5  30.0  94.5   1.5
  1.7  25.1  60.0   1.6
  4.1  25.0  73.0   1.6
  1.7  45.5  94.3   1.6
  3.3  46.7  79.7   1.9
  1.4  18.6  72.7   2.4
  4.4  33.9   6.3   1.8
  1.4  47.4  30.2   1.7
  1.4  36.9   9.7   1.7
  2.9  27.3  26.6   2.4
  3.0  46.5  84.0   2.3
  1.8  26.3  28.8   1.8
  4.1  28.0  65.5   1.8
  4.8  19.3  84.6   2.1
  4.1  38.3  42.5   1.9
  1.7  12.1  31.3   1.9
  1.5  24.3  30.3   2.3
  4.0  15.6  49.6   1.7
  3.0  29.2  42.0   1.9
  2.0  15.5  26.8   2.3
  1.6  25.8  13.7   1.8
  1.7  19.5  17.7   1.8
  2.6  34.4   5.0   2.1
  4.7  37.6  70.8   2.1
  2.6  14.1   5.4   2.4
  2.5  10.0  45.5   2.0
  4.7  37.9  67.6   2.5
  2.5  36.4  45.0   2.1
  2.4  33.7  65.5   2.2
  3.7  26.4  41.6   2.4
  4.9  10.2  34.8   1.6
  2.3  33.8  82.3   2.4
  2.7  27.3  76.3   2.0
  4.7  10.3  46.0   2.3
  1.4  42.4  47.0   1.6
  4.1  22.0  54.3   2.3
  4.1  19.3  18.9   2.4
  4.5  30.1  88.3   2.4
  4.7  12.6  23.3   2.3
  3.9  41.7  74.4   1.6
  1.2  21.2  65.5   1.7
  3.0  42.0  53.4   2.2
  4.6  32.6  21.2   2.3
  3.3  43.9  74.8   2.4
  4.9  25.6  13.2   2.5
  3.7  39.4  94.4   2.3
  3.6  36.5  50.6   2.1
  1.3  12.2  20.4   1.7
  2.6  34.1  92.1   2.1
  2.5  36.3  51.4   2.0
  3.4  42.7  89.7   1.7
  3.7  31.8  22.7   2.4
  1.4  14.6  77.3   2.4
  4.0  21.0  22.1   1.6
  2.6  29.8  51.3   2.2
  1.4  27.6  78.4   2.2
  4.2  40.9  32.0   2.0
  2.2  45.8  69.3   2.1
  1.0  14.8  15.9   2.3
  2.8  36.1   8.3   2.3
  2.2  17.0  17.2   2.4
  2.3  43.3  66.7   1.7
  3.5  41.3  90.2   2.1
  2.9  12.0  48.5   1.5
  1.9  30.5  49.0   2.5
  3.5  29.7  65.7   2.2
  3.9  29.0  48.4   1.8
  2.6  35.8  63.4   1.9
  4.8  30.0  30.8   2.3
  4.3  32.8  11.7   2.4
  1.2  12.9   6.9   1.6
  2.6  38.1  60.2   1.7
  1.6  29.2  56.7   2.5
  4.3  34.4  75.1   2.4
  2.2  19.9  84.5   2.0
  1.3  18.2   9.0   1.8
  3.2  31.0  54.4   1.6
  4.6  39.8  67.1   2.0
  2.6  15.5  88.4   1.7
  3.9  13.3  76.9   2.3
  1.9  21.4  35.3   1.8
  3.7  39.8  87.2   1.7
  2.8  47.2  63.0   2.0
  1.8  21.5  32.6   1.8
  3.0  48.9  69.5   2.1
  2.8  12.4   9.8   1.9
  2.6  19.5  51.9   2.5
  1.1  18.8  78.2   2.0
  2.0  13.4  72.4   1.9
  3.5  44.5  90.5   1.8
  1.8  10.6  79.0   2.0
  3.7  32.8  69.1   1.9
  3.5  17.0  44.8   1.9
  5.0  28.9  53.2   1.9
  3.2  46.8  40.2   1.9
  4.0  23.7  45.4   2.4
  1.9  45.9  35.9   2.3
  2.3  28.2  86.7   2.2
  3.1  44.9  94.1   2.3
  2.7  31.8  39.9   1.9
  1.8  24.9   9.7   1.5
  4.4  17.4  61.9   2.5
  4.9  29.0  31.8   2.0
  4.5  37.8  14.3   1.8
  4.1  25.6  42.6   2.0
  4.0  46.5  68.2   2.4
  4.4  27.9  80.8   1.9
  3.0  40.8  28.9   2.1
  3.8  25.0  72.8   2.1
  1.3  11.8  78.8   2.1
  4.7  15.2  16.7   2.5
  1.8  20.2  23.3   2.0
  4.5  26.2  91.2   2.1
  1.5  24.9  70.1   1.7
  2.5  23.1  20.7   2.5
  3.8  11.3  68.2   2.2
  1.1  40.5  65.8   1.9
  2.9  40.1  79.6   2.4
  3.8  27.6  54.6   1.8
  4.2  32.1  56.6   1.7
  4.8  27.2  87.4   1.7
  2.3  17.9  47.8   1.7
  4.5  22.7  35.5   2.3
  2.5  29.8  81.5   2.1
  1.3  20.5  44.5   2.4
  1.0  32.1  45.9   2.2
  2.8  35.1  50.4   1.9
  2.4  22.3  59.6   2.4
  4.4  15.9  31.1   2.3
  1.6  34.4  55.6   1.6
  2.5  12.2   7.1   2.2
  3.2  30.8  81.9   2.1
  4.2  48.2  80.5   2.2
  2.3  33.6  78.1   2.0
  3.6  30.5  70.2   1.9
  1.1  31.4  25.9   2.3
  1.3  10.4  27.6   2.2
  1.3  15.9  30.6   2.4
  2.4  31.5  94.0   2.3
  2.1  37.8  57.1   1.8
  1.2  35.0  24.0   1.5
  1.3  35.1  67.6   1.7
  3.5  13.0  65.4   1.6
  1.9  29.1  80.6   2.0
  4.3  33.8   7.9   2.4
  2.3  37.7  81.7   1.5
  3.8  16.1  89.7   2.0
  3.3  25.8  64.4   2.1
  4.0  31.5  69.6   1.6
  4.7  49.4  94.4   2.1
  1.2  24.1  20.3   2.3
  1.4  17.5  93.2   2.0
  1.5  14.6  28.8   1.9
  1.5  26.4  59.0   1.9
  5.0  46.3  71.2   1.8
  1.8  14.6  35.9   1.5
  1.9  10.9  41.2   2.1
  4.0  18.9  14.8   2.0
  3.8  18.1  75.9   1.5
  3.8  14.1  64.9   1.8
  3.9  49.4  88.5   2.5
  1.8  44.5  40.8   1.9
  4.6  21.5  22.4   2.5
  3.1  18.3  47.1   2.2
  3.2  19.3  63.2   2.0
  4.3  11.4  52.8   2.0
  4.4  27.1  52.8   2.5
  4.6  18.3  47.9   1.8
  3.0  49.9  12.3   2.5
  1.6  21.8  66.2   2.5
  3.2  17.2  52.6   1.6
  3.3  20.1  56.9   2.5
  1.3  44.6  46.1   1.8
  2.2  25.4  78.1   1.9
  1.7  45.0  50.2   1.7
  2.6  47.8  49.2   1.7
  1.6  23.7   6.7   2.4
  3.0  17.5  80.0   2.3
  3.8  39.3  21.1   2.2
  2.9  25.5  42.3   2.0
  1.8  36.3  90.8   1.7
  4.7  21.3   8.2   1.9
  1.4  17.6  48.1   2.3
  4.8  10.5  21.4   2.3
  4.0  13.4  14.3   2.0
  4.1  16.3  81.5   2.4
  4.3  19.5  83.3   1.9
  3.3  10.0  40.7   2.4
  1.7  13.9  29.8   1.8
  4.5  40.3  40.2   1.7
  3.1  43.1  29.2   2.1
  2.0  40.1  60.4   2.0
  1.7  49.6  35.5   2.4
  1.4  43.1  79.8   2.4
  3.9  47.0  41.5   2.2
  3.8  14.0  45.1   1.9
  3.4  29.5  40.8   1.5
  2.2  29.7  64.0   1.9
  4.9  46.8  62.2   2.2
  2.0  40.3  15.1   1.8
  4.5  27.6  18.9   2.3
  4.3  35.7  80.8   2.3
  3.4  43.2  46.0   1.8
  4.3  11.8  17.9   2.4
  4.3  14.1  87.8   2.1
  2.4  40.1  78.0   2.5
  2.0  31.2  60.7   2.0
  1.7  36.0  19.8   1.9
  1.1  36.4  25.7   2.4
  4.1  36.0  87.6   1.8
  1.5  48.0  45.6   1.7
  2.4  43.4  50.6   2.4
  2.4  17.7  62.3   2.5
  1.3  43.2  52.5   1.7
  2.3  44.8  79.4   2.4
  3.0  23.2  22.9   2.1
  4.0  48.6  68.7   2.3
  3.3  41.6  85.0   2.4
  2.4  32.9  92.4   1.6
  1.5  34.9  77.1   1.7
  1.4  32.0   6.4   2.1
  3.4  30.4   7.1   1.8
  1.6  21.4  60.4   2.2
  1.4  45.4  53.8   2.4
  2.9  34.7  10.4   1.9
  2.1  12.9  55.1   1.8
  2.4  37.3  16.1   1.6
  1.5  33.0  28.4   2.5
  2.8  10.2  42.6   1.7
  2.3  24.8   5.1   2.0
  4.7  39.3  83.3   2.2
  2.5  47.0  41.6   1.6
  4.4  44.2  22.1   1.9
  4.7  29.7  68.7   2.2
  4.2  18.6  40.8   2.1
  4.5  17.0  82.5   2.3
  3.2  35.2  69.2   2.5
  4.2  20.5  35.5   1.6
  4.7  45.9  72.6   1.6
  4.8  36.0  68.7   2.0
  2.5  39.3  33.0   1.5
  2.1  26.7  88.2   2.3
  2.7  11.2  55.0   2.2
  2.2  21.5  63.1   1.5
  4.8  39.3  35.1   1.5
  1.7  19.7  85.8   2.4
  1.3  49.2  85.8   2.4
  1.6  21.3  75.0   2.2
  2.1  27.0  72.6   1.5
  2.0  17.1  59.8   1.7
  4.9  23.1  58.6   2.0
  1.4  10.1  61.0   2.0
  1.8  40.8  76.6   1.9
  2.5  49.7  81.9   2.0
  2.8  23.7  46.0   2.2
  2.9  32.6  41.7   2.1
  4.5  19.5  23.9   1.9
  1.8  38.2  74.7   2.4
  4.1  14.7  12.9   1.6
  1.3  46.6  11.1   2.0
  1.7  29.3  44.1   2.4
  2.2  45.4  56.9   2.4
  4.0  31.6  70.3   2.2
  3.0  42.5  70.1   1.7
  2.7  45.6  79.4   1.5
  2.3  23.3  51.2   2.2
  3.8  35.8  20.9   1.9
  4.2  49.2   8.0   2.1
  4.7  49.6  30.8   2.1
  2.1  11.9  79.5   2.0
  4.4  20.0  21.5   1.9
  1.3  38.6  58.4   2.2
  3.5  45.6  36.7   2.1
  2.4  46.2  88.2   2.0
  3.9  18.5  85.3   2.0
  3.8  23.0  45.9   2.1
  4.5  11.4  41.3   2.0
  2.6  47.8  18.8   2.4
  1.8  43.5  39.6   1.9
  4.4  23.3  78.0   1.7
  2.6  14.6  55.1   2.4
  1.4  18.1   7.0   2.3
  4.6  17.5  49.3   2.4
  4.9  30.1  43.5   1.5
  3.5  42.8  36.5   2.5
  3.1  17.9  67.3   1.8
  3.2  33.4  64.8   2.1
  2.7  17.0  61.3   1.6
  3.3  43.2  51.2   2.3
  2.7  26.9  29.5   2.2
  2.0  18.1  16.4   1.5
  4.2  22.8  10.5   2.2
  2.2  22.3  75.0   1.6
  4.9  38.2  92.1   2.2
  3.8  27.4  34.6   2.1
  2.8  25.0  20.2   1.8
  3.0  37.2  28.3   2.0
  2.8  21.8  15.1   2.4
  1.2  37.3  24.8   2.3
  4.4  16.6  35.1   2.4
  4.5  13.2  67.5   2.0
  3.7  44.9  41.6   2.5
  2.7  30.4  93.1   1.9
  4.3  49.6  81.0   1.7
  3.3  15.5  34.9   1.8
  3.3  39.0  10.1   2.5
  2.9  45.7  48.8   1.6
  3.5  48.3  67.3   1.7
  3.7  37.1  76.3   2.3
  4.9  40.6  76.6   1.9
  2.1  36.2  49.7   1.9
  4.2  35.1  82.5   2.2
  1.1  48.2  39.3   1.6
  4.1  31.4  93.2   2.5
  4.0  21.5  22.1   2.3
  1.7  11.7  80.7   1.6
  3.8  33.2  44.3   2.1
  2.8  21.4  94.7   1.8
  4.1  12.4  27.0   1.8
  3.0  26.7  42.7   1.5
  4.0  35.3  84.7   2.0
  1.9  35.6  92.2   1.8
  2.4  49.6  78.1   1.6
  3.8  26.3  69.1   1.9
  2.6  32.4  39.2   2.0
  4.6  29.5  17.5   2.0
  2.0  44.2   5.7   2.4
  2.2  40.6  49.7   2.5
  2.9  39.5  41.4   2.2
  2.5  43.2  84.3   1.7
  4.3  45.0  54.4   2.3
  1.8  16.0  82.5   2.1
  2.0  18.9  43.4   2.4
  3.8  36.7  35.3   1.6
  1.9  21.9  87.7   1.8
  1.6  49.2  45.6   1.7
  3.6  39.5  44.4   2.4
  3.4  13.2  61.1   1.8
  1.9  36.0  28.7   2.0
  4.4  14.0  80.9   1.7
  1.8  27.9  94.6   2.0
  2.4  43.0  25.6   1.8
  2.4  40.8  67.5   2.4
  2.7  46.2   9.6   1.9
  2.8  13.3  32.0   2.3
  1.3  19.1  10.7   2.0
  4.7  41.4  90.2   2.5
  3.1  29.6  50.4   1.5
  4.4  29.6  83.1   1.7
  3.9  48.9  32.6   2.0
  1.6  45.2  87.8   1.6
  1.4  22.7  55.4   2.5
  3.1  46.8  82.9   2.5
  2.9  41.5  27.9   2.4
  4.2  49.8  89.5   1.6
  2.7  33.9  69.2   1.9
  4.8  36.0  42.2   1.6
  4.9  29.6  32.6   1.9
  4.9  25.9   8.1   1.8
  2.6  12.9  41.7   1.8
  5.0  36.7  47.3   2.5
  1.9  38.3  92.3   1.7
  3.9  30.7  13.6   2.0
  4.9  40.7  31.8   2.5
  1.1  37.7  29.3   1.8
  1.8  24.7  24.3   1.7
  3.7  44.6  53.2   1.6
  2.3  15.7  18.8   1.9
  4.6  41.3  66.4   2.1
  4.7  16.8  23.5   2.0
  2.1  20.5   9.4   2.1
  4.4  29.5  77.4   1.9
  1.4  31.9  15.1   2.3
  1.8  39.2  88.4   2.5
  3.9  49.6   9.1   1.5
  3.7  42.5  93.6   1.8
  2.9  49.8  27.5   2.2
  4.9  39.0  54.4   1.7
  4.8  38.6  74.1   1.6
  1.2  31.4  93.1   1.6
  4.2  14.0  22.0   1.8
  2.6  45.8  65.5   1.7
  4.4  39.7  24.1   1.8
  1.6  42.0  62.1   2.1
  1.1  27.8  45.5   2.0
  1.8  14.2  38.2   1.7
  2.3  23.5  64.4   2.1
  1.3  29.3  40.3   2.3
  1.0  48.2  23.8   2.3
  4.9  23.7  47.4   2.0
  1.8  24.2  73.5   2.1
  2.3  34.8  73.3   2.2
  1.6  17.7  28.2   1.9
  3.9  48.3  22.8   1.9
  2.7  49.8  47.4   2.4
  1.6  17.0  61.4   1.5
  2.2  25.4  40.7   2.1
  3.1  40.6  43.0   1.8
  2.7  20.9  42.5   2.5
  3.0  48.5  15.7   2.3
  2.8  30.3  61.8   2.4
  2.3  16.2  21.8   1.7
  1.5  36.1  65.0   2.0
  4.1  26.6  24.7   2.2
  2.9  23.4  26.9   2.4
  2.8  44.7  53.9   1.8
  1.8  31.6  46.1   2.0
  2.2  44.0  20.6   1.6
  2.8  22.3  79.5   1.7
  2.4  46.5  41.3   2.2
  1.5  46.4  59.4   2.3
  1.1  42.9  24.0   2.0
  1.0  34.6  37.0   2.4
  3.0  20.2  64.0   2.1
  3.2  27.1  82.5   2.0
  1.6  16.5  55.2   2.2
  3.6  35.8  51.1   1.7
  1.6  21.9  57.5   2.2
  3.6  41.7  78.9   1.5
  4.3  45.8  71.8   2.1
  4.6  33.3  59.8   1.8
  4.2  35.8  68.4   2.1
  3.5  46.1  53.8   1.8
  3.5  27.2  15.9   2.1
  2.7  36.6  62.8   2.1
  2.3  21.1  13.4   2.4
  2.2  13.5  80.6   2.1
  2.9  10.5  84.5   2.5
  2.5  14.2   5.7   1.9
  2.2  24.3  65.3   1.8
  1.1  31.2  28.9   1.9
  2.2  26.6  66.8   1.7
  3.4  13.8  35.9   1.6
  2.0  30.9  25.6   2.5
  2.9  11.0  26.2   2.2
  1.1  46.6  38.0   2.5
  2.5  12.2  28.9   1.9
  3.5  49.2  62.5   1.6
  1.1  18.5  34.4   2.4
  1.9  20.3  85.7   1.8
  3.9  16.8  26.9   1.7
  3.5  39.2  50.2   2.5
  4.9  44.8  28.4   2.4
  1.0  42.9  70.5   1.9
  2.5  23.1  61.5   1.9
  2.6  23.1  71.1   2.4
  4.3  24.1  34.8   1.7
  1.6  23.4  35.8   2.1
  2.9  37.6  67.7   1.6
  5.0  30.2  56.9   2.0
  2.0  31.1  51.8   1.6
  1.9  50.0  47.1   2.0
  4.5  25.9  61.2   2.2
  2.0  15.9  54.4   1.8
  3.4  35.2  75.6   2.4
  2.0  19.3  26.5   2.1
  1.8  26.7  54.8   1.9
  4.0  17.5  60.2   2.0
  3.9  37.9  34.0   1.6
  2.1  47.8  56.3   1.9
  2.0  29.2  53.2   1.6
  4.9  15.7  44.3   2.3
  4.8  31.3  71.5   2.3
  2.6  19.6  57.6   1.9
  4.1  23.3   8.9   2.3
  1.8  22.2  40.9   1.6
  3.6  24.7  22.7   2.5
  3.7  15.8  16.9   2.2
  3.5  48.1  92.2   2.3
  1.9  36.8  34.1   2.1
  3.5  47.3  53.5   2.0
  2.5  17.3  46.4   2.4
  1.2  17.6  36.4   1.5
  1.2  42.3  85.0   2.1
  4.9  20.3  49.7   1.9
  1.0  31.8  24.3   1.6
  1.9  19.9  85.7   2.4
  2.8  11.3  53.2   2.2
  2.7  47.3  25.3   2.2
  4.0  37.2  29.0   1.7
  2.4  37.0  35.3   2.5
  3.8  26.7  73.8   1.9
  1.1  45.7  84.4   1.5
  2.1  38.3  11.1   1.7
  4.6  49.7  76.0   2.1
  3.5  34.0  74.6   1.8
  4.9  46.0  91.9   1.8
  4.9  48.2  59.0   1.9
  1.7  28.6  51.7   1.7
  3.3  12.6  65.6   1.8
  4.6  28.4  55.6   1.9
  1.2  47.6  20.6   2.2
  3.7  33.3  68.2   1.6
  4.5  11.8  26.9   1.9
  2.4  11.1  53.2   1.6
  4.3  26.7  40.7   1.9
  3.6  38.7  86.9   1.9
  3.3  41.7  48.2   1.6
  4.8  45.5  34.2   2.4
  4.0  41.6  34.2   2.3
  2.9  28.4  38.4   2.1
  1.9  24.8  35.1   1.6
  4.4  37.6  88.7   1.9
  1.6  30.2  46.8   2.1
  1.3  20.0  77.7   2.4
  4.0  38.1  21.1   1.7
  4.4  16.5  33.7   2.2
  3.4  12.6  85.6   2.0
  2.9  38.1  73.9   2.0
  2.0  41.1  27.2   1.7
  2.0  37.5  64.4   2.1
  1.9  32.4  79.1   2.5
  1.1  19.6   9.0   2.0
  2.6  32.4  77.0   1.6
  3.2  27.0  89.0   2.2
  1.2  35.4  53.8   1.7
  4.1  35.1  34.4   1.9
  4.3  45.3  11.0   2.3
  4.2  44.8  89.8   1.9
  2.7  27.7  70.6   2.2
  3.4  26.4  47.3   1.8
  3.2  37.8   8.6   1.6
  3.7  48.9  12.2   2.4
  3.7  27.9  46.3   1.9
  1.8  35.9  10.5   2.0
  4.0  26.1  80.0   1.7
  2.7  19.7  57.9   2.1
  1.7  41.3  49.6   2.5
  1.9  22.7  86.5   1.9
  4.5  30.1  48.4   2.5
  1.5  32.0  64.5   2.1
  2.9  46.8  71.6   1.8
  4.1  46.7  19.1   1.5
  1.5  32.5  24.9   2.2
  1.2  43.7  55.8   2.1
  2.4  18.7  63.8   2.0
  4.6  39.9  93.1   1.6
  2.8  38.5  49.0   1.5
  1.8  25.0  38.5   1.5
  2.5  15.7  43.5   1.9
  1.2  30.2  92.8   1.7
  1.8  49.3  66.7   2.4
  2.9  48.0  94.3   1.7
  4.5  49.4  34.9   1.9
  2.5  38.5  48.0   1.7
  3.6  32.7  41.9   1.7
  4.8  39.2   9.5   1.6
  1.5  13.4  48.6   1.8
  4.8  48.3  88.6   1.6
  2.8  12.4  73.3   2.5
  3.4  32.1  66.5   2.5
  2.9  29.1  25.6   2.5
  3.0  41.0  15.5   2.4
  3.1  36.1   6.2   1.6
  4.2  16.0  29.0   1.9
  4.2  19.1  26.8   2.4
  4.0  22.6  12.9   1.9
  3.5  45.7   8.4   1.9
  3.5  11.6  42.7   2.1
  4.6  45.2  32.3   2.2
  4.4  19.5   6.1   1.6
  4.1  44.6  58.1   2.1
  2.6  32.4  26.4   1.7
  3.0  16.4  75.1   2.1
  1.3  40.4  75.1   2.2
  3.9  14.7  47.7   1.6
  1.4  21.5  42.0   1.6
  4.1  14.9  43.2   1.7
  2.0  44.2  36.0   1.7
  1.9  14.6  48.6   2.4
  3.2  39.0  64.2   1.9
  1.7  37.3  69.3   1.6
  1.6  32.2  86.7   2.4
  3.3  40.1  79.9   1.9
  4.9  28.5  61.8   1.7
  2.2  20.9  79.1   2.2
  3.0  44.3  62.6   2.1
  4.9  16.9  64.6   1.7
  4.4  24.9  33.4   2.3
  4.1  27.9   5.2   2.3
  3.1  44.7  80.7   1.7
  2.9  23.6  35.3   1.5
  1.6  45.4  34.3   1.5
  2.4  21.0  94.0   2.1
  2.3  38.7  17.8   2.4
  2.2  46.4  62.9   2.0
  3.3  40.7  75.7   2.0
  2.0  45.4  39.4   1.6
  2.6  32.7  72.2   1.9
  1.9  12.2  53.6   2.2
  5.0  14.0  26.0   2.0
  1.0  44.4  88.0   1.6
  3.4  21.6   7.6   2.5
  3.4  34.3  89.4   2.2
  3.8  44.3  81.8   2.4
  1.1  48.8  75.8   2.1
  4.3  24.7  81.1   2.4
  4.3  40.6  65.4   1.9
  3.1  34.8  75.2   1.5
  2.4  15.9  11.5   1.8
  2.8  22.3  10.5   2.3
  4.4  12.6  21.8   1.9
  2.4  38.9   7.0   1.9
  3.9  49.6  37.2   1.7
  2.8  42.2  29.2   1.8
  1.5  24.5  44.8   1.7
  2.6  24.4  62.3   2.1
  4.6  17.2  47.6   1.6
  1.8  14.6  41.8   1.7
  4.7  25.1  27.1   2.0
  2.7  14.1  82.7   2.2
  2.5  11.2  58.2   2.3
  2.3  36.0  35.3   1.6
  1.3  21.4  57.8   2.3
  4.9  26.5  40.7   2.5
  2.4  10.0  34.9   2.4
  4.6  18.4  16.6   1.6
  1.7  12.6  32.8   2.4
  3.8  16.2  34.7   1.6
  4.4  29.5  82.6   1.7
  2.0  13.8  14.3   1.7
  4.6  49.6  37.4   2.1
  3.2  26.1  20.8   2.3
  3.8  42.4  31.9   1.6
  1.0  44.3  40.0   2.3
  5.0  13.1  43.1   1.9
  2.3  22.7  35.8   2.0
  4.3  44.5  31.5   2.1
  4.9  25.3  60.8   1.9
  1.0  46.6  19.6   1.5
  1.3  30.1  87.5   1.8
  1.9  38.9  50.2   2.3
  1.1  39.7  38.8   2.2
  4.5  44.2  19.8   1.9
  4.8  42.4  61.7   2.5
  2.7  20.5  31.3   2.4
  4.2  37.8  47.8   1.9
  3.5  30.1   6.3   1.7
  5.0  10.1  19.1   1.9
  3.4  24.8  54.5   2.4
  1.6  37.1  29.0   2.5
  4.0  40.5  39.0   2.3
  3.0  31.5  17.2   1.6
  2.3  20.9  71.7   1.7
  3.1  38.2  70.9   1.8
  2.7  14.8  78.0   1.9
  4.1  14.1  34.3   1.9
  3.9  43.0  54.2   1.5
  3.7  21.1  89.0   1.7
  2.2  18.9  26.5   1.7
  3.1  43.6  67.2   1.9
  4.8  24.7  37.1   1.9
  1.6  23.7  57.4   1.7
  1.9  12.8  40.3   2.0
  2.5  41.8  20.4   2.1
  1.0  26.8   5.5   1.6
  2.7  11.3  43.7   2.0
  3.6  11.7  33.8   1.9
  1.2  42.4  55.6   2.4
  2.5  16.1  52.0   2.1
  3.3  12.5  20.7   2.3
  2.1  31.0  67.7   2.2
  4.4  33.2  25.2   2.2
  4.0  37.6  52.9   2.1
  3.6  17.4  90.0   1.7
  5.0  39.2  19.5   2.1
  1.9  21.0  41.4   2.1
  2.8  24.0  23.6   2.0
  4.3  34.5  81.8   1.6
  2.5  32.3  82.2   2.1
  2.8  34.0  20.9   1.9
  1.3  11.8  90.2   2.0
  4.5  30.1  27.8   2.1
  3.5  35.7  15.0   2.1
  2.4  38.6  23.9   2.4
  1.2  12.5  36.9   2.0
  1.7  33.9  47.8   1.6
  4.7  10.0  12.1   2.1
  3.0  49.8  53.4   1.5
  1.2  12.2   9.2   1.6
  3.3  24.1  34.9   2.1
  2.9  46.8  81.6   2.1
  3.0  13.0   5.5   1.8
  1.2  40.0  49.6   1.9
  3.5  45.0  59.8   1.6
  1.7  38.7  40.5   1.9
  1.2  22.0  54.6   1.7
  2.6  26.6  42.8   2.5
  4.1  48.3  63.5   2.0
  1.9  34.2  51.4   1.5
  2.6  24.9  10.1   1.5
  1.6  28.5  75.6   2.1
  1.1  31.4  85.4   2.3
  1.6  46.8   5.3   2.3
  4.9  23.9  81.0   1.5
  1.9  14.3  25.8   1.5
  4.5  29.9  92.1   2.0
  4.2  45.1  84.4   2.1
  4.4  21.4  13.6   1.7
  2.2  41.1  59.3   1.9
  3.6  32.4  40.4   1.8
  1.5  34.2  52.0   1.7
  3.2  18.7  78.8   2.4
  4.5  46.7  51.4   2.1
  1.3  39.5  84.5   1.6
  2.8  35.9  43.0   1.8
  1.6  20.2  73.9   2.4
  2.1  37.9  61.7   2.3
  4.3  36.2  76.0   1.6
  1.5  13.3  77.0   2.1
  3.9  16.7  71.9   1.7
  3.9  15.8  54.5   2.5
  2.3  14.9  14.0   1.7
  3.2  25.9  84.3   2.4
  4.3  10.8  90.8   2.4
  2.2  45.0  18.4   2.3
  3.6  41.2  12.5   1.9
  3.0  48.8  32.8   2.5
  4.3  10.8  13.6   1.6
  2.2  22.2  80.7   2.5
  4.6  49.6   7.7   2.4
  3.3  22.2  50.6   2.2
  2.3  31.6  36.4   2.3
  4.7  47.7   6.0   2.3
  1.1  33.5  41.0   2.1
  1.9  40.5  58.4   2.4
  2.6  47.3  92.2   1.9
  4.3  21.4  41.2   2.2
  4.4  19.6   9.6   2.2
  3.3  21.8   9.6   2.1
  3.7  22.0  65.5   2.2
  1.6  17.1   8.1   2.1
  4.1  46.5  38.2   2.2
  3.5  39.4   5.4   1.9
  2.3  21.7  72.2   2.4
  3.7  49.7  92.1   1.9
  4.4  31.1  14.0   1.6
  3.7  24.7  66.5   2.3
  4.8  25.8  60.8   1.5
  1.9  29.7  14.1   1.7
  3.8  30.5  32.2   2.5
  1.8  47.4  76.7   1.7
  1.2  32.9  46.1   1.6
  4.7  29.6  36.1   1.9
  3.5  49.6  17.3   1.9
  2.8  16.7  68.2   1.6
  1.3  32.3  47.0   1.8
  3.2  22.3  41.4   2.3
  3.0  39.1  82.1   2.2
  2.4  18.0  10.5   1.8
  4.0  17.6   7.8   1.6
  1.2  38.2  88.1   2.2
  3.4  49.4  57.2   1.7
  2.0  10.3  37.9   2.3
  3.6  41.8  47.7   1.7
  3.5  27.2  62.6   2.3
  1.4  39.8  22.5   2.4
  3.9  11.3  56.0   1.8
  4.6  46.7  22.2   1.9
  3.0  27.3  31.3   1.8
  2.2  34.6  39.1   1.6
  1.3  43.2  78.9   2.5
  2.3  42.0  47.0   2.2
  3.5  47.3  34.8   1.8
  2.6  27.0  74.5   2.0
  1.7  30.2  30.4   1.7
  1.5  17.6  77.0   2.5
  0.2   0.3   0.3   0.4   0.2   0.3   0.4   0.3   0.3   0.4   0.4   0.4   0.4   0.4   0.2   0.4   0.4   0.3   0.4   0.4   0.2   0.4   0.3   0.2   0.4   0.3   0.3   0.3   0.4   0.3   0.2   0.3   0.3   0.4   0.3   0.3   0.3   0.3   0.3   0.3   0.3   0.3   0.3   0.3   0.3   0.3   0.3   0.4   0.3   0.3   0.3   0.4   0.2   0.3   0.3   0.4   0.4   0.3   0.3   0.4   0.2   0.3   0.4   0.3   0.3   0.2   0.4   0.4   0.3   0.4   0.2   0.4   0.2   0.3   0.3   0.2   0.4   0.4   0.2   0.2   0.4   0.3   0.3   0.4   0.3   0.3   0.4   0.3   0.4   0.3   0.3   0.2   0.3   0.2   0.4   0.2   0.3   0.3   0.2   0.2   0.3   0.3   0.4   0.4   0.4   0.3   0.3   0.3   0.3   0.4   0.2   0.4   0.3   0.3   0.4   0.3   0.3   0.3   0.3   0.3   0.3   0.3   0.3   0.3   0.3   0.4   0.3   0.3   0.3   0.3   0.3   0.3   0.3   0.2   0.4   0.2   0.2   0.4   0.3   0.3   0.3   0.3   0.3   0.4   0.3   0.4   0.3   0.4   0.2   0.4   0.2   0.3   0.3   0.3   0.3   0.2   0.2   0.4   0.3   0.3   0.2   0.3   0.2   0.3   0.4   0.3   0.2   0.3   0.4   0.3   0.4   0.3   0.3   0.4   0.2   0.3   0.4   0.3   0.3   0.4   0.3   0.3   0.4   0.4   0.3   0.2   0.3   0.4   0.4   0.2   0.3   0.3   0.3   0.4   0.2   0.2   0.4   0.2   0.3   0.2   0.4   0.2   0.3   0.4   0.3   0.4   0.3   0.3   0.2   0.2   0.3   0.2   0.3   0.4   0.3   0.3   0.3   0.3   0.2   0.2   0.3   0.4   0.3   0.2   0.2   0.4   0.3   0.4   0.3   0.3   0.2   0.3   0.4   0.3   0.3   0.3   0.4   0.3   0.2   0.3   0.2   0.3   0.3   0.4   0.3   0.3   0.3   0.4   0.3   0.4   0.3   0.3   0.2   0.4   0.4   0.3   0.2   0.3   0.4   0.4   0.2   0.3   0.3   0.2   0.4   0.2   0.4   0.4   0.3   0.3   0.3   0.3   0.3   0.2   0.3   0.3   0.3   0.3   0.3   0.3   0.2   0.4   0.3   0.2   0.2   0.3   0.2   0.3   0.3   0.4   0.4   0.2   0.4   0.2   0.2   0.4   0.4   0.2   0.4   0.3   0.2   0.3   0.2   0.4   0.3   0.4   0.3   0.2   0.3   0.3   0.2   0.4   0.4   0.2   0.2   0.3   0.2   0.4   0.3   0.2   0.4   0.4   0.2   0.3   0.3   0.4   0.3   0.3   0.2   0.3   0.2   0.2   0.3   0.3   0.3   0.2   0.3   0.4   0.3   0.2   0.4   0.3   0.3   0.2   0.3   0.4   0.3   0.4   0.3   0.4   0.2   0.3   0.3   0.3   0.2   0.2   0.3   0.2   0.3   0.2   0.3   0.3   0.4   0.4   0.4   0.2   0.3   0.3   0.3   0.2   0.2   0.2   0.3   0.3   0.2   0.3   0.4   0.4   0.2   0.3   0.2   0.4   0.3   0.2   0.3   0.3   0.3   0.3   0.3   0.2   0.2   0.3   0.4   0.3   0.3   0.4   0.4   0.3   0.2   0.3   0.3   0.2   0.3   0.2   0.3   0.4   0.3   0.2   0.3   0.4   0.2   0.3   0.3   0.2   0.4   0.3   0.2   0.3   0.4   0.3   0.4   0.3   0.3   0.3   0.4   0.3   0.3   0.4   0.3   0.3   0.3   0.3   0.3   0.4   0.2   0.4   0.3   0.2   0.4   0.3   0.3   0.4   0.4   0.3   0.3   0.2   0.3   0.3   0.3   0.3   0.3   0.4   0.4   0.3   0.2   0.2   0.3   0.4   0.3   0.3   0.4   0.4   0.2   0.3   0.2   0.2   0.3   0.4   0.3   0.4   0.4   0.4   0.2   0.3   0.3   0.3   0.3   0.4   0.3   0.4   0.4   0.3   0.4   0.4   0.3   0.3   0.3   0.2   0.2   0.3   0.2   0.2   0.4   0.2   0.4   0.2   0.3   0.3   0.4   0.4   0.3   0.4   0.3   0.2   0.3   0.3   0.4   0.3   0.3   0.3   0.3   0.4   0.3   0.3   0.3   0.2   0.2   0.4   0.4   0.3   0.3   0.3   0.3   0.3   0.3   0.2   0.3   0.2   0.3   0.2   0.3   0.3   0.4   0.4   0.3   0.2   0.2   0.4   0.4   0.3   0.3   0.4   0.2   0.2   0.2   0.3   0.3   0.2   0.3   0.4   0.3   0.2   0.4   0.2   0.3   0.3   0.3   0.4   0.3   0.3   0.4   0.2   0.4   0.2   0.3   0.4   0.3   0.3   0.3   0.3   0.2   0.3   0.2   0.3   0.2   0.3   0.2   0.2   0.4   0.4   0.3   0.2   0.3   0.4   0.3   0.2   0.4   0.2   0.3   0.2   0.4   0.2   0.2   0.3   0.4   0.2   0.3   0.4   0.3   0.4   0.3   0.3   0.2   0.2   0.2   0.3   0.4   0.3   0.2   0.3   0.2   0.4   0.3   0.2   0.3   0.3   0.4   0.4   0.3   0.3   0.3   0.4   0.2   0.4   0.3   0.4   0.3   0.3   0.4   0.2   0.3   0.2   0.3   0.3   0.2   0.2   0.3   0.3   0.3   0.2   0.2   0.4   0.4   0.3   0.2   0.3   0.4   0.3   0.3   0.3   0.4   0.2   0.4   0.2   0.4   0.3   0.3   0.4   0.2   0.2   0.4   0.4   0.4   0.3   0.3   0.2   0.3   0.3   0.3   0.4   0.2   0.3   0.3   0.3   0.3   0.3   0.3   0.2   0.4   0.4   0.3   0.2   0.2   0.3   0.3   0.3   0.3   0.3   0.3   0.2   0.4   0.3   0.2   0.2   0.3   0.3   0.3   0.3   0.4   0.3   0.3   0.3   0.4   0.3   0.4   0.3   0.2   0.2   0.3   0.2   0.3   0.2   0.4   0.3   0.3   0.4   0.3   0.2   0.4   0.4   0.2   0.3   0.4   0.3   0.2   0.3   0.2   0.2   0.3   0.4   0.4   0.2   0.3   0.2   0.3   0.3   0.4   0.3   0.4   0.3   0.2   0.4   0.3   0.3   0.2   0.3   0.2   0.2   0.3   0.3   0.4   0.3   0.3   0.2   0.4   0.2   0.3   0.3   0.3   0.3   0.3   0.2   0.3   0.2   0.4   0.3   0.4   0.4   0.3   0.3   0.3   0.4   0.2   0.3   0.3   0.2   0.4   0.3   0.2   0.3   0.4   0.4   0.4   0.3   0.2   0.2   0.2   0.3   0.2   0.3   0.3   0.4   0.4   0.3   0.3   0.3   0.3   0.4   0.4   0.3   0.3   0.3   0.3   0.3   0.3   0.3   0.4   0.4   0.3   0.2   0.3   0.3   0.2   0.3   0.3   0.4   0.3   0.3   0.4   0.3   0.3   0.4   0.3   0.3   0.3   0.3   0.2   0.3   0.2   0.4   0.3   0.2   0.4   0.3   0.3   0.3   0.2   0.3   0.3   0.3   0.4   0.2   0.3   0.2   0.2   0.3   0.4   0.4   0.3   0.3   0.3   0.3   0.3   0.4   0.3   0.3   0.3   0.3   0.3   0.2   0.2   0.2   0.2   0.2   0.4   0.3   0.3   0.2   0.2   0.3   0.4   0.3   0.3   0.3   0.2   0.3   0.3   0.2   0.4   0.4   0.3   0.2   0.3   0.4   0.3   0.2   0.3   0.3   0.3   0.3   0.2   0.3   0.3   0.3   0.3   0.3   0.3   0.2   0.2   0.3 
  102   144   100   133   123   164    12   157     1    44    35    14   167   130   148    66    15   114   174    56   120    12     4    95    79    88    85   124    89   166    78   152    23   129    28    21    17   168   146    76   169    54   135   176    41    36   117   180    76   151   162   123     2   124     7     7    17   156     1   173   179   169   141   180   176   144   166   152    91   140   165   138    88    63    55   105    12    36    46    27    90     2   179    54    48   151   118    15   140    93    14   116    57    81    78    91    72    10   140   176   143    19    88    51    61   174    69     5   177    30   166   155    29    50     2   122    99   125    39   160    42    78   177    26    58   100   157   180    63    56    81    73    31    42    39    57    17   127    47   177     3    72    67    69   102    79   177   165   156   115   136   159   146    70   109    62    87    54    41    86   141   156   179    72   172   126   128     1    17    30     8    82    85    31     7    32   146    31   155    32    59   147    18   104    88    13    28    91    45    32    73    35    61   115     6   101    46   144    38   146   151   174   114    26    70   171     9   175   108   149    95    69   176    69   164    15   163    91    91   172    72   146   100    64   166    98     8   119    61   170    49   142    83    43   176   165   145   115   115   130   118    72   142   153   116    87    30    82    73   145   149   158   167    59   104    84   108    96   122   159    75   179     5   122    51   172   147     4    35    52    52    83    35   171   130   125    61   110    77   123    17   138    56   132   180   173   127    41   145    27     2   180   140   167     7   137    11    25    46    49   117   175    10    50   149   119   172   129    36    29    89   160   153   180    63   112     1     3    96    68   114   137   158    75   109   140   174   138    55    36   117   129   139    75    49    44   108   174    53   158    34   117   121   164   119     4     3   123    15     4     9    57    50   154    78   113   145   125    53   166   176     9    69    46    88   154   173   170   123    96   142   157   103   129   114   135   174    69   134    89   141    98   132   156    17    34    95   177    24    51   126    50    75   141    94     6   137   138    94   153   130    91   126    15    85     3    96    88    99   122   140    68    42   120    14   127   149   180    99    21     6   113   166    78    59    61   177   166     2   125    75   104     1   168    72    36   100    60   178   127    53   175   150    33    66    87    33    49   180   180   131    99    32    10    85   100    22   105    11   172    73    76    35   122    51    46   166   117    96   124    20    40   144   102    24    15   166   164    66     4    86    45    22     6   160    55    87    12     2   121   178   135    67    44   154   102    66     3   137    50   165   145   136   178   122   127    47   157     3    14    81   163   160   128   179    66   137    26    50    77    73    53   106   142    96   158   163    69    13    45    96    48    44   177   179    79    75    56   114    34    59   116    73    88    82     4   135     1    42    36    63    86   177   131   138    65    55    29    41   167    88    79   177   110    58    35    65    94    13    81    52   118   149    79    62     3    42   104   177   169     9   146   176     9   176    78    54   129    49     8   119    92   131   155    50    65   165   145   130   101   113    24   141   144   124    33   120   155    37    52    98   141    82    22    94   146   164    72   172   134    18    61    41    91    50   102     6    11    46     6   174    71     7   113   142    94     1    43    87   172   159    45    21   100   165   145   108    66   101   125    28   106   113    91    77    48   170   166    25    76   102    45   108   117    72   175    64   166   130   111     9   102    78   175    86   168   174   121   120   156    89   110    75    19    33     1    11    80    69   101    61   115   107    44    33   163   153    63   128    91   177    76    14    31   117   177    45    14    43    38    74   101   111   117   161    32    88    51    79    37    45     2   111     9    33   151    70    40   161    41    44   117    97    77   146    30   147    27   162   101    49    82    88   111   138    92    51     4    24   100   118     7    91    70    16    25    59   157    61   103   160    53    94   179   159   178   106     7   164    61   110    37    71    80    48    35    59    24   170   176   152    95   114    85    92   116   115   158    61    98    64   117   145   166   120   161   144    74   163    58   137   114    83   140    97   157    92    42    34    61    43   165   123   160    25   167    80   130   160    63   163   152    63   154     1    73   107    47   164   138   161    99     9   154    60    21   159     9   162    97    21   106    23    12   169    26    90   141    25   109    25    51     4    59   124    13    54    10    62     7    14    88   102   168   127   166   167    21   102   120   106   127   141    13   163   148    45    45   124    98   162    45    47   172   108    15     2    87   169   165   117    73   118   168    68    74    40    32    29    74 
   83    49   107   155    12    39    89   180   150    73   164   156    24   158   139   168   131   100    61   149    38    74    61     4   161   112    13   111    63    43   127   174    23    39    82    56   102   154    82    58   178   109   119    24    86   110   180    23   105     8   160    25   163   167   133    45    51    39    74    22    94    49   136    52    79    69    53   129   150   109    25   116    78   136    92    32   118    60   117   125    26    11   120   123   179    98    10    43   163   105    69     7   177    72   164     2    64    62    82    78    85   170    53    74   105    21    84    60    68   102   120    19   166    62   136   126   153   126    22   141    33   122    57    52    93    97   120    17    22    34    24    75   133    17   178    44   149    54    40   115    37   168   151   133    85    75    89    67   135   178   100    77    88    20   133    58   125     4    85    25     9    89    25    42   125   132   143    15   165   134   126    50   148    62     7   105    33    81   165    60     9   161   121    27    92    87    59    17    78    75    44   117   130   135    35    13    40    88   124    45   132    43   169   109    56    27    74    76   135    50   132    89    15   159   129     7   175   172    32    83    35    51    65   128    83    67    56   152    17   157   123     6    65   144    46   124    41    78    75   109    16     9   132   128    75    14    79    15    23    44    86   126    68    64   101     1   103   107   132    75   130   134   138   173    79   138    98   157   162     9    96    70   161   116    47   132   126   124    76   126    48     4    54   166    87   132    92    66   138    76    20   134   166    35    52   153   148   116    90     5   143    94    45   142   111    67     1   115   170   111    13    78   172   122   173   102    78     9   108    69   131     8    53    96   165   129   124    76   146    83   175   169    46    13   173   146    90    43    25   176    84   133     2   125   152    48    39   109    90   165   115   141    74   136    77   120   149    10     3    38    10   155   107   126    26    17   128    20    71    55    96     7    73   172    95   113     9   110   145    45    80   141    27    19    25   150    26    16   180    18    94   180   166    47    23    99   178   179    53   163    90    16   139   104    16   119    33    36    99   115     3   127    73   104   107    44   166   125   153   124   137    88    78   156    65    39   161   165   158   166     2     6   141   176   169    61    74   134    83   180     5   135    67   118   174    85   164    82    22   167    52   114    69     7   166    34    69   161   102   101    28   166    47    44   132    90   133    24   119    94    97   136    56   139    70   175    57    53    51   122     9   139   120    99   171    33   125   100    50   178     4    86   141   172    90    93   143    73    71    20    58    36    98    62   171   137   109   149    15     5    38    16    64   131    40   127    59   163   155    71   171    65    44   108   164   132   138    81   173   178    96    47   159    95    77   115    28     6    75    84     5    23    63    78    55    35   152    79   103   164    63    71   174   170    25    93   120    28    49    88    81   159   143     6    48   138    55   102    39     9   158    41   124   145   159    56   161   153    74    78   174    73   111    96    26   164   136   175    61    82   124    41   106   158    17    77   113    55   124   112    90   177   172     9    62   101    81   112    94   156    31   173    41   180    83     5     5    61   128   119     1    74   142   178   173   152   122     8    79   171    74    44    92   120    72    52    58     8   120    35    95     8     7    28   161   128    56   170    42    25   105     3   118   127   161    86    16   146   113    56   108    67    35   102    32    49    59   139    88    70   106     9    28   179    90    36    42   107   148   117   138   155    98   118   159   149    83    38    99   178   141    94    87    13    81    60   132   119   111   114    18   163    57    51    74    19   137    88    68   110   134   112    78   128     1    98   115   130   177    73    73   165     2   125    87   116    33    84    47    67   110    15   137   131     5    72    46    73    81   127   162    20    34   142    51   172   166   140    59   157   118    24    44    97   140   167   103    33   178   161   171    97    60    14   176    40   101     2     4    26    75   165    81   147   157   110   172   180   169    50   100   107    80   141    47   117    54     9   152   178   170   136    58    87   165    48    75    65    29   130    35     1    60    31    48   150   111     3    79    83   109    53   150    50    97   107    53    61   166    90   171   155   123    79    13    13    45   104    74   111    93    28    70    50   142    16   171    24     5    41   176    45    15   169   160    42    21   146   118    61    77   180   135   115   140     6     6   166     2    20     3   176   108   145   153   150    13    31   141    11    44    68    93   129   130    70   118    41    42    58   126    83   106   132   124   161   111    40   146   161   165     2    17    62   133    22   144    70   157    63 
  119   124    30   169   126     7   147   165    17   168    38    29    14    85    82    73   137   159    67    36    78     1     3    93    21   148   158     3   126     5   150    61    14   155   163   119   108    10   154    40   101    83   111   132   180     9    43   149    98     1    17    68   156    58   129   138   172    67   172     3   145   138   178    16    14    56    32    12   118   133    92   155    84    17   107   145    88   126   153   139    14   154    71    75   127    56    29    66    60    17   114    97    45   126    47    14    20    69    36   150    87    77    14   180    61   162    21   135    36   138   100    41   114   121    85    39   139   138   104    59    23    86    27    45    22   149    76   159   179    64    18   118   164   128   176    49   133   120    15   138    35    83    62   147    97   140   147    80    93    21   131   160    86   118   154    54    19     4   127    35    14    30     5    72    71   103    78   137    77    13     7   126    99    88    23   139    41   151    64   114    92    74   145    53   113    38   177    26    56     6     2   176    72   166   141    63   136    34    82   150    61   177    30   120   137   165    69   173   133   142   133   174    83    67    73   155    28    62    47   140   115   132   166     7    19    79   135   124   128    29   143    80    21     2   146    45   174    36   124    63   139   173   137    16    96   167    35    54   152   170    81   143   118   114   162    63   163    29   156   123    33     4    15   179    28   160   180    16    48   126    42    28    32    93   176   119    99   144   170    66     8    80   133   138   125    75   143    67   133    92    33     9   154   177    64   143    64    39    59    28    29    11   154   119    98   144   134    54    68    67    18   176   159   176   154   121   171   179    30   109   142   101    21   176    16    11   109    83   123    89   159    49    50   107   148   105    16    29    16   155    16   152   100    87    22   130   178   167   100   109   177     7    37    98    88   109   139   114    95    41    66    29    84   175    73    17   127    42   177    10    90     9   105    52   158    67    99   180   138   133    13   159    30   127    26     8    35    41    47    53    59    27    99   147    48   106    66   169   170   116    33    31    13    56    40    40   170    85   102   146   135   131   117    59    75    67    13   132    54   139    31   116   125   124   128   167    43    39   146   174    40   164   109   143   107   141    13    11   148   172   111    91    20   112   159    31    10   112    21   117   152    69     5   108   144   137   135    74   108   170    65    52    89   180   122   119    88   130    62    93    43     1    99   143   142    17   174    58   177   109   168     9   142     8   176   137   142    90   106   147   129   145    41    29   142     5   165   145   130    21   142     8   155   169   153    86    41    20    23    63    65   140   176    23    61   136    87    60   109    81    76   140   143   111    24   136    15    84   148    27   124   138   125   134    98   127   105   154    34    31    61     4   122   136   100    91   147    45   131    91   162    74   148    31   133    66    18   124    45   116   165   176    74   130    95    91   165   162    90   145    14    55   123    24    44   159    25   161   110    17    31    41     1    10   113    17   165   175   178    40   145   140    46    66   132   168    21    45    29    39    54   142   157    77    61   169    46    87   146    88     7    69    56    69    69   170    27   122    23    48    70    23    14   155   165    62   168    76   141   159     7    88    69    52    18   134    75    66    54    48   152    57    47   103    69   140    65   144   142   127    14    45   139   179   176   179    79   114   131   105   149    23    22    75   155    60    94   115    84    29   151   116    52    76   171   101    72     8    42    12    80    60    90    90   108    43    93    55    37    96     5    51    83    75    63   180    63    43   143    57    22    66   179   107    83   131   146   125   100     7   151   155    77   109     8   139    16   114   170     4    12   153   145   136    95   133   156   167   106   152    11    31    17    71    44    42   157   123    98    17   123   110    22   169   179   158    46     6    68    18   117     3   109   178     2    51    54    72    42    71    30    36   104   168   100   111   146    42     7    31   163    31    82   103    30   130    13   165   135   142   139    33    22    39    69    72   131    75    39   160    12   104    98   149   179    27    65   104     5    99    74   166    40    25    50    41   120   166   162    27    21    99    33   180    11    36    69   140   164    62    44    76    89    99   102    73   142    85   136   157    41    52   122    56   141   100    34   115    22    96    90   173   100    84     1    77   168   117    39   131    45    25    33   154    47    66   120   153    53    58   139   129   136   127   140    93    85    27    60   124    74    37    14    48   147    25     6   155   156    72     3   178   123   175    88    27   104    81    44   102   153    72   169   128    97    42   142   124     5   151 
  166   166    30   127   136    91    37    79    44    51   121     3    55    60    81   147    20    64    33   136   152    99   166     6   121    74   125    57    32    48    58    80    45    49   121   160    10    82   153   171    63    31   170    14    16    98    35    76    45    44    51    33   140    94   169   174   122    93    92   164   123   145   156    77   102    70   112   162    25   104   166   180    21    39   133    54    67   134   146    54   128    67   114    34   117   126    16   115   139   167   159    25   104    14   112    74   164   156   138   153    84    87   115   134    47   107   132    50    35   113    52    30   175    81    73    41    28    71    13   119   110    51   121   131    47   107   143    18    51   135   123    77   169   134   115   122    53   101    75   118   175   114   171   149   153   176   144    46    67    21   151   150    73   130    95   147    16    94    82    95   180   145    60   178    84    92   121   171    15    76     6   115    50   157   125   154   136    17   114   119   172   165   125    58   146    84    55   177   123    27   114    38    26   171    66   117     3   124   174    46   134   104   172    34   145    69    97    61    86   110   160   131    54   143    34   158    29   173   161   145    46   130    61    25   106    95    16     2   155   180    64    47   150   129     2    43   129    44    83    33     5    35    63   146   146   141    11    75     3    33    95    34    52    80    24   125    68    72    32    45   173    79   158     7    13   173    79   150    20    99   150   148    98   164    99   148   102    25    53   145   139   169    32     1   138     1   134   117    55    22    51   134    52   121   128    59   140    63    62    28   127    97    95     1    49   153    21   172    40    93   144   163    87   103    21    63   148   164    18    29   164    36    56    67    19     5    53    33    21    84    42     4    69   157    57   137   138    34    64    73   176    79    81    45    57   138    13   160    99   144    40   127    26   145    28    38    12    89     4    42    44   135   113    24    70    35    27    66    55   140    35    33    31   113   118   131   126    41    19    50    70   154    93    91   169   152    23    31    16    96   158    36   162   129    23    65   112   141    54    94   107    30   132    16    81   109    48    98    79     8   143   131    81   159    47    40   130    61    34   105    21   105    60    61    79   111    38    53   143     7     4   167   142    22    28    97     4   142    73    51   146   168    40    93    61   179   144   111   129   147    89   176    95    94    58   111   119   160   102    51    90    77   124   139   176    74    18   105    67   143   105    29    34   130   179    61    44   179   155    41    54    41   105    21    18    67   125   163    58    81   126    52    17   115    22    69    67   171     9   174    65   100   169   106   180    17    49    21   122    43   113    24    85    84    40    29   175   160    66   161    20   159   150   145    61   117    54    79   110    14    63   141   114   164    41    83    80    93   134   160    57   105    88   160   173     4   162   122   135    76    81   164    21    22   122    95    35    72     8    81   103    35    64     9     7   159    58     1   122   116   102    52    49   180    21    72    44   161    24    84    30     8   154   114    99    78    95   108   149   169    31   153   172   178     6    46    11    83    66    54    71   173    36   156    36    43    82   157   102    59   110    49    74   125    22    50   147   119    13   104   104   146    29   147   164    86    58    73    42   139   146    92    16    95   123    42    77    73    85   117    94   158   175   175    37    38    60    38   179   106   158    99   114   176   161   124   102    98    74    47   104    73   173    51    26   142   101    23    65    90     3     9     8    64   128    89     4    18   125    55    32     2    46    81   111     4   102    60   134   125   134    33   160    72   110     3   126   154    15   167   180   143   145    34    23   164    41    37    57    34    57   165   178   177    91    50   115   162    80    35   151   129   144    22   176    57    52    49   122   172    34    91    35   151   180    25    67   178   144   176    13   166    84    44    92   162    65    51   105   146    80    51    88    23    68   168    58   157    70   110   142    81     6   105    63   148   150   118   103    76   162   100   117    24   116    94   112   106   101    75     3    12   143   129   115    47   154   123    16    43    69    31   157   137    99   150   156    90   177    59   177    61    20    65   157   110   161   121   123   104   117   145   114   168    60   138   117   144   114   137   173    73    35   160     8    33   155    42    96    79   100    23    61    90    85   126   132   116    28     5    29    64    88    22    60    59   136    19    37    11    69   112   123   132   156   147    34    14    26   149   171    94   101    37   172    62   151    90   156   100   152   131   165   165   100    74   153   105   120    25    64   153   180    40     9   168   121    33   143    92   167   179   134   108    87   110   154   132    43   174 
  126   164    18   169   151   126    26   126    26   139   121   132    31    65    63   120   120   172    26    97    84    77    75   146   138   133    94   177   158    26    65    39    38    42     3   176    69    61    35   176   120    44    44    13   159     2    99    96    71   120   107    45   122   130    93    23   119   106    40     9   180   110    83   138    85    76     6   125   115   114    60   157   159   151    60    56    94    50   180    36   103    13   164    45   146   136    31    44    59   104    52    46   156    95   106   101   111    29   152    71    99   119   178   115    87   101    15   157    83    57    35    49   117    57    89   130   114    85    50    70    60   177   140     6   148    17    99   115    69   141   108    76   109   103   131   131    43    62   118    40    31    19   152     3   127    92   157    12    85   115   119    75   159    40   172   127    67    94    90   151    75    25    56   118   178   160    30    21   177    24   124    91    86   172    35    25   145   127    77   168    97    53   120   126    20    55    97   177    26   172   101   167   151    55   107   158   154    24   106    52    91    13   103   156   151    99     1   180   137    72    88    13   131    45    54    10   119    47    83   158   112    58   123    77    68     9   123    46   170   107    83   147   158   155   149     1    77   142    95    30    91    58    63    85   116   156    47    37     9   179   106   136    41   174    83   124   110    73   106    34   110   169    42    12    80     9    68    58   160    10   126    36   152    42     5    33   173   177    77   135    60     1    74   144   161   173   133   171   152    74    18   142    31    49    65   169   168    22    35   178    63    99    43     6     5    34   160    68    98   161   150   118    70    58    34    67   138    48    76    28   173   108    76    17    80    49    74   147    12    92   111    41    19   150   113    78    99   156    55   121   171    29   118    71    63    49   160    25   180    35   114    65   166    25    90   123   145   150   151    47   176    36    10    51    35   173   106    36   143    76   138   116    17    86    73   165    18    78     9   135   127    57   132    71    47    93     2    34    97    88   123   110    66   158   153    97    36    96    56    10   117    81   165   130   139   117    34   155    80    29   157    80    66   133    83   123   103    71    60   128    70    29   122   157   161    56   124   101   163    10   154    10   120    34    46    25    82    99    55   124    47    46    92    25   102    26    38   149    90    80   171    91    28   108    29   145   170   169    37    12   154    43   136    64   176    24    18   158    52   177   118   166    21     3   137   130    74    47   151    40   109    70   102   103    82   163   138   179     2     3    82   176    53   165    36    14     4    60   170   132   102    12   171    82   105     4   111   149   142    24    86    11    20     7     4   179   122    58    65    13   110   150    31   142    64   104   111    31   131   120   127    25    61    30   172   171    38    56    95    43    91    45   140    45   139    40   154    19    12   173    86   143   152    23    43   115   136    42    95   171     9    38   165    44    91    15   147   178   169   109    52    54   151    86   140    77   155   114    63    94   100    91    93   177    43   107    40   120   111   145   138    56    26   144    33   167    21   112    17    33   113   103   153   142    32   160     7   104    27    36    91    13    58   139   119   125    17   114   166   172    55     6    24   115    50    85   128   121    15    96   137   169    42    31    44    35   158    28    38    44    26   163   131   167    85   137   129    37   150   110   175    26   111   158    16   175    73    23   140    31   146    40    36   160   173    31   119    46    32    93    51   141    51    63   133   140   147    54   122    84   104   110   128    12   122   133   131   132    40    87   128   106    80    81   129    99   170    47    17   131   177    52    43    93     5   162    69    34   171    69    65    37   112    54   127   168   132    19    72    50   114   111   106    57   177   143    75    21    70    94   131   152   161    88   159    16    42    71    55   112   171    25   135   158    80   145   180    61    44    19   101   141    84    51    78    85    81     9    33   110   120    53    65    82    32    85   145   164   119   135    83   147    39   134    18    40   123   139   156   140   144   173    62    35   120    45   158    16   115     2    33    34    41    56   164    40    30    63   104   128   114    52    38   114    20   137    46    29   138    63    89   109   126    71    10    25    28    13    72    89   168    24    34    12   120    56    85    43    40    65   159   116   130   133    28    46     4     1    31   155     2   109    89   150    33    47   156     3    16    91    47    99    15   133   117   155    26    56   120    45   157   133   180   160   143   142   141   156    89   106    41    94   153   104   152    17   148   132   107    69    53   139   133    64   129   173     5    26     8    66   142   125   172    88    92   118    36   172    34    21 
  154    49    12    33   180    83   102   166   164    77    52    47   147    65   164    49    26   157    12   132    55    77   100    54    66   117   144   148   176    95    52   111   168   118    18   169     8    42    80    34    11    86   119   123    96   158   122   163    46   174     1   131   135    90    35   169    98    32   141    71    13    17    63   111   149   124     4    91   114    69   150   141   148    33    46    89   167    35    89   103   153   157    92   163   106   150    26   152    54     4    18   132    57    57   157    66   167    73     7    36    70    97   113   119    68    63   124    60    18   133   113   132   157   150    14    73    76    79    29    52    34   128    11   130   156   162   144   149   170    25    17   106     2   107   156   106   155   119    10    68    96    35   140   171    32    49    73   132    21    54    20   161    39   156   104   130   146   134   141     2    36   111   142   107    30    96   115   106    82   104    58    66    47   140    53    46   149    99    96    66    64    77   125    80    47   119    15     6   156    97   164    78    62    96   154    91   155    89    99   149   125    40    34    32   160    50   127    66    65   151   151   115    61   135    81   125   130    20   114    50   129    56   121    57    37   125   155    86   173     1   149    27   179   118   165   147   142   167     7   121    71    17    81   163   137   108    24    14   152   129   122    38    67    45    22    36    35    24    72   166    73   179    26   105    56    52    43   125   176   161    83   123   146    94   168   109   130   128    94    37    39    42   168    40   145   107    79   161    51    28   149    97    78    24    84    17    40    19   158    37    99   132   110   161   160    39   160   147    36    97    18    92    17   100    64     9   108   144    26   156    95    39   151   107    31   139    43   113   138   167    18     6    26   114    72   168   178   130    51    39    57    29    90   153    30    54    58    74   149    14    36    73     5    98    18    89   177   171   172    84    50     2    73    57    36   176    54   112    77    60    18   145    81    37   131    42    21   163    87   163   141    13   168   137   165   125    67   111   150   171   178    25   115    80    64    85    43    90    15    22    11   113   166   163   113    70    32    60   177   153    64    78    89    92    48    11    74    71   175    54   136   113    75    58    87     4   144   134   113   118   104    58   135     3    45    27    95    78    16    54    76   102    71   159    94    85   136   167    43    87     8   163   138   128   137   136     2   103   132   106   153   110    89    99    76    52    60    87   156    65    59    58   124    94    14    98    30   116   174    93    11   149    18   121    38    94    45   103   144    23     5     7    44   161    30    65   151    79   131   105   106   126   136   171    52    50    66   156    84     9    82    95    71   158    23    72    93   102   176   124    81   120    98   160   139    20    49   130    78     8    34   164    48   147    60    12    89    60    18   171    88     7    54    27    44     7    37    56    70    29    80    65   169    25   104    48   149    46   107   118    89    71    36   152    59    77    35    22   101    95    25    32    35   178     1    89    60     9   120    59   142    53    84   108   107   140    76     8   129   175    32    94   177   161    59    98   123    18   101   149   122    76   152     4   139    41    70    45   147    25    99    97   124   122    90   180    77    86   104   158    12    67   170   141   102   131    24    74   137   156   105    47   172    45    95   122   119   158   177    91    77   122    58    44    28    43   119   138   167   163    28   106    25    79    47   155    92    53   141   129   166   159    71   116    74    95   115    53    14   146    74    98    98    80   119   122   128   138   113    22   168    71     9    97    24    58     3   112    39    75    58   124   171    93    97    83   123   130    46    21    71   138   170    66   109    93    85   164    46    11    64   118    60   148   128    72    75     4    35    33   129   107    33    61    39    79    76   123    39    13    42   148    80    81    13   146   137   132    69   143   168    95     5   177   174   133    36   143   135   128    23     7   135    60    89   149   104    18    13    60   120   126   133   108    90    72    31   137   147   164   180   168    17   104    62   156   106    60    30    43    49    28    69   115    38    97    17   171   146   106   104   115   115   171   106   146   105    11   114   110   132   174   129     5    49   116   177    30    57     5    29   170    64   123   122     1   176    42   130   136   131     8   124   125    53    21     6    37    84    97   174    83    70   174    75   104    88    98   180     6   123    52     4    39    73    86    20    40    48     6    78    38   153   147    73   100   125   119    21    34   144    27    67    97   121   120   171   109    21   104    70    27   124   167   154   168   168   175   111   101     4    71    60   112    19    12   101    89    64     9   122   160    28    80    32   106    12    66    45   137 
   48   120   153   168   163   157    50   131    68    82    26    61    81   162   113    82   177   176    94   144   117    37    40    22     5    93   138   164     2    34    12    22   163    12   148    64    26   160    56    22   158    96    33    12    29    62    67   108    54   154    61   162    73   174    27   116    64   152    52   100   150    27    30    94   129    84    72    71    58   170    63   114   134   133   175    92   165    57    57    63   165     8    75     4     8   146   147    43   161    90   106   103   112    74   174   142    17    47    19   115    16   108    46   116    81    27   146   122   173    29    34   120   171    86   110   133    17    96    87    24    77   115    30   133   150    65   157    30   120    88    77   117    38   101    21    68   150     2    74   119   130   137    33    69    71    51   127    63    88   173    26    85    17    32    69   146    54    76    76   125   132    91   110   124   117   157    82   175   135   169    56    58    72    69   166   123    52    91   115    81    79    62    94   117    98   152    55    94    38    95    66   100    54   140   139   159    60    35   101    81    81   141   174    14    45    79   132   180   145    65    11    51   131   130    62    29   112   179   132    48   122    27   102    75    80   116    48    54    58    17    57   137     1    27   153     2   156    53   151    27   100   174    70   130    87    99   160    51    65    27   176   150     5    56    45    84    10    91   162   150   178    63   126    88    43     3    88   179    40    47    94   155    13   115   131   116   133     4   114   101    34   104    95    87   141   153   103    58   115     4    33    80    94    70    86     2    67    91   151    81   162    30    54    13    28   137    77   158   153     3    27     1   158   102   132    96   174   115    84    96    95   126    48    21   154     9    60    86     1   173   174    52   147    50   102   177    79    48   104   149    73    20   120   126   162    42   116   132   178    85    52   140   137    13    85   174     4   178    73    13   180   177    59   117   122   143    55   133     1   174    49    43   129    28    17    10   113    56    96    44   125   133   161   136    61    67   117    20    14    25   118    52   172   106    57    11   177    52    53   179   165   178    11    37   135    52    93    35    90    82   157    42    12   113    15    60    22   123    76   128   157    19   142   127    38   163   154   106   159   162    38   106   111    30    50   142   144    37    31    24   167   178     3    39    87   108    40   173    12     4    74    15    11   145   163    79   128   169    71   136    77   160   129   112   104   178   104   169    81    38    91   171    69   174    90    38    44   113    97   107   176    97    53   121   162   171   128   109   127   178   170    90   157   148   106     7   162    92    80    73   129   174    65    91   136   180    10   164    20   116    61    85   113    33    87   127   132    50   138     7    77    71    41   167   102    93    75   115    74    89   172    50   129    91   143    15   160    97    31   158    66   119    37   172    18   102    42    73   121   179   109    49   112    33    22   108   152    23    26   177    76    24    89    90   114    80   118    78   180    66   140    33   131   104    65    42   113   174   162    97    47    22    90   137    36    45   168   112    51    70   132   141   104   128   125   148   140   130    46   172   155    88   153    48    37    31   113   116   169   152    51   143    43   104   169    77   171    50    92    92    29    37    32   156    56    78   110   148    51    27    44    66     5    59   157    37   153    34   164   159   167    47   155   159    68     8   108    14   141    21    34   157   103   145    82   165    83   166     7    13    10    75   151    24    75    19    34   108   141   142    11    98   144    61    65     4    12    58     8   175    96   172    63    55   176   161   159    74   172     4   115    89   171   155   146   122    16    23    96    58    27    60   142    21   146    56    42   100   147    66    49    66    55   115   158    26    33    56    69    30   115   177   152    32   145   150    61     5    71    95   100    50    63    47    59    60    80    87    71    32   137   117   122   100   129     7   144   139    52   112    89    70   149    67    92   138    83     4   162    68    41    33    27   156    29   129   165    74    52    44    29    20   151    66   116    17    40    79    68    88    65   101    18    50    67   118    74   117    91    45     4   114   137    49   155   172   125   171    88    64    40   130    62    75   169    25    43   108    53    92    44    41    40    57    72    73    14   150    78    38   109    66    64    25   177   112    45   170   153    69    57    97    94   130   154   180   130    82    16   110    54    31   136    99    99    76   173    51    39    21    42    68    52    68    99   178   130   155     4    78    72    83    20    95   143   152    68   167    20    74   145   142    96    18    74    19    10   152    24   160    61    20   155    50   146    99    40    37   118    87   125    37    22   172   116    26   126   113   116   124 
  135   165   103   148   149   150   108    27    27   107   111   142    34   165    35   128    22    88    20    61   126   130     4   155   134    74    42    45    62     5    42    42     4   169    70   152    51   147    99   165    32   123   108    40   128   142   106   177    76    96    32   143    22   117   129    14    20    91    65    50    68   149   116    65   178    89    61    73   124    80   105    22    72   179    25    48    86     6   155    75    76    39   108   120    64   109   176    61   107   141    54    21   171    78    96   118    19   115    54    41    98   126    79   177    49    94    65    35   132    15   111    97    60    50   133   150    13    71    65   150   165    37    18    73   152    87    61    91   152    65   112    92    24   163    63   142   165    10   122   158   156   142   160    84    73    25    94    77    89   101    89    93    79   143    39    75   106   103    80   106    38    17   161    70   111    40    26    39     5    58    49    34   165    79    96   140   170     1   156    14    48   148    84    20   150    75    79   104    61    47    12    55   106   132   131   149   142   117    67    62    44    43    43   168    18   145   154   175    73    93   127   135    43   126   176    55    85   122   106   178    29    65    11   162   155   165   177    45    97   173    27    23   102    20    11    81    77   113   168    18   128   101   153   175    78   132    73   167    53   132    46    35    70   147    98    56   149   163   173    42    19    62   106    65    90   137   112    23    97   149   131    56   155   151    81   106   128    92    41    53    93    49   162    54   109   123   100    10    77    15   102   177    15   102    20   114   126   103    25    25    51    20   171    45    61    51    58    97     6    27    33    35    67   179    48   180    45    94   158    69   156   152    16   174    56   124   126   158     7    82   130   169     1    17   106    81   160    61   111   171   111    84    94     2    89    24    94   132    31    28   118    45    89   156     6    62    29    70   139    28    88   134   121    76    75     9   105     6   116   108    61   135    10    68     8    62    16   162   137   131    64   174   118   117   161    49   152   149    52    94   178   170   129   119    75   176    83     2   156    59    85   172   180    14   132   156   149    76    97    18    23    57    14   105   142    49   169   180   121    40    38    47    26   151   150   102   121    49     5   107    87   172    29    54   177    32    40   121    83   145    37    73    40    28   147    46    55    52   165   170    82   122   111    52    76   118    50    36    79    41   158    51   146   106    49    37   142   177   103   127   151   171    28   164     7    85    32   109    79   147     6    85     9    20    94   129    56    49   123   150   149   128    35   139   158    27     5   162   117    79    81    47    33     9    96     3    93   101     7    34    44   134   103    94    55    80   110    91   125   169   165    66   170   145   120    24    95    47    83    87   157    77    16   173    65   131   113    47   122    56   165   173   144   117    89   152   146   148    16   112   119    91   156   134    22   135    80   127   115    61   135    75    73    34    83   112    48    42   102   105    94    14    72    30   125    29    52    39    93    18    74     3   176   118    97    38    57    18    83   176   154   102    64    97   141     3   118   125   164   119    74    13     9    56   148   142   180   155   126   171    50   171    80    10    59   110    79    41    69   141    60    20    41   175    83   103   140    12   161    84    62   156    21   108    47    83   115    80    50   174    25    63   155   114    24   113   154   143   175    17   151   108    38    12   153    32    82    17    92   132   148    40   106    42    86    15    12   168   149   126    74    95     4   156    77   159    83   117   127    47    63   118   136    23    85     5    72    56   156   140    82   100    80     8    71    74   176     5   157    55   105    17    13   157   164   172    19   156   175     4    37    44    40    59    31    62     3    77   143   120   103     8   104    61   126    82    95    18   173    49   110    41    40    38   138   160    44    95   149    79    94    47   102    93    72   144    64    30    18     6    26    42    45    44    46   136   180   153    73   133   115    99    35    53    31   108    89   140   141     3   125   110    60   104   113   139    42    10    92   137   163   157   149    45    54    11   122    40     5    36   173   163   139    84    85    10   149   141    89    52    15    38   151    68   169    76     1   175   137    60   134     1    93    96   130    81   106    95     2    10   113    83    13    77    37   122   169   179   179    15   141     6   173   173    62   121    43    56   139   165   112   153    57   157    30    37    19    69    32    87   170   163   153    56   178    81   104   106   115    66    94    69   108    82   104    93    76   112   130    69   179   145    71   172    26    55   166    65    72    13   118   133    72   114    15    49    97   175   147   135   124     3    14    71    53   125    36   158   141    71 
  103   109    60    14    41    42   101   168    64   178    94    15   176    44   167   135    99    18   131    79    63   133    41   126    11   173   101    65    39    91   176   104    53   162   167    55    51   128    52   120   124    93    21     4   173    27    86    31   136    99   125    86   144    88    67    85    49    30    83    16   151   165   161    41    38   179   152    58   106   126    38    35    13     9    16    11   170    22   141    61   133   157    61   148    85    52    56   111   164    13   174    43   180    76    24    16    41    12    35   133    75    50   115   178   172     2   150    18   155   113    72   126    74   103   107   112    84    94    55    28    59    97    31   155    47    56     4   151    76   162    34    63    70   124    20    24   177    69    27    44   136    40    11    66    75    73    52    86    24    91   174   121    55   132     8    56   172   125    53   116    88    88    58    18     1   105   176    26    75   159   136   105     3    48   152    47   145    36   165   124   159    20   173    44    29    57   154   134     6    27   117    80    54   126   147   167   104    12   155    67    97    48    34    67    49    19   116   132    50    55    10    11   146    22   176    96    16    26   174   143    14   174    89   159    40   136   143   168    47   152   158    85    36    33   147   152   132   178    41   147   175   149     3   122   171    53   105     4   103    58   163    17     8     3   105    52    13    52   148   168   157    46    74    77     9   174   102   100     8    15   115   134    31   112   165   129    74   163    98   109   163   153   121   149     6   148    42    63    35    66   164   134    48   124     1    19    99   158    22   136    59     7   101   159   120   115    48    90   172   159     4   114   136    57   135    47     8    54   154     8   171   123   164    83   160   159    40    67   122   152   123   163   106    44   163    55    67    60   168   113   169   129   170   114   106    58    43   152    53   145    75   117   117   133   101    59    87    27    70   168   131    10   147     2   144   144   136   121   100   141    10   147   132   111   162   177    20   120   100    53   154   143    89   128   134    79   146   112    38   162    48   144   118   123    66    46    71   101   108    43     2   138    85    50    95    91    64    37   145   142    68    54   164    35   151   105   109   141   115   134    42   165    14    45    30    14   109    64   127   131   153    43    56   141   135   177   149    57    74    48    15    20    32   133    30    75    87   137   139   113    23   141     7    84   110    94    14    47    33    97   106   151    48    34   144   170    60   129   100   127    25    77    14    47   118   162   176     2   104   127    13   136    39   153    25    43    59   107    85    21   146    26    29   141   143    15     6   177    19    76   105   110   141   148    15   126    63    71   175   143   144    77     7    75    25   137   143    29    98    11    87    17   139   151   176    76    68    42   108    76   136   159    99    90    50   109    64    21   112    37   122    62   175   108    38   140   149     8   120   118    35   152   115    12    20    70    72   102   138   123    68    34    33   127    59    75    30   142   156   123   172   166    50   111    63   131   101   137    19    49    19   172    51    49    72    37    46   142   121   166     9    96   119     8   107    93    38    39   109    46   148    71    31    20    55    16     4   171   111   179    26   133   117   128   159   180   134    56   120    54    61    55    85   129   161   117    11   129   108    10   153   125   103    85    14    54    14    10    90   176    94    44    91    51   134    47    28    85    51    11   125   131     5   123    60    51   178   180    87    54     1   103    16    11   157    62    37   108    92   154    26    44    99    35    79    45    35    39    50   160    36   173    43   120    57    42   156   160   136    23     4   119   130    30    76    41     4   158   101   143   124   122    19   129   161   107   111    47   125    18    15    60    56    63    67   126    94    48    18    59     4   169   176   177    11    47    18    88   164   139    19   110    69     9    40    72   113    38    60   143    53    73   103    72    58    44   162    37    53   157    14   138    67    91    37    23   136   171    15     6    74     8    53     4   102    29   102   145   163    86   179   156    50    11    17     1    46   131    90    61   172   177    34   147    45   161    53    10   173   179     9    16    29    91   118   124   144    80    14   108   119   152   162    23   168    19   132   131     4   145    16   151    56   101   101    25   158   102    68   110   144   125    51   104   139   149    88   123    46    48   125     9   139   152   180    79   154    50   104   171   118     3    53    93   109    14   156   139    45    13   119    74   104   137    45    54    68   102     2    53    95    93    92   153   128    38    58   155    22   122    37   136    71    84    24    96    76    97   171   138   114    39    60    80   167    99    67    99    14    26   124    81   133    60    89   115   157    71   168    20 
   94    61   102   102   133   113   123    14   149   138   123     5   131    36   141   114   121    50    98   103    67    52    36   114   173   118   134    73   131   142   123   139   121   157    12     9    98   169    34   127    51    54   100   173   126   134    22   109   174    84    12    31   165   128     6   122    50    25   114     2   176    76   125     9    38   153    15    15   139    74     9    52    48   175   129   171   149    80    10    50   162   145    40   134    54   113   145   179    20    52    98    70   123   152    84    95   130    51   172   101   180     5    72    31   170   105    58    31   105    64    73   166    37   140    96   127   127   110    68    45    35    36    17   161    18   104    53    22   180   146    81    69    44   166    56   174    11    24   152    91    35    16   166   138   179    43   133    14   105    31    36    77   161   127    99   107    41   143    76   130   110   141    99   168   109    80   152    38    82   144     4   130   140   156    53   178   174   158    27    61   148   117    62   134   120   155   116   167     9    93   129   158    90   172    39   103   152   123    90   162    38    97   177   142    81    74   144   152    67     7     5    65    77    33    55   149   134    69    85    85   154   101   150   131    66     5   107   114   134    28    41   153    23    98   138    43    37    15   170   110    80    23     2   118   118    85   167   177     6    28   112   102    45   153   125   123    78    62   139   150    48    57    15    50    43    65   132    96   114    32   112   163    76    83    58    50    81   147   142   138   121   170    96   117    86    54   153    49    23    48   180    12   177   110    98   120     5   157   140    46   169   120   175   136   160   129    35    71    42   141    89   136   149   169   142    28    60   147    46     3    75    48   161   128    62    52   179    38    16    31   101   143   144    13   141    35   162    92     1     4   100   121    61   164   131    52    19    86    94   148   158   167   150    65    56    20    50   178   121   157    46   160    35    81    59   149   155   108   153     7    91   136    97    88   114    18    21    91    24    77   161   170   130   103    98   127    31    16   131    18     5    34   141    24    28    78    98   106   146    55    46    91   101    70   135    16   128   146    45    47    92    39    38   156    55   138    56    93    25    38   125   170   110    24    27     2    76   143    82   167   116   138    54    38    77    84   142    16    38    83   102    19    99   159   159    82   127    52   115   169     8    55    95   114    80     7   127   138     9   165   152   140    25   143   121    36    88    87    23    20    33   146   126   160   141   101   168    14    47   145     9    25    15    24    55   126    53   127    63    54    12   146    77   150   146    82    23    89   156   138    27    31    66    10    67   151    46   131   104   155    72   141    40    30   140    92     6   100   115    83    72   145   161   172   151   124   150    46   147     9    78   105   170    76    89   168    87   172   162    44    19    37    79    11    20   109    29   103   142    24   155   169   141    69    18    12    33   146   178    16    66    52   113   171    37     8   172   132   158    37   144   137    77    15   172   162   114   121   158   178     5   142   164   103   104    88   174   152   150     4   131   148    82   125   142    67   136     8   127    27   146   162   123    73    11    97    82    32   120    35    25    96    73   117   165   143    29    90    77    27   178   150   177    82   151   111    41   145   117   179   169    32   158    46    11    93    70   180   133   164    89    40   140    50    56   118   111    55   166    29    49    93    68    63    77    28     9   108   136    16   115    38    36    47   115   135   116    35    95     5    48   155   180   119    84   119    55   126     1    53    75    85   126    70   153   162    74   169    80    52    70    80   129   104    37    50    23    26    82   119   162   165   135    15    79   174    66   125    62    57   112   106   159    35   129   126    86   124    68    82    21    81   153    97   161    14   155    40    65   151    82    53    22    93    97    29    11   118    79   141    48    12    68    16   138     5    16     4   131    11    95    73    51   141   142    29    45   100    40    72     1    30   147   133   120   167     8    57   174    18   170   140   165   126    47    92    46    76   101    24    62   108    56    48   132   129    95    86     5    22    48   157    34     5   104    25    27   169    81    13   120    87   108    35    23   159    80   123    44   112   141    32    65    73    71    40   179   153    98   178   145    97    55   138   137   143    76   166    95    86     4    11    37    91    87   152    61   159    39   132   139   121   112    58   124    89    79    75    71    79    33   153    72     4   100    48   157    30    62    88    39   114   101   101    74    45     4     4    11    62   103     9    44    22   101    57   128   120    91   167    58   173   175    93    34    89    41   177     3    92   119    42    95    28   132     2   149    60    71   146 
  160    47   136   163    25     1   100   118    73   173   104    62   104    27   113    90   148   120    64   122     9   105   175   110   130     5     3    16    92   180    51    98    34   116   152   120    98   129     2   137   107   101   122   105    28    11   165   155    17    56    46   144    78   144   163    14   151    19    26   128    95   148    74    91   145   100    88   147   101    38   142   106    56    56   134   178    25   137   175   160    13    85    78    14   140   126    30    35     6   154    90    59    60    86     6   138   101    72   179    58     7   111   107    58    59    69    33   151    75    40   159    29    95    71    85   176   142     7    52   118   168   139   131     8   107   139     6   152     5    35    72    21   130    99    74   154   145    20    74   126    15   101    95    29    55   109   121    15   111    33    24   128     1   136   104   171   138   107   134    48   172   177   149   163   143   116    80    99    28    49    38   149   179    50    87    49    48   121   158    61    64    52   131   145   102   131    70   175    61    27    78    31   105   125    32    77    21    86    67   125   136   155   169    58   135   105     1   167   107    58    86    88   152   158    51    59    40   133    18   118   133    82    75    53   114    43   171   174    58   140     9   121   116    13    45   166   172   178   139   160   177   150   122     4    84    49    26   122   171   170   170    19     8   131   131     5     7   141   124    65    25    27   101    41    78    84    37   177   175   172    57    91     2    31   145   114    75   156   134    11   172    37     5    41   167    93    98   105   118    78   139   119    90    41   119    29   132     6   110    25    49    38     8   135   124    49   123    85   110    42   110   144    34   172   100   172    50    59   177   105   153    32    40    58    38   170    54    79    89   143   121    91   169    64    40   119    71   104   164   165    98     7    65   148    22   102    20   140   178    43    63    21   105    10    54    49    28   105   144    61   143   132   151    25   178     9    90    91   109   160    42   176    81    24   146   130    18     2   116    72    89   111    91   139    82   127    34    99   142   159    54    30     7   172   126   118   140     8   129    76   110    87   161    91    71    25   178   162   110    24   133   128    27   135   113    55   110   140    69    47    17   157   157   119    19   125    21    24    36     2    27    60    14   172    30   149    59   159    24    33   133   152   111    27    41   156    38     2    51    44   138    53    67   127   157    12   158    76   162     7    89   136   118   144   107   130   147   146    50     4   179   178    49    94    64   143   157    98   131   179    84    89    91    73   102    86    10    51    95    13   172     6    11   128   158    78    60   119   132    80     6    65    87   162   120    73    67   150    67    65    31    75    59    30    16   178   166    14    28   133   144   107    14   133    57    43   140   105    78   125    36    12    38    74   113   142    80   161    62    43    34    70   100   131    93    13    74   168   164    28   118   162   157    12    48   143   115   160   177   150    77    60    86    51    38    53    88   110   167    70    97   109    36   143   146    26   176    31     2   136    89   158   129   168   161   176   144    11    33    24    25    37   120   118   125   169    57    98    86    87    57    71    94   103    92    55   127    37    36    50   179   111   171    17   113   167    75    75    30   168   125    37    25   109   180   172   107   174    25   143    55    28    18    90    23   165    48    98   156   153    66   134   174   126    78    50    73    64    61   101    73   166   133    55     8    71    81   115    24    95    98    25    77    21    82     7   143    33   105   109    77    45    51   111    67    53    83     4    42   134   178    30    15    83    10    29   153    42   135   128    54    49   156   105   126   156    96   140   151   132    14   111    91    93    99    34    23    30    33    51   145   115   128   114    68    41   164   177   144    60    65    13   180    79    73   113    17   174   107   129   100    10    52    76   134    91    12    24    18    49    22    86    80    41    46    68   158   136   166   163   104   157    95    18   131   154    90   176    21   144   131   147   134    82    69    65    83   146    69    93   179   100   163    14    51    70    36    60    77   148   131   149   164    12    71   137   147    91   116   112   180   135   173   122   115    39    91   119   157     4   175    43   106   101   111   108   158   154   175   165    16   131    97    70    88    17   179   137   177    63     9    60    33    22    87   173    61    79    23    64   117    84     9   112   129    43   179    72    27    39   124   107    72    84   121    85    28   148    20   165   109   148    33   107    32    14    88   107   127     3    90    81    29     5   147   180   121   132    89    71   152    39   175   172   154    27     3    91   101    47    38    28    45     8    77   130   178   143    78    30   122   113   161   148   135   105    67    28   125    81 
   37   159   168   160    67    92    94   107   158   163    17    14   112   122   168    48     5   118     2   112    32   110    62   101     2    37    21   136   167    92     5     6    19    72    86    37    41   116   151   115    82   150   105    90    44   132   134   180   118    44    52   156   115    99    69    45     3    57   122   159   164   131    33    92    15   160   112   149   100   151   134     5    99    33    23    79    17   107    43   112    62   152   150   167   106   143   122   148    49   104   146   170    15   149   169     1    63    25    21   110     9   147    45    89   140    11    22   132    13    30   156    11   160   152    47    92     2   127   116   171     8    50   111    53   111   123    87   104    84     1    18   105   145    14   124   154   179   110   113   115    14    93   174    80   107    57    89   161    36   129   103     8    54   148   141    20    60    93    33   110    67    85    62   106   161     1    15   128   155   119    31    86   157     1     7    34    83    81   132   155    47   101    85    95   142    15   117   156    18    67    16   138   106    14    11   109   123    96    62     2   163   174    82    63    37   111    34    89    88   143   161   126     3    99    94    97    16    87   176    74    78    17    33   111   129   163    79    37   129    60    75   136   168   102   125   115    37    61    49    35    58   102    69    36    41    91   167    57    30    28    52    56   108    45    52    46   154   149   130    32    68    45    92    67    90   114    97    88   169   108    10   157   146   119    97    54    90   178    92    43   139    13   179   180   155    55   168    94   106    70   136    31   149    50   124    20    60    11   154   170   173    56    22    41   158   105     9   146    59    33   120    30    32    74   134   138   105   102    56   160     2   117   160   131    21    82   117   124    82    27   139   158   133   115    34    48    69    62    56     4   142    89    99   134   137    53   104    47   139    76    13   114   109    55     4   125   170    44     5   146    50   149   128    13   105   143    39    19   146    86   131    77   129    62    31    89   101    80   147    41   123    12   137    16    21    66    84    12    38    79   128   115   176   118    30    71   124    16    26    27   166    63    54    39    19    58    40    54    82    95    99     4    21   141     9   177    93    13    52    85   111   110    28    62    37   147    39    29    24    49   163    87   113   113    95    79    44    22   175    53    18    70     9    70    87    53    54    80   157   162    26    62   171   111    88    38   171   139   104   118    35   121    52   166    61    29   103    27   150    67   154   166    12    83   152    24   149    92    71    51   128     1     8    88     3   171    61    77   172    46    94   151   153   140    64   156    71   138   112   139    56    19   110    63   132   126    92    20   123   126   163     5   164   115   164    89    30    24    25    52    83   120   112    75   117    66    38   168    24    24   179     6   152    30    52    53   138   107    68    64    95   139   168    61   118   165   174   143   106   123    10   146   177   157    87   174   143    62    80   175   138   169   108   129   117    19    59   114    97   161    70    34    28    67    41    30    48    92   119   175    79   166    85    34    22    87    91    59   103   109    26    65    89   139   112    65   163    94   135   150   138    28    75   104   141   170   120    19   166     1   167    89   130    72   151    47    94   171   160    25    42   136   121    53    83    60   103   119   108   151    15   122    94   127   159    21    71    15   179   150    13   112   101   125   128     9   116    31    68   102    43    84   176   146   105    50     5   146   154    76    81   160    30    13   155   109    20     5    91   131    21    55     1    77   152    39    39    59    29    95   115   155   161    15   117     9   142   129    15   160   178   131   105    33    18   128    26     8   148   173    42   123    86    59   145   155   126    17   125    61    60   131   142    76    43    28   169    63    82    85    48    27    92    52    78   116   139     7   103   171   155     4   171    95   153   155   134    56   101   175    65    26   117    73    70   109   157   101   109    89     4   159     2   130   121    67   127   117   166   132    62   172   147    66   154   151   129    52   148    72     5    84    30    17    37   125   151   107   172   157    24     9   123    27    28    31    62   144    37   145   137    37    19   137   149    56   108   122   140   133   124    46    19    19    66   170    83   174    88   168    51    40    52    84    96    46     2   132   140   111   173    57   122    25    91    46   177    79    66   150   180    58    21    48   130    50   144    13   145   160   163   180   118    20   139   162    17   105   116   141    63    60    21   100   158   160   159    28    36    90    21    92    67    27    96    58   118    39    55   155     2    45   141    13   125    74   151   114    36    57   136   157   121   167    10    14    81    48   165   153    20   162    23   111    22   117   173   130    61    11 
 0.00  0.39  0.24  0.26  0.20  0.31  0.34  0.24  0.29  0.30  0.35  0.24  0.22  0.28  0.34 
 0.39  0.00  0.27  0.21  0.31  0.24  0.24  0.40  0.25  0.25  0.33  0.40  0.25  0.32  0.27 
 0.24  0.27  0.00  0.27  0.31  0.34  0.24  0.23  0.26  0.32  0.32  0.29  0.26  0.27  0.38 
 0.26  0.21  0.27  0.00  0.24  0.31  0.34  0.21  0.24  0.37  0.35  0.39  0.21  0.31  0.39 
 0.20  0.31  0.31  0.24  0.00  0.35  0.26  0.35  0.26  0.22  0.28  0.37  0.35  0.23  0.28 
 0.31  0.24  0.34  0.31  0.35  0.00  0.27  0.29  0.27  0.23  0.33  0.39  0.34  0.28  0.21 
 0.34  0.24  0.24  0.34  0.26  0.27  0.00  0.29  0.34  0.30  0.27  0.32  0.31  0.20  0.36 
 0.24  0.40  0.23  0.21  0.35  0.29  0.29  0.00  0.33  0.34  0.27  0.33  0.23  0.24  0.23 
 0.29  0.25  0.26  0.24  0.26  0.27  0.34  0.33  0.00  0.37  0.24  0.25  0.29  0.28  0.37 
 0.30  0.25  0.32  0.37  0.22  0.23  0.30  0.34  0.37  0.00  0.21  0.32  0.35  0.37  0.40 
 0.35  0.33  0.32  0.35  0.28  0.33  0.27  0.27  0.24  0.21  0.00  0.31  0.24  0.23  0.23 
 0.24  0.40  0.29  0.39  0.37  0.39  0.32  0.33  0.25  0.32  0.31  0.00  0.38  0.26  0.24 
 0.22  0.25  0.26  0.21  0.35  0.34  0.31  0.23  0.29  0.35  0.24  0.38  0.00  0.30  0.21 
 0.28  0.32  0.27  0.31  0.23  0.28  0.20  0.24  0.28  0.37  0.23  0.26  0.30  0.00  0.22 
 0.34  0.27  0.38  0.39  0.28  0.21  0.36  0.23  0.37  0.40  0.23  0.24  0.21  0.22  0.00 
