90 12
2
     27120
     27933
  3.6  36.3 733.4   1.9
  1.1  56.0 104.2   2.4
  5.0  17.8 418.1   1.5
  2.4  23.3  95.0   1.5
  2.0  15.3 290.7   2.0
  4.5  53.4 434.8   1.7
  1.1  23.3 802.5   2.2
  3.9  58.3 654.1   2.0
  2.0  47.0 734.3   2.0
  3.7  68.3 371.5   1.8
  3.1  16.8 902.0   2.5
  4.1  66.5 693.9   1.7
  4.0  71.0 391.5   1.9
  2.8  50.0 888.9   2.4
  1.8  39.6 690.6   2.3
  1.3  55.6 529.5   2.3
  1.1  50.1 823.5   2.1
  3.3  52.4 334.1   1.8
  1.4  46.5 725.9   1.5
  1.8  18.1 748.5   2.3
  2.8  39.0 403.0   1.7
  2.5  64.5 559.8   2.4
  1.8  33.6 832.4   1.8
  4.5  55.7 756.4   1.8
  1.6  63.4 432.9   2.4
  1.2  43.5 408.4   2.2
  2.2  53.7 514.4   1.8
  2.9  39.1 385.5   2.4
  3.1  52.1 811.6   2.5
  2.2  37.9 569.5   2.5
  3.7  28.1  88.1   1.8
  4.3  34.9 505.1   1.6
  2.6  36.6 567.7   2.2
  3.8  51.3 841.1   2.4
  3.0  47.5 823.3   2.4
  1.8  48.3 117.9   1.8
  3.5  29.6 138.9   2.4
  4.9  62.6 323.7   2.5
  2.7  20.7 907.7   2.5
  3.9  57.8 837.9   2.0
  2.6  39.8 832.9   1.7
  2.9  39.6 326.6   2.4
  4.3  71.1 374.9   1.9
  3.9  21.3 666.1   2.3
  2.8  70.9 850.1   2.2
  1.8  63.0  56.7   2.2
  2.8  15.6 887.6   2.0
  3.9  57.6 383.7   2.4
  1.2  46.5 394.4   1.7
  4.5  41.4 345.0   1.9
  1.2  68.4 788.0   1.8
  1.1  45.5 467.3   2.4
  1.4  19.3 443.0   2.0
  4.9  38.0 456.5   1.5
  4.7  67.2 378.8   2.4
  2.6  29.6 684.1   2.4
  1.4  51.6 659.7   1.5
  4.5  53.9 554.9   1.7
  4.9  53.4 726.4   2.4
  3.9  59.5 107.6   1.9
  1.3  59.8 428.6   2.3
  1.2  60.9 129.2   2.1
  3.4  57.2 360.0   2.1
  2.9  34.4 409.2   2.1
  2.8  46.4 608.4   1.9
  1.5  56.8 106.0   1.9
  1.5  67.1 153.8   1.9
  1.8  71.4 477.4   2.1
  2.7  36.5  60.1   1.9
  4.9  38.9 344.6   2.3
  3.5  52.9 882.0   2.5
  4.0  68.4 919.9   2.2
  1.0  72.9 668.4   1.7
  3.5  31.5 712.3   2.3
  2.6  34.9 415.0   1.8
  2.4  69.5 218.1   1.6
  1.5  58.1 652.9   2.2
  3.2  59.3 642.7   1.9
  1.7  27.2 628.5   2.4
  4.9  25.4 943.1   1.9
  2.0  28.2 849.6   2.4
  2.7  56.0 261.7   1.9
  1.6  64.2 285.5   1.9
  3.0  28.7 522.4   1.6
  4.6  43.9 737.1   1.9
  2.6  40.5 758.1   1.9
  2.2  38.2  84.3   2.1
  2.4  31.7 866.5   1.6
  4.1  57.2  78.6   1.9
  4.6  62.7 466.9   2.1
  2.8  64.5 901.8   1.9
  4.9  22.4 412.7   2.2
  2.9  39.0 546.3   2.2
  2.8  46.3 613.4   1.6
  4.7  61.8 448.2   1.6
  3.7  53.2 423.6   1.5
  2.4  26.9 318.3   1.8
  2.5  53.5 153.8   2.3
  4.7  26.1  59.9   2.2
  3.6  20.2 746.5   1.7
  1.5  29.2 564.0   1.8
  1.1  35.6  74.8   2.1
  4.7  59.7 775.6   2.2
  3.1  40.2 791.7   2.1
  4.1  27.0 676.8   1.7
  4.1  69.7 202.2   2.0
  2.0  64.6 566.1   2.0
  4.1  68.7 471.4   2.2
  3.7  64.0 643.3   2.1
  4.8  60.0 381.3   2.4
  2.4  16.6 490.7   1.7
  3.0  31.2 477.2   1.9
  4.0  59.5 660.0   1.9
  1.6  23.7 933.8   2.5
  3.0  23.2 312.6   1.6
  4.6  41.5 688.9   1.8
  4.5  40.8 816.7   2.4
  3.1  64.8 271.1   1.7
  2.7  48.9 307.5   1.7
  5.0  52.6 286.7   2.4
  4.9  22.3 560.7   1.6
  1.9  55.1 155.5   1.7
  2.1  70.5  61.6   2.5
  4.4  66.6 317.4   2.4
  4.6  17.1 467.6   1.7
  3.6  63.3 843.5   1.8
  3.3  62.3 670.2   1.6
  2.5  26.4 209.9   1.8
  4.6  15.6 678.2   2.1
  1.5  56.3 635.5   1.7
  1.7  63.9 655.4   1.7
  3.9  54.1 729.3   2.5
  1.4  60.4 313.3   1.7
  1.1  61.2 590.3   1.5
  4.9  58.1 398.1   2.5
  2.2  53.6 924.5   2.4
  2.2  56.4 868.3   2.1
  2.0  16.2 257.6   2.0
  3.6  25.5 892.1   1.5
  2.4  69.0 399.6   1.7
  3.2  47.7 752.1   2.3
  4.4  70.3 196.6   2.2
  4.8  42.4 131.9   2.5
  1.9  19.4 458.8   2.5
  4.6  19.5 637.6   2.0
  2.5  30.8 660.9   2.5
  1.1  24.7 635.1   2.4
  4.7  61.3 700.6   1.7
  1.6  40.1 850.4   2.4
  3.3  36.6 747.1   2.0
  1.4  44.6 813.5   1.5
  3.1  47.1 352.9   2.3
  1.4  23.8 265.5   2.0
  1.6  43.6 329.7   1.7
  1.6  36.8 160.9   2.2
  1.6  42.0 154.0   1.6
  1.2  63.1 287.4   1.7
  1.2  34.5 435.3   2.5
  1.9  25.9 797.3   1.9
  2.1  34.1 764.1   2.3
  3.8  73.6 770.2   2.1
  4.5  30.9 137.3   2.5
  1.9  26.4 707.4   1.7
  3.4  35.1 861.3   2.1
  2.1  40.3  86.9   2.3
  2.9  39.2 838.9   1.9
  1.8  72.3 244.4   2.1
  4.9  44.5 134.9   1.7
  1.1  33.7 268.7   2.4
  1.1  37.1 914.9   2.4
  1.2  44.0 765.3   2.0
  4.1  31.3 817.4   1.6
  1.2  30.3 686.0   1.8
  3.6  33.0 619.6   1.6
  4.7  50.3  79.5   1.7
  4.0  51.4 573.2   1.8
  3.7  41.7 102.2   2.3
  3.5  27.3 185.8   1.9
  3.3  65.8 131.4   1.8
  3.3  19.6 839.6   1.8
  0.2   0.3   0.3   0.3   0.3   0.2   0.3   0.2   0.4   0.3   0.4   0.3   0.3   0.2   0.3   0.3   0.2   0.4   0.2   0.4   0.2   0.3   0.2   0.2   0.2   0.2   0.2   0.2   0.4   0.2   0.2   0.3   0.3   0.3   0.2   0.4   0.3   0.3   0.2   0.4   0.4   0.3   0.3   0.3   0.2   0.2   0.3   0.4   0.3   0.4   0.3   0.4   0.2   0.2   0.4   0.4   0.3   0.3   0.2   0.4   0.4   0.3   0.4   0.3   0.4   0.2   0.3   0.3   0.2   0.4   0.4   0.3   0.3   0.4   0.3   0.3   0.4   0.3   0.3   0.3   0.4   0.4   0.3   0.4   0.3   0.3   0.2   0.4   0.3   0.4   0.3   0.3   0.3   0.2   0.3   0.4   0.3   0.2   0.3   0.2   0.3   0.4   0.3   0.3   0.3   0.3   0.4   0.3   0.4   0.2   0.3   0.2   0.2   0.3   0.2   0.3   0.4   0.3   0.2   0.3   0.2   0.2   0.3   0.3   0.2   0.4   0.3   0.3   0.3   0.3   0.4   0.3   0.2   0.3   0.2   0.2   0.4   0.4   0.4   0.3   0.2   0.3   0.4   0.3   0.2   0.4   0.3   0.2   0.3   0.2   0.3   0.4   0.2   0.3   0.2   0.3   0.3   0.3   0.2   0.4   0.4   0.4   0.4   0.3   0.3   0.3   0.2   0.3   0.3   0.3   0.2   0.3   0.3   0.2   0.2   0.4   0.3   0.3   0.4   0.3 
   15   131   147    74   105    93     1   134   128   107   138    87    26    62   155    32    56    23   151   175   171    91    32   124    33     4   132   172    81   130    37    95    48   156    64   112   146   121    58    77    79    40   164   126   150     5    40    31    18   140   145   124   132    79    72     9    75    48    44     3    18   106   159    80    32    20    41   122    87    18    38     7    70   152    44    88   111    29    22    49    76    84   119    10    40   178   122    27   155    61   177    17   168    27    68    34    81   153   155    23   114    39    10    77    58    77   138   133   102    35    76    59   156    47   103    34    46   145    86   133     2   135     3    85   177   131   175     2    61   131   102    92    17   137   152    48    57    52   171   156    54     8   135   153   141   157     6   143    44    21   111    17    66    92   108   140    90    91   178    23   155   140     1     6    50   175    14    99   165    46   156   128    87    46   129   171   144   122   139   133 
   59   127    75   105    46    31    82    38   117   119    18     6   112    86     8   177    39   115    14    82    14   167    10   124    83    59    19    50    25   147    61   176   107    17   109    85   140    56   125   103   149   160    11   139    39   160   133    67    44   116    69   136   130    26   155   124    49    98    21    88   103    81   142   179   148   174   116    52    74   119    41    15   140    54    81   111    35    31   137   133   170   140   143    95    82    85   135    20    88   151    54     6    11    17    75   111    88    32    24    66    99    40     9     7   131     3    69   163    61   166   137   150   168    37    17   112   101   149    33   161   127    50    12    38    93   106     8    43    31    64   159    13    31    29    63   142   110   171    14   104    76   164   143   154    28    41   133    86    39     3   123    91    28   169   134   135   178   135    70    74   163   141   163   148   161   132    48    93    88    97   109   125    25    71     3   142    97    42    75   102 
   67    89    86   165   152   132   108    13   106    92    55   174   157    62   173    44    38    19   136    22    21    79   138    82   154   173    35    12   170    70   160    92    12   129    93    27    76     4   138   126    27    92    12   178   123    39    44    68   110    20   180    64   108   180   100   177    31   165   141    47   173    18    81    89    94    29    49    80   129    84    43    17    16    46    96    92    41   149    97   160   113   130    82    85   162   147    66    43   174   135    84   153    62    44    56   134    46   117    88   121   148   140   101    74    59    83    74    98   164   127   109   137    21    24    63    96   116    98   158    36     3   133    36   144    79    38    32   179   107   161   121    43   150    54   157   111   146   160   106    39    55    33    26   137    40    29    46   123   114   173    53    20   177    39    56    24    56    26    40   136   145    51    16    60   139    47   163     1   153   101   179    18    56    69    12    19   114    99   131   180 
    8   110   177   146     8    40    79   159   158   179    30    69   108   167    90   116    43   135   140    92    57   156    27   114     3   170   131   171   154    92   111    84   119   159    44    81   170    21    92    78    62   114    46    35   124   176    37   126    39    87   158   143   165    84    39   135     4   123    45    67   100    25     5    48    37    18    69   180   176    77   122   103    73    49   153    30     3    43    77    64    26    92   112    48   145   179   132    70   102    20    43     9    34   115   136   139     3   136   145    20   177   161    87    58   158    14    73    66    79    23    38   161    37    43    69   144    56    82    86   175    70   108   123    63   160   174    96   107   176   115    55    66    92    33    36   107    54   103   170   110    28    56    67   112   172   171    17   119   118   142    28    16   145     3   118   121    26    37    33    85   137    75    91    18   152    75   146    69     9    14    89    22    17   145    32    70    62    11    74    50 
   51    93    91   114     6   156    96    71    60   159    31    34    46    80   132    73    98   117    13    42   131   135    71    63    81    28     6    15    82   155    98    67    17     3   176   179    64    39    81   120    23    58    12   164   106    29    64   157   157    80    24    90    24    70    52    31     8    42    96    87   179    97    44    48   110   144    84    11   176   172   169    13   159    48    91    23    39    86    18   152    63   141    81    94   110    91    55   145   113   142    48   161    49    71    48   112    77   176   105    65   168    89    26    83   149   118   151    61   103     7    28    63    37    94   106     9   142   123   173     2     8    36    42   140   128   104   171   105     6     7   127   153   141    78   107   114   111    96    74   135   165   125    63   140   125    16   124    80     7   114   173    52   138   141    33   107   160    26   135    25    54    99    49   164   116   135    79    56   173   135    44   148    62    20    59    52    52   178   172   174 
  110    43    12    48    78    72   148     5   160    20    96   130   171    66   145    59   129   109    17    49   118    46     6   171    20   120   106    16    80   100    35     3   131    56   102   100   106   180    49   172   137    58    91    59    58   109    91   105    48   120    41   151   151    78    53    68   147    23   140   172   101   160    99    25   179    72    76     1    69    84    90    65   121   113    16    88   174    85   174    29    54   180    87    62    40    91   115   145   167    26   180   151   110   144    98    61    96   164    33    41   117     2    91   102    50   116    61    90    65    10   159    92    94    54    49    75    19    12    10     6   125   143    21    95    36   100    60   124   176    46   178    26   117   170   171    83    56   125   119    38     4    17   160    46    65   167    34    93    91    87    26   170   174    77   142   110    22    19    35   166    68     7   135   175    40     4    92    96   130    25    63    91   121    11   159     5   110   132    91    99 
   45    83   130   113   165    10    60    49    38   137   178    64   124   112   121    21   137    21   112   100   178   141   169   156   170    29   168    51    40    31    26   129    17   132    75    35    90    81    86    98    90    95    38   176   144    85   123    24     4   128   112   153    27   104    65    75   140    17   156    76   119     5   107   154    12    50   113    22   167   123   116    59   138    86   158   143    11    62    33   135   119   160   168    59   107    19    99    86     6    62    66    42   144   123    69    24    37   144    56    53   156   104   104    23   130     4    91   119     3   120    47   160    85    11   149    30    63   164   176     7    67   141     6   136    84    92   124   136    51    55   163     5    20   128   150   140    50   101    12    77   163    74    62   174    90   164   165    93   153    32    13    85   135   158   139   104   134   124    65    40    24    35    10   170     5   107    42    34   103   167     7    63   118    15    40    75   123    75    50    63 
   73    32     2   164    84   107   153    43   170    99    51   144   104    62   175   129   131    25    83    89   167    24    70    83    88    74    31   127    24    33   126    66   122   179   116   173    16    23    72    44   123   155    30   109    88   144   142    83   135    93    31    80    39    80   141   144    84    67   173   111    28    65    47   103    53    88   143    13    88    34   140    31   111   110    91    63   138    19    78   174    99   142    59    21   125   145   176    33    86    22   171    48    42    73   166    94    54   108   108    87   156    21    29     6    71   179   115    26    88   143   128     8   139   130   100   135    32    10    95   180   130    24    16   174    35   152   109   103    67    50   143    45    16    74    14   120   118   133   131   104   175    16    64   142   170    61   111    54   150    95   101   174    17   110   162   167   167   109    79   138   125    57    85    98    40   136    22   175   176    14    72    53    47    84   130    91   114    58   153   152 
  113   146   170    34   161    69    65    79   161    72   150    48    25   112   117    58    77    33    35   129    88     2    13    95    44   148    31    70   159    74   140    83   175   117    49   145    46   105    48   179    81     1     2    37   121    88    28   141    99   145   161    88    62   122   163    74    54   126   114    44   146   145    87    67   106   172    40    58    48   104    44    83   172    22    34   101    12    12   180    72   122    16     4    89    50   143   129    48    31    88   157    53    43    12   122    83    76   131     5    39   159   173    83    63   155    91    98   137    50   120    89   178    56   168     5   141    11   113     5   110   115   122   155    51    48    43   132   108    86    56   123   101   156    39   145   143    95    37   135    59   169   151    37    71    10     3    17   113   161   105     8    40   126    84    91   132    47   150    59   138    79   171   163   159    37    57    36    21   110   160    91   106   164    84    20    72   175    88   145    99 
   58    17    48    31    94   113   148    65   158    33    85    39    90    76    55    51   124   152   124     3    44    49   147    97    81   120    24   153    45    48   114   177    97    44    41    68    86    99    14   165   130    56   149    90    85    22   135     4    72   151   113    16    50   179   172   118    57   172   115    10    55   142    81   161    60     7    34   117   168   100    12   123    40    73    37    41   157   153    78     8    78    64   134    89    54   127   119    66    77    63    66   137   146    81   120     8    25   119   129    27    81     8    26   141    48   146    19    80    52    70   175   171     1    29   178   114    89    96   109    80    44   132    73   165   152   101   156   170    73   155   177   107   146    31    56   146   122    99   146    62   100    53   140    67    50    36   172   177   138   101    42     2    30     7   105     5   170    81    28   122    95    53   130    92   113     8    35   117    15    56    12   102   135    30    79    68   120   175    28    11 
   56    15   140    92   130     9   165    89    33   162    31   174     7   156   142   116   106   162   180    24    96    40    79    19    51    28   153    30   121    68    88    20    39    35   128     8    39    63    95   118    55   158   126    62   167    49    51    22   152   132     2    86   116    98    30   168    77    22   160   119   126     9   102   154   124    15    75    65    55     5     3    90   110   171    98    75   125    24    79   149    11   108    13    93   170   179    14   113   164   142    23    54   105   138   165    83    22    48    40   173    60   138   155   154    32    64    55     4   156    76    82     6   173   176    64   109   139   122    30   152   131    94   163    50   120   129    46   101    77   121   171   106   133   178   109   155   141    98    38    52   118   153    64    20    54    90   118    63   179     6    32    13    49    56   168    33     4    42   170    26    98   165    60    64   125   158    78    98    56   105   151     8   158   160     7    17    74   125    56    40 
    2   142    98     6    27   179    27    71   158   137    36    27    99   158    60   135    38    58   165    95   128   175   127   146    84    71    60   122    54    31    89     6   148   130     4   104    23    25   177   125   103   180   150    56   175   108    41   114    96   172    42    98    57   116   123    41    95    36   124   163   133    52   118   113   109    89    83    21   155   174     5    31    46   112   104   172    51    81    93   115   115    55   155    37   108   165   139    36   178    35    21    87   128    88    89   171   113   143     2   150   161   104    77   138    56    94    92   173    69    36    61    14   109    27    82   108    63     8    17   145    41    91    11     1    70   115   140   176   171    93   114   133   109    27   109    84   101   113   174    75    22    16   150   163   116    85   156   176   149   100    23    64   171    78   124    94    52    34    39   161   140    53   152    69   166   129    78   143    16   135   163    37   152    60    14   168     4   168    71   117 
 0.00  0.36 
 0.36  0.00 
