90 12
2
     28622
     29285
  4.9  65.7 375.7   2.2
  1.2  68.9 420.6   2.2
  2.5  24.0  71.8   2.3
  4.4  40.2 395.4   1.5
  2.9  31.3 647.7   2.0
  4.7  32.5 208.7   2.1
  4.4  57.6 361.0   1.9
  3.8  74.1 167.6   2.2
  4.5  63.0 441.5   1.8
  2.8  72.4 352.1   2.5
  2.3  42.4 829.7   1.7
  4.6  28.2  57.5   1.9
  1.3  23.9 737.6   1.8
  1.1  43.7 258.0   1.7
  1.2  25.5 168.0   2.2
  1.6  68.7 771.8   1.7
  2.9  38.7  89.4   2.0
  3.6  41.3 359.3   1.7
  3.0  21.2 229.1   2.0
  2.6  30.2 389.4   1.9
  3.2  74.9 313.6   1.9
  1.8  35.5 874.4   2.5
  1.8  65.9 724.8   2.0
  2.6  43.6 709.7   2.0
  4.7  15.8 464.2   2.4
  4.3  30.6 679.7   1.8
  4.7  36.0 468.0   2.1
  2.9  16.8 708.7   2.4
  2.1  27.4 621.0   2.3
  4.7  35.4 841.2   2.3
  2.0  30.7 449.2   1.9
  1.7  19.1 855.4   2.3
  3.9  32.3 863.4   1.6
  1.8  19.5 287.9   2.1
  3.3  29.1 931.7   1.7
  4.0  19.1 215.8   1.9
  2.2  24.5 454.4   1.7
  4.6  48.0 462.4   2.2
  4.1  62.7  99.2   1.8
  1.7  41.9 474.6   2.2
  1.8  57.9 261.8   2.0
  2.8  26.7 692.5   2.1
  4.8  40.5 267.7   2.0
  1.9  31.3 467.7   1.8
  2.9  67.2 192.5   2.1
  2.9  35.7 612.3   2.3
  3.6  69.6 425.1   1.9
  2.4  49.0 404.0   1.5
  5.0  41.6 809.4   1.7
  2.8  31.2 432.7   1.8
  2.8  51.9 750.0   2.1
  1.6  37.0 779.5   1.7
  4.5  21.2 656.3   2.0
  2.3  31.4 529.9   1.9
  2.0  49.6 512.4   1.8
  4.0  59.4 314.1   2.0
  4.9  56.6 325.0   2.0
  2.8  35.5 461.1   1.7
  4.9  72.5 297.2   1.6
  2.9  45.1 406.1   2.4
  2.5  24.8 171.2   2.2
  4.8  44.6  50.7   1.8
  4.4  19.7 682.5   2.1
  4.0  38.3 872.7   2.2
  1.4  38.9 687.6   1.8
  4.3  72.2 347.7   1.7
  1.9  16.0 513.1   2.2
  1.2  73.9 934.3   1.6
  4.1  63.7 869.6   2.2
  4.0  15.5 256.2   1.6
  5.0  61.9 577.9   1.9
  4.7  16.2 294.1   2.4
  1.3  36.5 888.5   2.4
  1.6  21.7 510.9   1.8
  3.3  71.7 310.3   1.7
  4.8  60.5 835.9   2.3
  4.6  42.4 292.9   2.2
  1.7  35.6 737.7   2.4
  2.4  72.1 515.8   1.6
  1.5  38.7 324.2   2.3
  3.9  30.1 874.4   2.1
  2.4  18.6 702.1   1.6
  2.1  41.2 863.4   2.4
  5.0  27.2 238.6   2.3
  2.3  44.2 730.6   1.6
  2.8  64.1 767.6   2.2
  1.4  49.8 705.4   1.6
  1.4  47.3 434.1   2.2
  4.0  34.7 321.1   2.3
  2.2  21.3 737.4   2.1
  1.9  38.6 776.9   1.8
  4.9  17.7 814.3   2.4
  1.1  70.6 262.9   2.2
  2.2  28.4 657.4   2.5
  3.7  58.9 604.2   2.5
  4.5  41.5 689.2   1.6
  1.0  32.0 700.0   2.3
  1.6  60.3 199.9   2.3
  2.0  21.9 721.7   1.7
  1.7  17.2 872.0   1.7
  1.5  17.6 597.1   2.2
  2.2  58.8 322.5   1.9
  1.5  31.1 785.3   1.9
  4.7  45.9 465.0   1.8
  2.2  22.3 742.2   1.9
  5.0  28.3 561.8   1.8
  1.2  71.5 352.5   2.4
  2.8  74.4 134.2   2.3
  4.1  18.1 355.4   1.9
  4.6  42.3 236.6   2.4
  1.5  43.2 636.8   1.8
  3.1  16.6 488.7   2.4
  4.2  51.7 695.6   1.7
  4.9  68.9 726.1   1.9
  1.6  18.2 950.0   1.9
  4.3  70.6 886.2   1.8
  4.7  48.6 189.7   2.0
  4.8  60.7 548.7   2.1
  2.4  49.7 342.7   2.4
  4.3  43.3 268.7   1.8
  1.1  58.8 844.8   2.5
  4.2  58.5 543.7   1.7
  3.6  30.2 190.5   1.8
  1.7  54.8 789.5   1.8
  3.7  21.0 114.0   1.7
  3.4  50.2 631.6   2.0
  4.5  64.6 833.7   1.6
  3.9  58.8 179.4   1.9
  3.1  66.4 167.0   1.7
  4.0  42.9 514.5   2.4
  4.2  66.6 166.2   1.9
  1.9  20.6 355.7   2.0
  2.5  30.0 889.3   1.8
  3.5  23.4 395.9   1.6
  1.1  71.5 694.0   2.2
  3.9  43.4 367.4   2.5
  4.6  30.5 674.3   2.1
  4.1  35.7 441.7   1.6
  3.4  44.4 289.3   2.1
  3.6  41.8 692.5   1.8
  3.8  28.4 714.9   2.2
  1.5  19.2 205.6   1.9
  2.7  54.2 306.3   1.9
  4.9  43.3 548.6   1.9
  3.1  39.6 141.1   2.5
  1.3  19.4 322.3   1.7
  2.7  29.5 935.1   2.3
  4.8  33.8 395.6   2.0
  1.4  47.3 440.0   2.2
  4.8  43.6 258.8   2.1
  4.3  18.8 577.7   1.5
  2.7  26.4 461.9   2.1
  4.5  20.0 303.6   1.7
  1.3  73.3 696.7   2.4
  4.4  29.8 327.2   1.8
  3.3  69.7 404.9   2.2
  2.5  74.8 770.3   2.4
  1.5  40.2 472.2   2.1
  2.8  58.7  85.4   1.7
  2.0  36.1 169.0   1.9
  3.5  41.8 225.3   1.5
  1.3  17.7 274.6   2.2
  4.0  69.6 285.6   1.9
  4.1  44.6 407.2   1.7
  4.4  18.0 242.6   2.3
  2.4  37.4 233.9   1.5
  3.9  55.6 925.8   2.3
  4.1  56.8 288.3   1.8
  2.1  35.4 377.6   1.8
  1.3  69.3 284.3   1.5
  3.7  65.0 321.2   2.4
  4.3  67.9 942.4   1.8
  3.0  42.5 252.4   2.4
  2.1  71.3 560.9   2.1
  4.6  58.2  99.3   2.1
  1.2  69.2 377.7   2.4
  4.6  48.6 422.8   1.8
  4.1  67.8 152.2   1.8
  1.4  58.7 353.3   1.8
  2.5  55.6 506.6   1.7
  0.2   0.3   0.4   0.4   0.2   0.3   0.2   0.3   0.3   0.4   0.4   0.4   0.4   0.2   0.4   0.4   0.3   0.4   0.3   0.3   0.2   0.3   0.4   0.2   0.3   0.4   0.3   0.3   0.3   0.3   0.3   0.3   0.2   0.2   0.4   0.3   0.2   0.3   0.3   0.3   0.3   0.3   0.3   0.3   0.2   0.3   0.3   0.2   0.2   0.3   0.3   0.4   0.3   0.2   0.2   0.3   0.3   0.3   0.2   0.2   0.4   0.3   0.3   0.3   0.4   0.3   0.3   0.3   0.3   0.3   0.4   0.4   0.3   0.3   0.2   0.4   0.2   0.2   0.3   0.4   0.2   0.4   0.4   0.2   0.3   0.4   0.3   0.2   0.3   0.2   0.4   0.3   0.3   0.3   0.4   0.3   0.2   0.4   0.2   0.3   0.2   0.2   0.3   0.3   0.4   0.2   0.4   0.4   0.4   0.3   0.2   0.4   0.3   0.2   0.4   0.3   0.2   0.4   0.3   0.3   0.3   0.4   0.4   0.3   0.2   0.3   0.4   0.3   0.3   0.4   0.3   0.3   0.2   0.2   0.3   0.3   0.3   0.2   0.3   0.4   0.2   0.3   0.4   0.4   0.3   0.3   0.3   0.3   0.2   0.2   0.4   0.4   0.4   0.3   0.3   0.3   0.2   0.4   0.4   0.4   0.2   0.3   0.2   0.3   0.2   0.2   0.2   0.3   0.3   0.4   0.4   0.3   0.3   0.3   0.4   0.3   0.3   0.2   0.2   0.3 
  163   156     8   142   115    99   141   100    49   122     5    55   138    88    24    13    34    54    52    77   142    22   151   163     4    79   126   137    33    48    48    16    81    20    72   169    97   133    10   166   146   129    74   149   140   127   150   180    28   167   112    84   146    57   135    17   121    42   160    81    32     5    62     8     9    13    59    17    54   112   124   171    64    16   138    53    29    18   126   104   137   166   169    38   146    22   176    80    57   176    63     1    95    81    78   171   167    90    17   129    43   170   169    29    87   109   162    43    73    80   131   156    86   103   152    69    34    79    19   149   132    51    79    22   179    47    79    42   179   108    54   106    93    85   126   180   126   121   171    75    70    87   141    20    67   138   133   128    62    30   153    74   140    86   115   178   123   176   159    59    80   172    52    24    85    11   126    68    97    16   130   162    34    76   119   159   131    16    12    68 
    9   109    76     5   157    61    47   104    74   157    48    98   137    88   179    87    17   178    42    40    46    48    20    54    96    92   119   147    21    99    33    98   131   145   106   145     8   154   152    18   163   176    53    38    79   105    42    28    44    61   135    81   153   113    72    62    62   180    53    66   153   110   147   162    88   149   149    39   169    55    96    96   162   107    60    40   131    99   111    54   120    81    50    44    39    98   132     5    28    61   179    92   120   140    65    64   160    23    95    76    26   135    90   167    94    35    75    30   149   160   152    25   133    33    88   120    17    19   178   116     3    85     7    75    26    81    54    38    90   163     8    49    33    17    32    40   119    68   142    49    67   125    60    85    51     2   109    66    67   134    12    53    38   179    16   167   130    16   118    88    56    78    69    11    89    62    13   161    24   162   178   108    85    77   117   154   119   123    81   125 
  168   125    43   111   179    82   136     8     9   143    75    80   119   160    17   177    27    54    68     2   156   100    75    29     5    12   111   176    16   130    66   108    11    51   116    60    79    38    80    88    64   122   146   154   154    76   124    15    27   120   180   139   128   169   126   135   112   169    25   168   123   104     8    99   132    69   108     9    63    48     4    13    26   135     8    89   136    84    24    28    77   138    86   134    19   132   168    10   177   129   120   114    99    33    25   153    39    63   107   145    58    59   103    72     5   135   147    85    55   158    77    98   123   160   104    17   157    98     1    69   156     4   145    16   154    19   143    61     6   155    48    29    22    14    34    87    17   123   133   155   113    60    49    64    70    63   110     5   154   104   152   171    77    78    43   113    39   144   174   141    11   118    60    28   167   165    18   121    15    18   114   168    34   105   146    19   169   113    55   155 
   60     1    14    36   108    49    22   162   163   134   159    45   124    33   135   142    59    47   172    53   105    26   157   117   138    90    46   103   165   152    60   164   149   147   132    70    29   177    97    49   176    69    22   126    72   110    86    68    54    47    98   156     4    77    56   177    44     9    89    28    34    79   102    18    86    46   129   160   174    88   104    44    98    28   111   164   165    30    40   136   153   136   123   151    99    54    77    49    11    31    10    65    91    90    88   127     7   137   159    24    67   143    42   108    35   164    91     7   143   102   142   162   176   130     7    43   166    35     4   121    25   100    28   173   164    79   115    77    45    13   170   105     4   109    66    74   134    88    83   178     4   166   142    75   174     3   156   137   111    25     1    80   151    84    41   175    23    73     1    23    19   152   131   104    74   165    49   133     5    91   146    51   100   165   102    14    35   127    66     7 
   29    27   161    80    60    47   124    43    65    93   137    19   114    30     8   165   159    25   179     6   154     7    59    32   118    27   166    98    50   168    25    26   127    73     4   104    34   139   109    69   169   161   149     8    30    76    75   145   114   120   180    54    95   111    17    82   117    52    97   143    69    16    94    10    22    92    28   133   121    23    34   173   140    73    54    16   177   132   170   119   155    58   174   111    26   169   133   172    73    75    48   131   174    87   164   128   101   118   167   120     4    65    84    22    25    43   133    36    19    27    17   157    68   119   177   176   164    89   164    60    86   141    57    31   175   129   116    86   148   134    50    82   114   107    47    18    56   109    28    72     5   179   105    43    65   152    79    36    77   140   121   128   172   106    74    41    98    33     9   167   167     8   114   154   107   164   174   176    80     1    33   110   127   119    55    22   126    96    22    95 
   65    24    52   123   174   121   140    55   118   113   146   117   135   126     9    54   172   175   176    10    30    47   166   163   125   133    28    93    51    80   117   139    92    92   137    63    95    91   170    61    89    29   149    64    11   140   164    14    74   177    28    63   160    95    56    51   135   107   137   122    97   146    81   180    48    43    15    19    78    12    31    19    28   124   123    74   109   163    14    40   148    28    63    23    42   153   115    84   176   103   140    43    22   120     6   168    81    41    67   161   149    94   150    50    92    37    64   129   116    74   162    73    33    61    50   175    31    25   156   119    18    96    26    81    19   119     8    76   105   105    51    39    24    71    85    40    63    89   172    71    98   114   179   139   118    59   145    32    73    25   130    49   152    75    87    62    87    88     8    98    83   123   101   166   168    34   156    82    96   137    43     7   117    50    63    75    13   110   169    36 
   92    51    94    97    44   111   178    36   124    40    86   166    27    20   163    26    99   111    23   155    22   138    54   119   124    85   108    90   175   139    14    34    10    64    39   111    55   148    30    89   136     6    10    34    79    31   144   147    22    74   134   165   175     5     1    35    96    40    10    98    64    87   179     3   109    69    31   165   113    83    31   134   114    58    28    31    94    18   162   136     6   100    32   176    62    80    68   141    13   176    96    39    37    33    73    42   117    67   175    10    67   157   128   119   146    83   107   104   131   163   123   100    14    69   110   179   150    26   176   128   152   143    58    81   175    75    46   120   148     1    55    16    69   104    41   157    22   122    68   113    27    71    57   155   157   106   105    74    16    42    48    22    55   167    51    23   109    25   150    84    62    47    80    80   179   141   125   164    59    55    31   149   174    92   130    50    18    26    86   128 
   40    82    17   141    98    90    90   142    16   119    21    40   138   114    66   128    13   120   116   154    55    59   152    93    66   138    35   162   101    92    90   149    26   119    45   130   117    24    15   126   105    77   178   127   151    44    96    75   150    74    75    32    87    14   119    90    38   128   160    93   117    34   151    66    91   178   169    75    49   117   175    10    24    32   106   128    52     6   158    54    72    69   165    27   129   141    64   111   147    25    31    78    63   144    15   141    75   156    61    88   119   165    23    94   120    67    39   114   177    69    30   139   176   104    53   147   154    55    62    53    26    61   177    37    43    36    61   116   147    21    49    38    84   120   151    41    45     8   156    84   131   146   169   147    24    59   173   109    38    42     9   140   179    24   154    40    57    19    66    93   155   134   104    16     4   122   168    49    79   179    30    78   126    93    36    50    13   102   179    48 
   74    67   139    13   112    17    17    14    84    58   136    20    68    25    80   169    18    83    20    63   176   135   120    28   109    41   151   170   156     9    61    89    83   132   106   105    14     7    67    18   140   136     3    94   102   138   164    12   173    61   107   137   163   100    11    30    39    24    74    67    67    14     2    60   155    10    86    98   122    87   102    71   104    72   107    99    11   106    50     3   123   157    60    19   137    21   130    50    70    45   123    90   108    34    24    54    73    52    41   124    40    83     5   131   138    36    75    37    87    34   156   159   123   140   165   156    56    49    64   128    15    35    31   122    91   136   135   148   126    18    87   173    48   155   123    40     9    91    37    47    20   166   163   171   154   135    11    26    45     1    62    78    57   116    99   118    86   160    53    48    50    80    25    83    37   151    23   108   147    67    98    20    41    96   177    91    29   117    25   103 
  177    64    93   144    41   153   138   163    36    15   119    52    10   165    92   113    48   168   129    74    16   132   176   124   172   168   163    71    59    54    62    36   159     4    76    23    71   135   144   143    34    99   163   125   100   159    47   155   163    64   146    38   164    85   145   178   130   136    56   118    36   129   125    62     1    75    34    18    76   111   174     8   115     9   169    56   117   164    14    24   126   132   178   170    46   134   113    83   119    14   154   155   123    84   174   165    60    86   100   134   169     6    79   149    42    70   102    14   123    92    22   175    40     7    69    37    99    90    59   126    58    98    46   148     4    59   173   155    65   176   175    93    78    33   139    70   176   155   134    88    76   134   176   145    31     6   121    36   163    46   145   123    95    26   158   178    63   141    56   172   132   158   168    64    46    17    72    76   173   151     7   128   146   176   174    30    53    23   160    73 
   98   123    67    21     5   101    48    78   146   165    38    42   165   102    55    25    86    55    65   160   178    19    74   178    14   146   117    88    91     6    44    51    43   120   105   153   163   138   111   158    95    28    59    45   139    57   144    33   109   126    58    91   172    93    31    90   180    11   164    83    31   127    52    55   157    36   130    15    21    63    72   166   136   157     8    72   101   171   133     1   109   114   120   100   109    54    30   168    68     6    90   174   144   150   165    16    57    33    80    80   143    35   167   103    90    32    32    31    80    18    55    70    98    88   119   138   101     6    22    86    53    49   147    26   178    86    82   149   147    84   162   176   169    26    10   118    86   167   108    42    20   126    83   102    19    81   117   107    38   146   146    15    32    78   131   148    65    69   131    11   148   168   172   176    60   171   156    30    88     8    34    35    17    32   102    72    61    42   110     9 
  176    93   153   126    34   173    77    46    81    13   145   102    24   126   160   175   123   127   136    19    21    81    99   133    92    21   145    38     4   169    34    24    69     4    12   162    23   148   104    70   140     9   134   141   156   119    18    81    47   146   120   114    29    86    89    64   131   122   156    57    21    44    15    22   179   165    14   102    45   150   109    20   144    94   142   175   125    16   166     4    10    30   140   139    15   151    68    36   133    61   153   107    62    67    12   170    71   129   157     8   129    10    46    53     5   100    47   150   178   116   161    27   155   166   105    12   168    44    63    53   119    51   170    43    59    78   131    68     9   176   146    22   131    20   170    78    59   148    60    59   156    86    24     4     8   141   166     3    48   139   178   176   115    87    32    44   135   156    65   139   161    61   168   109   126    62    26   165   173   149   150    11    59    83    76   153    71    55    32    31 
 0.00  0.21 
 0.21  0.00 
