90 12
4
     28034
     27300
     29374
     28941
  4.0  51.2 462.8   1.7
  3.8  68.4 587.6   2.1
  2.1  55.7 615.0   2.3
  2.3  40.4 803.9   2.4
  3.6  16.4 715.6   2.0
  2.0  43.9 773.7   2.2
  1.3  36.3 943.7   1.9
  3.4  68.1 264.5   2.0
  4.6  22.1 891.1   2.4
  1.8  74.5 350.1   2.3
  2.6  56.7 257.2   2.4
  3.5  18.6 322.0   2.3
  1.8  69.6 854.7   2.4
  3.5  28.6 229.8   1.7
  1.5  16.8  68.8   2.1
  2.8  74.4 487.0   1.9
  1.4  70.0 281.5   1.9
  2.8  69.6 734.3   2.1
  1.1  18.5 662.6   1.6
  2.4  49.2 312.5   1.7
  2.9  18.6 305.2   2.3
  4.7  15.7 134.9   2.1
  3.7  25.1 502.4   1.9
  2.6  31.0 376.1   1.6
  2.6  44.0  71.9   1.6
  3.6  45.1 159.8   2.4
  1.6  16.8 134.3   2.4
  4.4  53.0 583.1   2.1
  3.6  30.0 864.4   1.7
  2.5  21.4 205.1   1.8
  3.7  71.6 854.3   2.1
  1.9  31.5 450.3   1.9
  3.2  42.3 487.8   2.2
  2.8  42.9 651.2   1.8
  2.8  17.5 362.3   1.5
  3.2  39.8 296.7   2.5
  3.6  60.8 363.3   2.3
  4.4  73.0 661.1   1.6
  4.1  32.9 893.3   2.3
  3.8  65.3 192.9   1.7
  4.5  23.3 785.6   2.3
  1.9  73.4 368.1   2.2
  1.9  65.7 198.8   2.3
  2.5  48.1 632.6   1.9
  4.4  56.0 181.1   2.0
  2.8  22.4 515.4   1.5
  4.3  69.2 873.0   1.8
  4.5  22.7 674.6   1.8
  4.1  60.6 478.9   2.3
  1.2  56.3 938.2   2.5
  2.6  67.8 538.8   2.1
  2.6  52.7 848.8   1.7
  2.9  31.0 477.7   2.0
  2.4  25.1 430.5   1.7
  1.1  24.9 759.0   2.3
  1.8  49.5 587.1   1.5
  1.4  23.0  72.0   1.6
  1.3  31.0 565.9   1.5
  3.6  26.4 100.4   2.1
  2.9  17.8 318.5   1.9
  2.8  25.9 218.3   2.1
  3.7  70.0 300.1   2.1
  4.6  41.4  79.8   1.9
  1.4  16.7 679.2   2.0
  4.7  34.4 774.3   2.4
  1.7  44.3 281.6   1.7
  1.2  55.9  82.2   2.4
  1.7  26.3 214.7   2.1
  3.8  60.5 123.7   2.4
  4.4  39.1 177.4   1.5
  2.4  67.3 838.2   1.5
  1.3  44.3 678.9   1.8
  3.2  47.1 312.1   2.4
  1.7  37.7 585.3   2.2
  4.2  63.1  53.0   1.7
  3.8  20.2 210.5   2.1
  1.7  57.8 141.1   1.6
  4.3  70.7 114.3   2.1
  1.8  23.6 143.6   2.0
  3.9  46.2 792.5   2.3
  4.3  49.6 756.0   2.2
  2.4  60.1 266.7   1.7
  3.4  66.3 104.2   1.5
  2.3  50.7 712.2   1.7
  2.2  33.3 598.8   2.2
  4.8  37.4 684.7   2.5
  2.1  41.9  88.8   2.3
  4.3  42.7 719.3   2.3
  3.3  69.4 216.9   1.8
  3.7  70.0  80.4   1.6
  1.8  71.3 740.2   2.0
  1.7  18.3 846.2   2.3
  4.6  29.6 714.9   2.1
  2.9  51.9 521.7   1.6
  2.0  42.4 934.4   2.1
  2.0  39.7 433.6   2.2
  4.1  71.2 806.4   1.5
  1.5  43.6 332.2   2.2
  3.7  15.4 185.6   2.0
  2.4  73.4 694.4   1.8
  1.4  19.9 650.5   2.0
  3.0  54.5 412.7   2.0
  4.4  38.9 331.8   2.2
  3.6  30.0 497.7   2.4
  4.6  70.0 575.9   2.4
  1.4  31.5 691.3   2.3
  3.7  60.3 659.0   2.5
  3.9  60.2 889.4   1.5
  3.8  64.9  63.8   2.0
  2.9  37.6 726.8   2.4
  4.3  23.3 260.5   2.0
  2.0  53.4  82.3   2.2
  2.3  55.9 190.3   1.9
  3.6  43.3 200.5   1.8
  4.5  25.9 428.1   2.1
  2.2  28.4 211.2   1.6
  2.2  40.8 406.3   1.8
  4.2  51.8 405.3   1.8
  2.5  57.6 672.1   2.3
  1.5  73.1 440.8   2.3
  1.0  54.9 384.9   1.7
  2.6  71.6 222.1   1.8
  4.3  41.4 791.0   1.9
  3.1  28.0 559.5   1.9
  4.3  21.1 684.5   2.0
  4.6  53.9 578.4   1.7
  1.0  16.5 174.9   2.3
  1.8  53.3 203.4   2.1
  3.8  51.8 424.9   2.4
  1.5  39.0 390.9   1.8
  3.4  70.4 907.4   2.1
  4.0  52.4 709.9   1.5
  3.4  54.0  98.7   1.6
  3.8  58.8 934.4   1.8
  4.7  25.5 321.8   2.4
  1.1  39.6 271.6   2.2
  3.1  43.6 510.3   2.3
  4.2  41.5 148.8   2.1
  1.3  27.0 583.8   1.6
  3.9  18.8 455.1   2.0
  2.6  74.7 177.7   2.5
  3.6  53.8 603.5   1.5
  1.4  57.4 699.9   2.2
  4.9  19.5 253.1   2.3
  2.4  25.5 343.5   1.7
  3.2  62.0 724.6   1.7
  2.0  27.5 500.5   2.0
  1.6  69.8 481.5   2.3
  1.3  30.7 470.6   2.2
  1.6  27.0 189.8   2.0
  4.8  62.0 356.7   2.4
  2.3  49.2 551.2   2.1
  4.0  67.9 816.8   2.2
  2.7  57.0 349.4   1.6
  1.4  72.2 674.1   2.0
  4.1  45.1 298.5   2.0
  3.0  67.8 658.2   2.2
  2.6  68.8 512.8   1.5
  4.2  58.0 904.9   1.6
  2.0  28.9 145.1   2.3
  1.9  21.1 353.4   2.3
  2.8  48.2 503.7   2.0
  3.2  73.8 863.0   2.1
  2.8  16.7 456.0   1.8
  1.2  15.2 777.3   1.8
  2.5  40.1  67.3   1.9
  2.2  32.8 920.6   1.6
  1.8  55.9 758.8   2.1
  1.0  16.5 518.3   2.1
  3.3  51.3 529.8   1.8
  3.0  53.9 673.4   1.9
  3.5  27.2 186.8   1.8
  3.1  28.1 377.9   2.1
  4.8  43.5 862.4   1.5
  3.4  52.7 659.1   2.2
  2.0  73.3 738.0   2.0
  3.7  47.3 356.4   2.4
  2.2  38.5 688.0   1.6
  1.8  40.9 182.9   1.9
  2.4  39.8 345.1   2.5
  4.2  56.8 509.2   2.4
  3.5  16.4 536.1   2.5
  2.6  23.2 530.1   1.8
  2.8  19.4 253.5   2.0
  2.2  43.0  66.0   2.4
  1.1  40.9 126.3   2.2
  1.8  44.6 212.3   1.6
  3.5  63.0 420.3   2.4
  2.3  73.2 589.3   2.0
  2.9  20.4 663.4   2.4
  3.6  19.9 880.7   1.9
  1.2  39.7 176.3   2.3
  2.7  50.0 859.1   1.7
  1.5  37.8 527.8   1.9
  3.2  68.5 916.8   2.1
  2.8  66.1 407.3   2.0
  3.7  73.2 481.7   1.8
  1.5  38.6 475.9   1.9
  3.6  33.5 933.1   2.1
  4.8  28.9 813.7   1.9
  1.1  44.6 177.7   1.8
  3.2  30.6 915.2   2.4
  4.2  65.8 445.9   2.1
  1.2  65.1 556.0   2.2
  1.3  57.4 582.1   1.6
  2.2  59.6 480.9   1.8
  5.0  22.1 391.0   2.4
  3.5  52.0 181.0   2.5
  2.4  48.0 763.3   2.4
  3.1  45.0 334.1   2.3
  3.1  70.8 355.1   2.2
  2.8  27.1 129.5   2.2
  4.7  15.2 200.3   1.5
  4.0  23.1 390.3   2.0
  3.3  46.3 739.5   1.9
  4.5  45.8 280.2   1.9
  2.4  49.6 446.9   2.2
  2.1  49.0 405.2   1.8
  1.8  74.8 758.2   2.1
  2.3  34.0 349.3   2.1
  4.3  22.0 142.3   2.1
  3.9  27.8 161.3   2.2
  1.7  72.7 555.0   2.3
  3.4  42.2 658.1   2.4
  3.1  20.4 401.3   1.9
  2.5  18.2 141.9   2.4
  3.2  39.3  54.3   2.1
  3.2  45.1 544.1   1.8
  2.5  55.5 458.9   2.1
  2.4  36.7 152.9   2.4
  4.6  66.8 821.3   2.1
  2.3  25.1 475.0   2.1
  3.4  21.1 894.6   1.6
  1.8  31.7 373.3   1.6
  4.1  46.3 755.6   2.2
  4.5  42.3 521.9   2.1
  4.3  73.3 498.9   2.1
  3.6  68.3 728.5   2.3
  4.5  16.0 262.6   1.5
  2.4  31.0 116.0   2.3
  4.2  37.4 791.9   1.6
  4.1  73.2 165.3   1.7
  2.2  37.5 939.5   1.5
  4.8  56.6 126.7   2.5
  4.5  73.2  60.3   1.7
  4.1  67.6  61.8   2.0
  3.6  73.9 287.9   1.7
  1.0  18.4 428.5   1.8
  3.0  38.1 204.6   1.8
  2.6  30.2 172.4   2.2
  3.6  68.3 680.4   2.0
  2.7  52.2 657.6   1.8
  3.9  63.8 581.8   2.0
  3.5  64.2 616.2   2.0
  4.3  43.4 446.5   1.7
  2.4  48.0 511.2   1.6
  1.5  21.5 906.2   1.9
  4.1  57.3 109.9   2.5
  4.7  61.8 632.1   1.7
  1.6  15.4 691.3   1.9
  1.3  16.6 724.0   1.6
  2.1  57.2 405.2   1.7
  3.0  44.2 896.3   1.6
  4.8  26.6 717.0   2.1
  4.7  27.1 484.2   1.8
  3.9  61.5 675.8   1.6
  3.9  32.7 878.9   1.8
  2.7  44.1 721.9   1.7
  2.1  42.7 920.1   1.6
  4.8  66.9 921.7   2.1
  4.5  73.7 119.7   1.7
  4.4  73.3 412.1   1.9
  4.2  70.1 651.8   2.2
  4.2  21.4 558.9   1.8
  4.2  17.2 263.1   1.9
  4.6  22.4 648.5   2.0
  2.2  61.4 842.4   1.8
  2.7  27.1 621.5   2.0
  2.4  28.8 110.8   1.8
  4.4  18.4 526.6   1.6
  1.8  65.1 351.6   2.0
  4.4  39.5 103.9   1.7
  1.5  41.7 578.0   2.2
  2.3  42.9 313.8   1.6
  3.7  17.0 267.1   1.6
  1.2  27.6 110.4   2.0
  3.4  69.4 689.7   2.4
  3.7  42.3 909.3   1.6
  4.8  32.4  82.3   2.5
  2.6  59.9 226.4   2.0
  1.3  39.2 187.0   1.6
  3.4  40.0 177.5   2.3
  2.5  61.6 247.0   2.1
  3.0  51.1 328.8   1.9
  3.1  63.5 833.3   2.0
  1.3  46.6 818.3   2.0
  1.8  54.5 605.8   2.5
  2.7  23.8 687.5   2.2
  5.0  51.5 154.8   2.1
  3.9  20.9 879.6   2.0
  3.7  36.7 286.4   1.9
  4.9  68.1 458.8   1.9
  3.9  72.3 763.7   1.5
  1.6  38.2 752.2   1.8
  3.2  72.5 144.2   2.1
  5.0  53.5 457.2   2.4
  3.5  38.4 684.1   2.0
  4.5  67.6 711.4   2.0
  3.0  40.2 730.0   2.4
  1.6  25.0 413.7   1.8
  1.7  63.5 866.7   1.6
  3.6  62.1 568.9   1.5
  3.2  56.7 881.3   2.4
  1.1  32.5 528.3   1.8
  3.4  71.7 949.8   2.5
  2.2  73.6 337.1   1.6
  4.3  51.9 204.3   2.4
  3.4  35.7 723.7   1.9
  2.6  24.2 341.9   1.6
  1.2  47.5 470.9   2.4
  1.5  62.4 313.1   1.8
  4.7  57.8 876.5   2.0
  3.2  19.1 478.9   2.4
  4.1  62.3 933.4   1.7
  3.6  58.1 559.8   1.8
  3.9  33.2 714.9   1.6
  1.0  73.8 846.5   1.6
  2.5  54.7 784.9   1.8
  2.5  18.9 377.2   1.9
  3.3  73.3  80.3   1.8
  1.1  65.9 572.5   2.4
  4.9  26.3 731.1   1.8
  3.5  54.4 190.9   2.2
  3.4  69.1 563.5   1.6
  1.9  25.9 107.2   1.5
  4.0  68.6 935.3   2.1
  3.2  53.7 307.3   1.6
  4.6  38.7 586.1   2.1
  2.5  52.7 768.5   1.9
  1.7  62.7 190.0   2.2
  1.0  19.0 399.6   2.5
  4.9  68.0 210.9   2.3
  1.6  36.0 538.4   1.7
  1.2  26.4  87.2   1.9
  1.1  57.5 339.9   1.8
  2.3  39.5 204.5   1.7
  2.7  67.9 607.4   1.6
  2.7  65.2 699.1   2.4
  3.1  34.3 332.8   2.2
  4.4  19.5 117.2   1.9
  4.5  35.7 185.7   1.9
  2.3  45.9 897.8   1.8
  1.6  63.0 406.1   2.3
  3.3  64.2 242.1   1.7
  1.5  57.9 909.4   2.0
  1.2  31.0 533.9   1.7
  4.8  36.3  76.1   1.5
  5.0  36.0 770.7   1.7
  1.1  32.0 101.8   2.4
  1.9  64.6 622.7   2.4
  0.2   0.4   0.3   0.2   0.2   0.3   0.3   0.3   0.3   0.4   0.3   0.3   0.4   0.4   0.2   0.4   0.4   0.3   0.3   0.4   0.3   0.3   0.3   0.4   0.3   0.3   0.3   0.3   0.3   0.4   0.3   0.3   0.3   0.3   0.4   0.4   0.3   0.4   0.2   0.4   0.3   0.3   0.2   0.3   0.3   0.3   0.4   0.2   0.4   0.3   0.2   0.3   0.3   0.4   0.2   0.4   0.2   0.4   0.4   0.2   0.4   0.4   0.2   0.4   0.2   0.3   0.4   0.2   0.3   0.4   0.3   0.4   0.3   0.4   0.4   0.3   0.3   0.3   0.4   0.3   0.3   0.2   0.4   0.3   0.2   0.4   0.2   0.3   0.4   0.4   0.3   0.3   0.3   0.3   0.3   0.3   0.2   0.3   0.3   0.3   0.2   0.2   0.2   0.2   0.3   0.4   0.3   0.3   0.4   0.3   0.3   0.3   0.3   0.4   0.4   0.4   0.2   0.4   0.4   0.3   0.3   0.3   0.3   0.4   0.3   0.3   0.2   0.3   0.2   0.2   0.2   0.3   0.4   0.3   0.3   0.3   0.4   0.3   0.3   0.3   0.4   0.3   0.3   0.2   0.4   0.3   0.3   0.2   0.4   0.2   0.3   0.2   0.3   0.3   0.4   0.4   0.3   0.3   0.3   0.4   0.2   0.4   0.2   0.4   0.3   0.3   0.2   0.3   0.3   0.3   0.3   0.3   0.4   0.2   0.3   0.4   0.3   0.3   0.3   0.3   0.4   0.3   0.3   0.3   0.3   0.4   0.3   0.3   0.2   0.4   0.3   0.3   0.3   0.2   0.3   0.3   0.4   0.3   0.4   0.3   0.3   0.3   0.3   0.3   0.3   0.4   0.2   0.2   0.3   0.4   0.2   0.3   0.2   0.3   0.3   0.2   0.4   0.2   0.3   0.2   0.4   0.4   0.2   0.2   0.2   0.2   0.3   0.3   0.2   0.4   0.2   0.3   0.4   0.2   0.3   0.3   0.2   0.3   0.3   0.3   0.4   0.4   0.4   0.3   0.3   0.3   0.3   0.3   0.3   0.3   0.3   0.3   0.2   0.2   0.4   0.3   0.4   0.2   0.3   0.3   0.3   0.2   0.4   0.3   0.2   0.4   0.3   0.3   0.2   0.4   0.3   0.3   0.3   0.3   0.2   0.3   0.3   0.3   0.3   0.4   0.4   0.4   0.4   0.4   0.3   0.2   0.4   0.4   0.3   0.3   0.4   0.2   0.4   0.2   0.4   0.4   0.4   0.2   0.3   0.3   0.4   0.3   0.2   0.3   0.3   0.3   0.2   0.3   0.3   0.3   0.3   0.3   0.3   0.2   0.3   0.3   0.4   0.4   0.3   0.3   0.3   0.3   0.2   0.3   0.3   0.3   0.2   0.2   0.4   0.2   0.4   0.4   0.4   0.2   0.3   0.3   0.3   0.4   0.3   0.3   0.2   0.2   0.2   0.4   0.3   0.2   0.2   0.2   0.4   0.4   0.3   0.3   0.3   0.3   0.2   0.4   0.3   0.3   0.2   0.4 
   29    43    91   104    66   132    99   105   146   160   146    76    20   138    46    51     8    81    40   133    33   137   151   135    29    69   138    44   103    51    49   164    20    61   157   161    99    99    62   102    11   169   151    53    87    68   103    66   125    29   165   119   176   170   111     1   176   136   110    25   142    74    13    75    32     9    48    62    75    73     9    74   154    18    41   142    83    44   175    14    25    34    15    59     9   118    67   103    53   147    36    43    21   149   151    57     6    15   147    13    12   122    90   152     2   123   114    87    71   171    15   160    62    14   151    94   122    81    95   170    72    16   147    11   136   134    57    55   103    63    89    32   114    46     2   136    94   173    60    52    26    19    90   154   135    33    41    39    23   152   155    62    38   152   161     1    61   111    94    66   112    59   162   120   153   128    50    43    43   168    41   127    39   125   137    85    56    54   122    12   129   173    64   126   104   112    12    49    77    54    23    86    35   178    89   154    19    44   133    20     1    33   172   162   119   152    21   154   149    83   131   129   165    51   154   116   165    40     2   162   113    70    65   176    18    77   175   123   131   125     5   122     4    19    79   144    27    85   180    22   167    43   121    49    80   135    20    39    90   176    49    34    57    22    30    51   131   126    36   133    55   123    69    92    94    60   141    43   134   106   136   100   179    81    97    58   105    94    17   110     7    84   119    63    41    81    87   124   158    20    42   116    25    70   129    91   173   143   148    78    59    17    26   174   112    76    30    78    11   143    53   116   141    74     9   165    32   148    54   111    29    10   168   152    27   162    62    85    92    80    70   142   100   141    51    92    91   140   143    74   108    10   149   106    71   175   177   146    90    31    18    70    56   153    84    44    68   159   119    45 
  138   126    73    21    27    55    40   113    30   141    31    18    63    54   152   136   163    49    75   141    21   171   148    76   116    11   102    52   122   118   113    61    28    47   174    19    88    89   162   175   154     6   111    96    61    96   150   158   139    96    64    64    40   160   162    15    90    10   146   132    15   174    71    86   104   116   134    76    41    96   172   122    74   175   162   102   136    33   169    83   171    81    95   154   125    90    47   103    40    44    39   155    83   122    10    98     2   166   122   157     5   116    37    30   112    43    48   121   162   115   115    32    58    15   139   116   101    71    15    28    46    83   143   178   117   170    28   170   129   141   117    72    52    46    60    46   169   148   115   134   177     7   100    77    54   177    29     1    63    19    60    21     2    37   118    74    24   153    93    50    12    25    66    68    41   156   131   178     4   166   132    68   166     3    20   109   118   169    53    37     7    44    43   122    49   158    90    23     7   152    43    86    36    30    60     7    62   167   114    23   180    70    93    38    29   148   115   125   132    84   139   176    73    55    19    28    88    58   158     7   155   111    58    87    15   130   173    19   118   114    33   118    10     1    36   137    43    30    84     8   124   135   106    20    42    75    35   180    58     2   124    76    32    93    75    49   166   116   112    65    79    50   106     7    51   125   178    78   152   175   151   104    36   168    46    26   179    95   113    45   143   157    70   168   146   160    67   122    72   141   127   105    44   132    94    83    57   136    34    96    70    13    57   154     4    53     3   155    99    38    70    68    69   176   113    54    86   148     9    44    24    45   109    64    29     4   102    24    70   114   143    12    73    97    61    76   126    99   165   169   167   177    18   103    91   141   128    34   112   160    24   173    40   159    18   101    34    54   116    63 
  138   127    93    84    92   167   155    19    83   138   100    15    68    26    27   148    42    73    98   137    38    87    60   118   155    21    62   179    14    68    49   144     2    20   171    65   144    70    39   140   129    23   133    46   168    61   115   166    69   164     5    28   132    59   176   120    18   114    52    31    42    70    46   123   165    39   173   109    19   178    45    99   135    61    16    82   141   102   164    76    83    75    33   138    37   171   114    59    91   126   155   124    81    32     4    69   176   159   121    90    43     1    90    20   125    99   125   180   176    31   104    59    92    39   164    73    11   178     1    90    20    71   114    51    93   163    66   139    32   126   169    57   127    20    28   151    20   168   169    19    71   139    12   172    24    80    48    83   102    83   154     2     3   168   159    48    82     5   118   147    76   172    34   100    10   169   127    94   161   107     1   142    61    42    52    87    66   156   170   144    57   157    62   167   148    29   114   154    39    26   118    31   174    64   150   167    95     8    41   111    27   104   129   166    40    93   180   152    13    38   118   170    82    35    86   154   168    96    60   154    59   114    18   128   119    77   120   111    90   107    85   142   113   167    90    17   142    51   113    31    26    98   114   156    10   153   120    94    36    93   142    31   136    66    13     1   145   103   138   143   112   163    29    47    28   103   127   151    10    23    14    71   160   162   104   160   169   154    78   122    19   109    11    48    75   151    55    25   180   117    14    62    27    82   180    65    74    67    69     1   115    57    97   114   161    35   139   140    97   108   108    47    39    93    38    78    28    31   154    11   105   179   144   106    63    84    44   122    12    14    27    91     6    84    29    75     9    54   124   111   179    56    71    33    91    93   159     2    22   110    49   135   176   112    15    87   138   112    93    67 
  121    13   152   126    79    13    19     9   180   151   139    67    97   156   140    26   134    72   146    28    98   163    67    25    78   149    70    41    84    17   171    31    62    16   159    62    44    48    59    72   161   102   162   108    25   177    22    94    13    49     1   174    92    72    40   153    15   149   172    65    66    16    15   171    68    24    16   154    98   136   135   139   159    69    34    27   170   139    47    73    60    35   162   147     4   107   104   109   170   126    42    30   108    39    84   136    25    86   116   130   159    10   175    97   177    22   125    81    19    14   145    13     4    71    91    68    25    74   113   147    53   137   106    63    95    21   134     5    47    39   157   100    51   164   174    35    58   167    29   122   104    34   114    24   133   107   138    49    28     6    57   101    13   142   129    26   180    31   170     3   140    27    86   122    81   164    61   134   145   105   116    44   107    66    53   166     7    99   153    31    87    78   147    31   115    79     5   107   101   127     9   133   108    83    39     3     8    23     7    77   165     9   105    51   135    44   146   106    71    47   100     2   137    63    60   173   157    71   155   167    70     7    12   125   129   148    11    60   120   108    14   155    62   117    93   132   178   123    94    62    37     1    88    75   100   146    36    80   167    41   147   178   141   164    29    58   168    64    29     8    37    12   143    60    33    83   123   131   143    90   135    99    70   129    77    46   108   141     1   168   118    26   164   113   146   140   171    31    65    84    10   104    93    15   179   171   142    40    65    32    76   102   106    59   154    26   142   173   179    41    64    75   115    79    88    61    79    55   162    67    76   158    97   155    84   134   149    83   104    98     1   125   172    52    25    37    12   140     3   159   170   155    40   123    93   145     4    80    53     6   111   116    23   133    99    79    20   120     9    32 
  172   179   122   102   103   156   169     8    21    87   178    61    19    97    65   114   147    14    86    47    84    47   114   148   115   151   128     3   103   132     1    50    36   116    53   146    11    39   160    56    67     3   123   158   139    58   106     8    66   116   155   167   109    41    20    14     2    71   101   165    39   116   171   145   128    31    55    64    49   144    97   127    60   139   179   130    95   112     3    35   106   114    31   136   115    23    86    35   104   177     3    48    96   134    18   115    76    90   165     8   137   148    93   166    13   117    68   128   116    60   162    96    83   107   102   133     7   116    26    22   115    99    57   114    73    47    98    39   148    11   136   142    18    25    18    84    96    79    60   167    57    93   163   152   178   176    37    69   124   114   102   117    58   128   157    14   153    65    18    57    38    31    91    20   166    24   149     1    16   148     7    53    44   121    80    67    64   130   161    35    58   163    72   105    89   125    15   172    12    64   172    76   171    20    29   150   118    78   104   180   123    37   109     8   122    62    21   164    74    18   125   137   150    20   125   123    83    53    84   108   119   149    19    49   127     6    37    89   144    62    99    61     2    25   140    28     9   108    86   166   134    13   157   109    57    10    82    65   110    46   108    97   160    15    33   103   171   103   153   130    15    35    15    55   137    17   157   142   119   134   120   174    45   135   105    38   106    82    62   130    42    29    16    86    78   135   114    94   118    18   170   166    27   128   173    57    46   121    93     1    34   117   160   169   114   168   157   157    57    89     7    16    42    16    53   114    87   138    39   131   173    66    79    22   163    35    36    38   115   166   158    51    47   110   130    50   102    62    32   180    49    42     1   178   129   125   110    22   111   117    86   126   173     3    61    29   164    20   173    34 
  106   178   112     4   155    89   139    24   119    61    28    90   125   166   134   114    11   159    66   128   164    61    15   165    72    11    87   164   155    29    51    64    25   127    54   170   147    39   150   167    28    16    68   112    46    86   160    84    56   158    98   159   179    63   132    94    88    80    84   144    92    53   158    57   131   114     6    29    82     8    46    67    46   104   138   109    20    94   145   179    24   136   168   100   131   145    22   157   176    78   113    70   142    18    96   132   148   129    20    75   169    39    41   115   127   145    38   133     5   170    47   110    27    52    80   169    20    98    55   174     6    85   104   119    41    41   110   107    99    66    69    74    72     6    98   118   159   142   141    55   119   175    60    37   133   127   145    39    29   135    85    56    26    89   176    30    50    58    75    18   119    47   132   155   177   113    13    68   128   132    97    33   154    65    65   144    22    91    23   147     3    57   133    20   134   139    62     3    27   143    31     3    55    18    59   138   165   145    17   171   133    87   154    65   118    23    72   159   102   163    30     3    33   170    38   152    66   174    63    37    62   126   103    68    20   150    14    90    87    85    85   119   133    70    40   174    94    34   141   151    48   171    98   115    79    28     8    31   105    31   143   175    98   125   178   128   148   120    29    97   141   174    88   162    36    46    26   105    73    59    60    21    91    54   131   176   177    85    81   114    81    57    93    94    41   144   155   161    25    97    55    12    29   102    46   133   173    25     6   139    74    59   139    84   160   138   125    70   141    72    37   171    28   156    41   109   159   130    12   113    30    86   104    65   142    10   157   162     7    13   101   166   124   113    40   109    85    15    33   106    88   101    22     4     1    96    68    74   107   171   108    33    96   174    36    87   101   115   150   142 
   38   132    63    39   104    55   133   118     9   118   178    58   118    69    74    19   133    91    17   120   100   146   157   113    61   150    80   132    40   178   136    26   113    24    16   126   104    60   165   110    58   120     6   177   169    98    64    11   122    95   106   105    43    21   117   147   118   147    34    76    61     6    64    58   177   157   128   171    43    33   118   129     9    83    56   133    19    63    56   121   120    88    86    45   102    20     4   165    68   121   174    63   169    92    13   156   122     8   124    39   124    70   157   130   125    30   105   145    34   113    93    74   165     2   122   121   165    19   125    30   117     8   111   163   130    35   142    29   113    33    75    28    99   116   156    25   168    95     1    36   121   101    71    84     8    86    57    86    35    24    83   153    70    70    38    19    13   107    60    84   158     4   115    17    48    37    49   170    81    24   160   165   141   147   134    73    88    80    36   170    97   152   143    40   114     9    65    23   117   149    16   140    15   115   148   127    78   156   153    90    25   145   143   134    23   148   148   148   126    40    19    52    11   119    64    76    40   102    33    77    24   157   114   117    23    69    91    18    33   104    69   108   155   102    66    48   142    51    85    67   150   180   165   179   143    23   104    44   162    79    73    54     2    58    44   151    14    77   179    49   121     5   103    18    12   148   118    22    53    23   137    52   118    14   135    47    63     9    90   160   164   131     9    56   142    48    87   166     7    82    66   162   172    75   165    68    16   167    10    33   154    64   143     8   177    69   129   152    86    64    30    79   160   123   111   115   122   112    21   145    47    33   175   178    86    33   110    55   148   107   117    32   104    75   132   176     8   159    11    25    26    25    39   180   116    76   143    70    90   106   105    11    36   178   144    12   140   150    63   149 
   87   165   141   119   105    12    81    19   165   145    97    61   108    24   133   118    27    41   160    66    41   150    60     2     6    40    55    30    93    14   122   167   125   131   139    69    57     4     1   164   143   156   158   106    92    31    73   133   107   126    57    15   149   104    30    10    26   161    87     1   118   107   162    90   113    89   100    56    98   145    87     3   128   104   134    78   131   173    39   116   133   109    17    44    81   128    25    36   100   131   169    40   109    53   136     2   132    12   147   139   170    23    40    87   161   118   104   119    62    90    56    48   174   115    25    24     8    68   139   153    18    69   125    69   163    93   141   138    62    64   170   136    54   166    73    68    95   162   128    62    71    18    95    38   172   108   162   135    77    94    19   176   111   145   130    51    70    69    58   134    79    11    59    57   116    44   151   123    42    52   146    75    75    24    95    33   135    98   171   160    31    51   171   177    21    73     6    85    16   137    49     7    48   136    43     7   139    13   141    90    59   175   107   144   117   177   111    69    28    24   109   132   132    52    34   114   132   166   180   155   112    95   149    97   162    69    44    28   126   142   141   106    46    96   142   153   163    76   170     2    87    86   140   156   150    44    17    51    53   127   179    42     3   162    44    44   154   162    70     4    53    83    53   164   160   172    31    30     7     4     5     6    17    12   146   180   115    59    84     9    86    75     3    49   147   129    54    56    90    29    44    40   121   160   141   151    32   168   151   122   131   166   103   147   108    10    56    42    51    61   137   139    97    29   171   177    69     3   120    88    74   113    41   121    14   109    29   112   114    13    51     3   149   118    13   148    28    77   167   121   121   109   113     1    29    67   144   159    51    77   175    69   103   144   100    63   163    16    49     7 
    9   124    91   176    62   162    89    86    20    86   178    85    52    62   124   161   111   102    15   123     3    63   137   169    93   176    88   155    62   120   109   132    94   179    61    75   114    69    70   126   159   170   154    50    43   162    29   161    86    98     8   154   103   129    79   126   110    79   118   136   144   126    56    16    27   125   155     6    59    52     8   164   117    43    29   167    25    87   113   120   102   166   154   111    85     7   152   158     8    69   159    74    93    49   123   142    42    71     2    53   121   138    56   142    53    19   100    92   140     7    96   150    48   158    48   142    34   139    72    98    91   108   174   167    81    53   166   160    18   165    62    92   180   147   180    51    58    14   115    83    22   136    19    41    39   176   163   139   137    24    78     4    98    44   108   165    75   151   108    76     2   160   106    26     8   108    53    90    86    95   101    55   150   167    72   143    33    44    28    73   161   164    39    12    26    37   145   102    30   157    11    16    18    53    15     8   136   151     1    14    54   124    29    12    78   113    40   121    16   126    42   130    28   117   141    81   130    94    24   169   173   176   179   107   115    36   156   127    29   135    81   149    81    70   101    87   154   103   148    83   144    15    38     6    52    46    13    98   114   169    18   172    29   138   155   152    97    66   150    75   106   126    36    21    89   126     5   101    90   154   167    30    57   117   171   116   146    38   166    69    76    60    30    19   148    43    95   162    83    24    81   168    12   126   139   107   121   114   165   135    80   166    14   148    90    18    55    75   170   176   143   117   141    11   110     9   148   179   160    40   169    87     4     8    89   115     1     5    47    34    15    89    34     7    32   106   124    11   104    50    87   140    58   118   173    93   101   117    39     6    23   115   156    51   151   124    18    27   118   139 
  164    15   136   127    95    77    46   103   178    32   133    98   101    61    71   128   133     8    92   172    14   107    21   135    25    24    22   163   139    30   133   156    35     5   128    80    69    36   124   104    24   148    50   177    66    83   114    45   113    71   150    83    91   105    21   154   129    52    70   170   155    36    62   118   171    32    45    43   135   117    27    72    46   174    39    47    76   130    20    76    12   162    68    15     9   162   116    89    55     7   135    92   170    31   109   111   153   103    30    74    66   152   123   162    57   150    79   167   114    84   177    36   146    27    73   109    30    18    59   108   116    14    61    43   173   163   143   118   130   100   155   125    40    91    34    19   168   107   107   175     6    74   132   161    88    31   136    73   131    47    20   159   102   100   151   139    87   107   126    66    97    28    59   149    69   179    90   110     4   137   124   157    38    12    78    32   123   129   176   140   145   134   160     7    20   130    11   105    78   109    71   133   121    14    67     5    15    25   116    15    33   169   114    77   114    91     9    81    66    30   163   146     4    37    83   139   104    41   105    11     1   151    12    33    68   172    83    47     3    61   139   179   101   154    76    43   119    73    46    77    36    71    21    12   153    76    17    74    90    35     5   158    91    56    48   137   139   127    19    68   156   142    98   117   145   140   165    88    61    19   134   173    11    77    16    83   177   159    46   135    46   133   137    92   129   123    83    99   116   114    22    40    99    60    18   170   173     8    56   109   146    21    39   103    97    26   123   139   152     3    93   127    95   105    52    71    37   112    21    35    94    62   159    78   144   157   174   136    71    71    46    19    23    13   148   112    47   138   145   116    77    48    59    29    43   151     8    23    20   174   155    27    88   133    55   117    91   119   105    66 
  180   164    66   125   154   113    83    16    32   169    76    26    85    72   164    69    14   100   147     1     3    23   103    16    37   161    30    25    51    73    14   144   158     9    15    95    49   156   165    22   133    58    17    50    51   123    80    79   117    51   152   163    74    87   114    16    89    32   133   148    26   160     4   170    64   143    69   144   156    83    61    21   134    80    48   137    30    28   127   149   152   171    96    25    74    10    48   156   143    67    92   175    70   167    11   128   117   106    84   153   112   100   180   109   161   177    73   148    88    53    79   131    50   161   118     1   139    48     2   177    56    38    99    56    25    29   137    56   104    19   160    88    35     4    81   144   114    94   165    39    57    11    99    32    72    94    36   160    85    51   170   143   180    80   177    22    70    18    86   138   144   113   152   139     4    31   147    38   142    19     6    38   142   163     9    90   119    91    73     6   177    48    38    19    37    87    51   142     6     4    27   149    61   141   101   175     6    98   178   119    45   176   104    64    23    31    22    73   170    98    59   151    69    21    89    49    27   177    59    65   170   126    45    26   104    41   136   141   134   117    86    90    56    33   113   113   107   158     9   131   176   162    59    76     7   137    23   142   140    57   110    34   124   154   170   131   133   126   166    18    68    98   180    96   162   103   137    62   124   100    74    25   116    35     5   152   103   106    76    30    63   136   173    63    73   124    33   141   136    35   178    24    85    20   108    64     2    30    94    59    22    67    61   134    85   161    65   178   162    35   158    65   141    88    27   162   144    43    64   173     8    92    81     9     8   103    54   179   160   101   109    10    88   148    11   134    55    29   107    49    90    95    60    71    34   168   140   177   141   168   142   104   121   122     9    27    57   124   106   104 
   56     3    97    59    58    37   112   170   122   143   111   102     6   144   142    70     6   160    43    95   178   144   168   107   132   131    76    35   102   153   121   116   179    71   147   114   153    56    30   180    15    27     2   171   134    44    67    52   174   172   162    36    33    76    34   100    62   116   103    45     8   175    89   100   121    93   150   143    31    42    72    76   137    31   128   127    72    99   127    85   158   169    51    86   153   122   138   104    61     2   124   180   166    63   160    13   118   152    88   174   110   140    53   150   124   127   148    59    67   170    27    31   169     1   166    84    45   107   136   174   138   119     5    71     2    37    15    50    32   180   126   180   121    37   105    51    54    83   142   135    87    22   120    93   104    88    43    39    18    54   122   175    12    14   150   114    30   106    68    23   134    10   133   113   165   131   127   112    42    20   153   163    59   174   116    74    15   167    26    44    19    12   113   167   105   165   169    17   124    48    99   107    97   105    17   177    60    64   168   122   168    78    27    26    83     8    45    38   158   121    24   101   141    85   113   149   157   121   124   111    69    66   151   169   136   128   107    24   146    85   138   149    83   159   126   123   138   148    13    42   179   153    52   158    82   129   111   131    73   160    39    36     1   145    17    17   129   152    52   111   157   150    20   135    52    13    12   151   140    59    33    29   180   154   148   167    14   131    48     1    77     5   154   123    75   118    53   122   112    62   169   118     5    59   170   159   163    62   136    93   141   170    82   176   124   140   158    85    61    68   131    68    70    67   132   122   129   120   108    75   124   167    59   116    85   175   164    55    92    63    33    66    97    50     4     6    33     1   175   142    12    26   141    71    63   127   160    87   103   147   166    95   118   158    92    36    57    16    95   178 
 0.00  0.23  0.27  0.29 
 0.23  0.00  0.20  0.37 
 0.27  0.20  0.00  0.31 
 0.29  0.37  0.31  0.00 
