60 12
15
     18431
     18896
     19407
     18949
     18585
     19460
     20477
     17383
     17544
     18688
     18790
     17425
     18153
     19101
     17796
  4.6  67.3 748.9   2.4
  4.1  21.7 720.6   1.8
  1.4  51.2 812.9   2.5
  4.8  62.7 847.8   2.0
  3.8  26.2 676.0   1.5
  1.7  45.2 346.6   1.7
  1.8  48.4  75.3   2.3
  2.7  60.5 261.8   2.2
  4.0  50.7 417.7   2.3
  2.7  57.0 421.7   1.9
  3.5  40.6 206.5   1.8
  4.8  23.9 550.1   1.9
  2.9  28.2 457.8   2.4
  2.0  34.1 935.0   2.3
  3.2  62.0 496.2   1.9
  2.8  46.7 811.1   2.2
  2.3  70.8 863.6   1.6
  2.6  53.7 666.0   1.6
  4.0  71.8 719.3   1.7
  3.4  23.4 590.4   1.7
  2.0  66.2 405.0   2.0
  4.8  56.3 708.3   2.2
  3.6  56.4 807.7   2.0
  1.9  54.1 358.8   2.0
  2.2  47.1 301.9   2.4
  3.7  50.3 475.3   2.3
  1.5  49.3 709.5   1.6
  4.2  20.2 452.4   2.0
  1.5  42.4 833.1   1.7
  2.6  63.3 671.3   2.0
  3.2  21.3 811.6   1.8
  1.8  67.4 584.1   2.2
  4.0  42.9 745.7   2.2
  3.2  41.7 785.9   1.9
  1.9  26.2  62.1   2.2
  2.6  35.5 614.5   1.6
  2.5  50.8 329.8   1.6
  3.3  32.5 915.4   2.0
  2.6  57.5 696.4   1.7
  1.4  45.5 691.6   1.8
  4.0  51.1 244.9   2.0
  1.3  40.8 339.5   2.2
  1.9  54.6 224.1   2.3
  1.3  73.4 638.9   1.6
  1.6  58.5 339.6   2.3
  4.6  19.2 910.5   1.8
  3.5  53.3  57.6   2.1
  3.6  36.9 161.5   1.7
  3.4  44.0 840.9   2.0
  1.3  33.2 665.6   2.2
  4.7  71.5  76.2   2.3
  2.6  52.0 478.5   2.3
  4.5  74.3 335.3   1.7
  1.3  40.3 804.1   2.2
  4.8  26.0 877.0   1.5
  2.2  25.2 902.3   2.0
  3.6  69.8 549.1   2.3
  4.7  57.4 418.6   2.2
  4.1  54.9 497.6   1.7
  1.0  60.5 131.8   1.6
  2.8  19.4 347.9   2.5
  2.4  30.1 688.9   2.1
  3.6  42.4 942.5   1.9
  1.4  66.4 687.6   1.9
  1.1  16.7 520.0   2.1
  4.2  29.5 915.3   2.2
  4.4  18.0 505.5   2.5
  1.8  28.6 473.6   2.5
  2.1  65.5 180.0   1.9
  4.3  51.7 909.3   2.2
  1.9  47.7 568.4   2.2
  4.8  43.9 710.0   2.0
  3.0  60.7 442.5   2.4
  1.3  27.4  60.0   2.4
  4.5  32.4 929.3   1.7
  3.6  72.4 822.4   2.0
  4.6  75.0 559.0   1.7
  3.0  73.3 317.6   2.0
  4.9  63.1 514.5   1.6
  3.9  68.7 157.4   2.0
  1.6  69.1 949.7   2.3
  4.2  24.2 344.2   1.6
  1.5  22.9 659.7   1.8
  4.8  21.9 561.4   1.7
  4.7  20.3 821.8   2.2
  1.7  42.4 242.2   2.3
  4.3  48.2 461.5   1.6
  1.8  58.4 805.4   2.4
  1.8  33.7 294.6   1.9
  1.2  52.1 860.0   2.1
  4.9  50.8 388.5   1.6
  4.8  15.6 509.3   2.3
  2.3  46.3 298.0   1.7
  2.9  32.3 848.7   1.6
  2.5  46.6  79.6   2.3
  2.7  17.8 172.0   2.4
  3.1  69.9 578.2   2.0
  1.0  65.6 161.8   2.4
  2.4  74.2 323.5   2.5
  4.9  74.6 656.7   2.3
  1.9  22.4 267.5   2.0
  3.8  30.1 732.3   1.7
  3.6  34.4 668.2   1.9
  2.1  72.4 217.3   1.7
  3.1  46.6 353.3   1.8
  3.3  61.6 694.4   2.3
  3.7  26.2 424.9   2.0
  2.3  23.4 279.4   2.5
  3.2  49.1 433.9   2.1
  3.2  35.9 444.1   2.1
  1.1  51.5 763.8   2.1
  4.9  19.1 752.0   2.3
  2.3  58.3 439.7   2.3
  3.0  30.4 211.9   1.8
  2.9  70.7 255.2   2.0
  3.9  63.8 812.8   1.6
  4.7  61.4 346.9   2.5
  1.7  31.9 935.2   2.4
  3.9  18.2 286.1   1.6
  1.7  50.7 439.5   1.6
  2.3  45.5 696.8   1.8
  4.3  72.8 737.2   1.8
  4.3  31.7 380.7   2.2
  1.9  33.0 612.6   1.7
  5.0  16.3  95.9   2.1
  4.7  59.7 224.9   1.7
  3.0  60.2 111.3   2.1
  4.1  33.6 421.1   2.4
  4.4  38.8 728.4   2.2
  2.4  32.6 472.8   1.8
  3.1  66.2 512.3   2.4
  3.3  52.1 610.7   2.4
  1.3  28.7 770.6   1.8
  2.8  66.8 351.2   1.9
  2.5  54.4 843.1   1.8
  1.8  42.8 739.7   2.2
  3.8  43.8 143.8   1.9
  2.5  73.9 587.6   1.9
  3.7  54.8 131.8   2.4
  4.6  32.2 707.3   1.8
  3.0  53.9 937.0   2.1
  1.6  38.5 905.8   2.1
  1.2  70.4 338.0   1.7
  2.8  36.1 610.4   2.2
  1.4  53.6 533.4   1.7
  4.1  47.3 386.3   1.9
  4.1  45.8 261.1   1.8
  2.9  44.6 663.3   2.3
  4.9  61.2 779.8   2.1
  4.3  61.8 203.1   1.8
  4.8  15.9 835.4   1.6
  2.0  24.7 669.7   2.5
  2.7  64.1 733.8   2.0
  3.1  71.6 795.1   1.6
  3.5  70.4 300.1   2.0
  3.2  62.3 255.0   1.7
  2.0  45.8 844.0   2.4
  2.5  16.4 376.2   2.1
  2.6  27.6 391.2   1.7
  4.1  26.5 827.1   2.0
  2.9  61.8 564.6   2.1
  1.1  30.1 774.2   2.2
  3.6  33.0 135.0   2.4
  1.9  34.1 491.2   2.3
  3.2  55.3 255.0   2.0
  4.4  30.9 688.0   2.0
  3.6  47.3 693.9   2.3
  3.1  47.4 383.6   1.6
  3.7  23.2 683.4   2.3
  4.5  53.4 895.4   1.9
  2.4  26.1 165.9   1.5
  4.3  17.9  58.2   2.4
  1.6  58.3 461.2   2.2
  4.0  47.7 225.4   2.0
  3.5  62.0 216.0   1.7
  1.1  44.1 940.9   1.6
  4.5  52.3  51.3   1.7
  3.5  42.3 889.0   2.1
  1.7  55.9 200.5   2.4
  4.7  73.2 608.5   1.8
  2.6  16.9 554.6   1.8
  4.8  52.8  64.8   1.9
  1.5  30.2 196.3   2.3
  3.6  39.1 875.6   2.0
  4.0  51.5 901.8   1.7
  4.0  48.3 266.4   1.6
  4.0  18.9 409.8   1.6
  3.6  26.9 737.7   2.1
  2.1  55.9 540.5   2.4
  1.4  19.8 853.9   1.5
  2.1  60.4 428.5   2.1
  2.6  50.9 865.6   2.1
  3.9  70.9 910.3   1.8
  3.5  35.8 124.5   1.9
  2.4  55.3 309.4   1.6
  3.4  72.6 628.0   2.4
  4.2  50.6 554.4   2.3
  4.5  65.2 512.7   2.0
  1.0  43.7 422.5   1.8
  1.6  68.9 136.3   2.0
  1.2  63.9 597.7   2.0
  3.7  48.9 558.0   1.6
  2.8  29.0 236.1   2.2
  3.3  21.6 629.0   2.1
  4.7  50.0 860.6   1.9
  4.2  74.2 707.4   2.4
  2.3  48.8 281.3   2.3
  2.9  19.7  94.6   1.8
  1.1  36.9 784.8   2.2
  1.6  51.8  99.0   2.2
  2.5  64.4 718.4   1.5
  3.1  44.8 575.1   1.9
  2.5  15.4 150.0   2.1
  4.5  43.0 186.6   2.0
  4.4  29.4 152.0   2.4
  4.7  15.0 220.2   1.7
  3.0  65.8 441.0   1.8
  4.7  44.0 385.4   1.7
  2.6  17.1 177.4   1.8
  2.2  54.1 245.5   2.2
  3.7  32.1 373.1   2.0
  2.0  39.3 552.5   1.9
  2.3  67.4 297.2   2.3
  2.7  57.6 438.4   2.4
  4.0  23.2 360.5   1.7
  2.5  43.1 352.5   2.3
  4.7  30.5 903.8   2.2
  4.8  69.3 507.4   2.0
  3.2  59.7 290.1   1.8
  4.4  61.9 207.2   2.2
  2.4  59.8 227.1   2.2
  1.7  74.5 598.1   2.4
  3.3  61.8 234.6   1.9
  3.1  37.5 504.6   1.8
  2.6  65.1 286.3   1.9
  2.2  20.8 633.2   2.0
  4.4  15.3 595.5   2.4
  3.5  42.8 825.7   1.5
  2.1  60.4 880.1   1.8
  2.5  41.4 564.6   2.4
  1.5  56.3 796.6   2.3
  2.4  23.3 412.5   2.0
  2.1  53.0 891.0   1.9
  3.9  29.7 536.9   2.3
  1.3  66.9 426.7   2.1
  4.0  59.4 153.5   2.1
  1.6  63.7 819.4   2.5
  4.9  42.7 912.8   2.0
  1.5  47.1 739.1   1.6
  1.6  66.2 711.9   1.6
  3.6  22.8 119.5   1.9
  2.8  36.6 410.7   1.9
  3.3  36.4 493.8   2.0
  1.9  58.0 665.6   1.8
  1.2  63.7 699.9   2.1
  4.4  41.9 646.4   2.0
  2.4  73.1 392.1   2.1
  3.1  32.7 850.8   2.2
  3.6  57.2 871.6   2.1
  3.3  74.1 554.7   2.2
  4.7  19.7 261.8   1.8
  3.2  16.3 452.1   1.8
  2.4  61.4 948.5   1.8
  2.0  73.3 744.9   1.7
  1.7  43.1 455.4   2.3
  4.0  66.1 690.6   2.1
  3.9  68.5 549.4   2.5
  5.0  61.4 756.4   1.8
  1.5  60.0 170.5   1.7
  4.4  21.9 544.7   2.4
  3.0  26.7 534.5   1.8
  2.8  34.7 659.5   2.1
  4.4  47.1 660.4   2.0
  1.7  74.1 349.4   2.0
  4.9  60.9 370.1   2.4
  5.0  22.4 875.5   2.2
  4.1  29.7 629.9   2.0
  1.2  25.0 741.0   2.2
  1.4  25.4 254.4   2.3
  1.5  15.8  56.1   2.4
  3.2  54.5 559.7   2.0
  4.1  21.6 456.0   1.5
  2.8  45.7 623.1   2.5
  4.1  25.0 152.4   2.5
  2.4  24.8 258.5   2.4
  1.8  35.9 132.3   1.9
  1.1  24.3 526.8   1.5
  2.3  28.8 777.8   2.3
  2.3  31.1 905.3   2.0
  4.2  63.4 790.5   1.7
  2.5  49.4 894.0   2.1
  3.6  68.5 442.6   2.5
  4.9  20.4 729.9   2.3
  2.1  72.1 410.1   2.4
  2.7  71.9 590.0   1.6
  4.7  47.3  95.7   1.8
  1.2  50.6 432.2   1.9
  4.7  30.2 584.8   2.0
  4.8  56.4 498.3   2.3
  4.3  47.8 313.3   1.5
  4.7  61.3 715.0   2.3
  1.1  47.3 408.2   2.2
  4.3  61.2 519.1   1.7
  2.7  51.6 469.3   1.7
  4.4  59.2 564.8   2.4
  5.0  72.6 526.6   1.8
  4.5  20.7 208.3   1.9
  1.9  55.4 470.2   2.4
  2.6  48.5 633.7   2.3
  4.4  70.1 567.4   1.7
  1.3  49.9 542.9   2.3
  3.4  36.3 600.3   2.0
  5.0  48.1 515.9   1.7
  3.7  64.6 919.8   1.8
  4.5  36.9 197.0   2.5
  1.2  29.4 561.7   1.8
  1.4  73.0 232.6   1.9
  1.5  32.0 249.0   2.2
  4.7  28.0 246.8   1.7
  2.2  31.7 662.1   2.0
  2.5  26.0 298.1   2.1
  4.7  62.9 757.7   1.6
  2.4  28.5 128.7   2.0
  4.9  64.3 832.0   2.1
  2.6  57.5 265.2   2.2
  1.2  19.0 400.5   2.2
  1.7  59.7 731.0   1.6
  3.1  42.0 213.2   1.5
  1.1  18.4 403.0   2.2
  3.5  29.8 677.9   1.9
  4.8  38.2 214.0   2.4
  3.0  71.9 681.1   2.2
  2.8  63.7 469.8   1.9
  1.1  66.4 488.5   2.4
  4.8  71.5 849.3   2.3
  2.4  20.1 525.3   2.0
  2.5  66.2 754.8   2.4
  4.7  30.6  67.0   2.0
  2.4  48.0 328.3   2.4
  4.1  48.1 841.7   1.9
  3.8  26.9 136.0   2.2
  1.3  28.8 692.6   2.2
  4.5  17.6 726.4   1.8
  4.7  35.7 808.8   1.6
  4.1  30.1 413.2   2.3
  2.3  50.8 321.2   1.8
  2.8  24.8 601.1   2.1
  1.9  68.0 764.2   2.5
  2.2  33.0 264.8   2.3
  4.7  43.8 442.0   1.8
  1.9  53.0 202.3   2.5
  1.6  41.8 714.0   1.8
  4.6  31.4 775.2   1.6
  4.0  43.8 197.3   2.1
  1.6  56.6 924.0   2.1
  4.3  20.4 702.0   2.5
  4.2  20.6 544.8   1.8
  3.0  58.6  91.2   1.8
  4.7  26.5 541.5   1.9
  3.8  31.8  79.0   2.5
  3.2  35.9 721.3   2.3
  1.2  55.9 341.0   2.0
  4.9  35.9 392.8   1.8
  1.4  43.2 856.2   2.0
  3.7  73.1 478.1   2.0
  4.5  23.3 535.8   1.6
  3.7  16.9 546.3   2.4
  3.0  45.1 446.8   2.5
  2.7  66.6 649.7   1.9
  1.2  22.9 527.3   2.1
  1.5  66.9 506.4   1.7
  4.0  19.1 522.6   1.6
  2.6  59.5 273.7   2.0
  3.2  69.0  61.2   1.8
  4.7  18.5 314.3   1.7
  3.7  69.3 304.0   1.6
  3.7  15.5 831.2   1.9
  3.3  39.8 113.4   2.1
  1.3  23.1 408.2   2.0
  4.8  53.3 591.4   1.5
  2.0  57.9 189.7   2.1
  4.7  20.1 213.5   1.7
  3.6  23.1 232.4   2.1
  4.7  52.4 540.6   1.5
  4.3  56.3 749.4   1.6
  3.5  17.8 450.8   1.8
  1.2  66.3 736.4   1.6
  3.8  66.2 309.3   1.8
  4.3  51.2 305.5   2.4
  1.8  71.6 201.7   2.4
  4.6  69.4  86.0   1.9
  2.6  68.4 420.9   2.0
  3.6  36.6 479.1   2.1
  1.2  68.4 404.0   2.3
  3.7  40.9 843.9   1.6
  1.8  24.4 795.6   1.9
  4.5  65.0 542.6   2.1
  4.9  74.5 343.6   1.9
  2.8  49.4 150.4   1.8
  5.0  51.2 597.4   2.2
  2.3  61.9 848.4   1.8
  1.5  58.3 377.5   2.4
  4.7  63.4 633.6   1.8
  4.9  60.1 573.9   2.5
  3.2  68.1 857.0   1.7
  3.0  30.2 912.6   1.5
  2.4  29.0 872.8   2.2
  4.3  71.6 249.7   2.1
  3.4  66.9 861.4   1.9
  3.1  72.6 643.3   2.2
  4.3  45.2 440.9   2.3
  3.1  66.7 270.8   2.4
  1.1  36.3 490.2   2.0
  4.0  44.0 947.2   1.6
  1.3  62.5 706.4   1.7
  3.2  48.3  90.5   2.5
  4.4  30.2 930.8   2.2
  4.6  30.9 926.5   1.7
  3.0  29.0 363.1   2.4
  4.5  62.5 917.2   2.2
  3.6  32.2 257.7   2.4
  3.6  16.4 400.4   1.6
  2.3  58.0  91.3   2.2
  3.7  61.6 845.4   2.1
  1.4  68.0 714.7   2.1
  2.1  45.6 905.8   2.1
  2.5  30.9 114.4   1.9
  3.1  35.6 143.6   1.6
  2.5  39.5 838.1   1.9
  1.3  20.4 800.1   1.9
  3.6  72.2 558.7   1.9
  4.0  68.1 837.2   1.8
  1.3  69.9 593.9   2.1
  2.1  58.1  57.4   1.9
  2.7  66.1 280.1   2.2
  4.4  29.8 694.9   1.8
  2.4  66.9 465.9   2.1
  2.5  50.7 671.0   1.7
  1.3  27.1 941.2   2.0
  1.1  26.2 409.6   1.5
  2.6  50.2 820.1   2.1
  1.6  57.3 796.7   1.6
  3.4  55.2 222.7   2.2
  4.3  26.1 782.0   1.8
  4.4  66.9 847.1   1.9
  1.0  25.7 770.8   1.8
  4.6  25.1 280.6   1.7
  1.7  20.0 427.1   2.0
  4.5  51.8 789.2   2.0
  3.6  43.7 440.9   1.8
  3.0  36.1 753.3   2.1
  4.0  45.5 293.5   2.0
  3.0  47.8 431.6   1.8
  1.7  48.8 454.5   2.4
  3.3  51.9 104.2   1.6
  3.1  55.7 498.9   2.3
  1.6  72.3 197.0   2.1
  2.0  55.9 704.2   1.8
  3.9  47.3 907.7   1.5
  3.1  61.9 774.8   1.8
  3.5  17.8 927.4   2.5
  3.1  38.8 346.4   2.0
  2.7  69.2 334.6   2.2
  3.4  26.1 255.9   2.4
  1.8  25.6 693.8   2.0
  3.3  43.4 832.4   2.3
  3.1  44.3 334.2   1.9
  3.1  67.0 208.9   2.1
  3.4  18.8 737.6   1.8
  1.8  29.6 694.9   2.1
  1.8  55.4 617.6   2.0
  1.2  53.8 508.4   1.5
  3.8  69.7 379.7   2.4
  4.1  25.5 205.8   1.7
  3.9  38.5 256.4   1.8
  1.8  56.0 102.0   1.7
  2.1  41.4 828.3   1.9
  1.5  63.7 467.0   2.3
  3.5  68.8 908.7   2.4
  1.8  29.0 589.9   2.4
  4.9  50.0 919.5   2.0
  2.5  24.2 380.8   2.0
  3.6  68.8 787.0   2.1
  1.9  15.3 160.2   1.7
  1.4  45.3 557.9   1.6
  2.4  24.4 746.3   1.7
  3.1  59.3 821.2   2.2
  2.7  59.7 919.3   1.6
  3.5  65.7 454.8   1.9
  1.7  30.4 865.4   1.7
  3.2  67.0 894.8   1.7
  1.7  70.4 187.5   2.2
  2.6  32.6 442.8   2.2
  4.2  52.3 449.7   1.5
  1.2  45.0 462.9   1.7
  2.0  70.4 352.4   1.9
  5.0  39.2 475.8   2.0
  1.0  57.7 706.8   1.6
  1.9  64.5 241.8   2.2
  2.2  34.7 595.3   1.9
  1.9  20.0 515.0   2.3
  3.5  17.2 509.6   2.3
  3.0  16.7 723.8   1.9
  1.4  43.7 283.0   1.8
  2.7  53.9 181.0   1.6
  1.3  64.5 723.9   2.2
  3.6  20.2 766.4   2.3
  1.4  21.0 605.1   1.8
  2.7  55.2 774.8   1.8
  2.8  53.0 211.2   2.2
  4.6  66.9 297.9   2.1
  3.5  34.6 508.9   2.2
  4.6  55.8 474.0   2.3
  1.6  15.4 860.5   1.6
  2.1  60.9 929.4   2.1
  1.3  72.7 123.2   2.1
  1.4  57.2 337.6   2.2
  5.0  29.7 557.8   2.3
  2.4  73.1 582.6   2.2
  1.9  25.1 498.1   1.6
  4.0  16.9 653.7   2.5
  1.7  17.5 370.1   2.4
  4.7  18.8 851.4   1.5
  3.5  45.1 251.8   2.4
  4.1  61.7 530.0   2.4
  1.2  61.1 508.9   2.2
  1.8  26.9 356.5   2.1
  3.0  64.5 876.8   2.2
  3.3  47.4 408.1   2.5
  3.5  45.9 126.3   1.6
  1.9  23.9 500.2   1.7
  4.6  44.4 942.3   1.6
  3.7  65.5 626.0   1.7
  4.4  65.7 507.4   2.1
  4.9  69.9  72.5   1.6
  1.8  40.1 227.6   1.6
  4.9  47.7 922.4   2.2
  2.6  68.7 393.1   1.6
  2.7  67.4  77.6   1.6
  1.7  48.9 765.4   2.2
  2.7  61.2 284.3   2.0
  3.5  40.2 156.3   2.2
  2.9  51.5 650.2   1.7
  1.5  68.7 197.7   2.5
  4.3  36.6 462.8   2.1
  2.8  33.7 660.5   2.4
  2.8  73.3 197.6   2.1
  3.2  48.0 389.1   2.2
  3.6  43.5 134.4   1.6
  4.1  65.8 115.4   2.0
  2.8  57.9 254.6   2.0
  1.1  61.6 702.0   1.7
  1.2  42.5 381.7   2.4
  4.0  47.8 831.4   1.9
  3.9  48.1 698.8   1.5
  4.0  15.7 686.3   1.6
  4.8  55.4 337.7   2.0
  2.7  27.9 926.5   1.8
  3.1  47.4 385.1   2.2
  4.8  70.1 512.3   2.2
  2.2  54.0 190.8   1.5
  4.1  59.1 313.8   1.9
  4.5  27.5 144.0   2.0
  2.3  33.5 110.3   2.3
  3.5  62.4 434.9   2.3
  3.9  55.6 478.0   2.3
  2.9  61.1 313.3   1.8
  3.4  20.0  91.8   2.2
  2.2  38.0 298.3   2.2
  2.1  53.5 316.3   2.0
  1.3  72.4 524.3   1.6
  3.0  22.2 856.4   1.9
  4.8  73.6 584.6   2.3
  3.4  22.8 770.5   1.7
  4.2  25.6  97.2   2.1
  2.7  70.5 102.0   1.5
  4.7  60.2 435.1   1.6
  4.4  20.6 609.3   2.3
  1.3  57.3 132.6   1.6
  4.6  34.6 577.9   1.5
  1.2  71.1 520.1   1.8
  3.5  55.9 220.3   2.4
  4.0  43.7 475.4   2.4
  3.7  59.6  69.2   2.1
  3.3  71.5 414.5   1.6
  2.0  61.9 921.8   1.8
  2.3  48.0 694.4   2.0
  1.7  24.1 115.9   1.7
  2.2  59.3 318.1   1.7
  1.8  39.9 367.8   1.6
  1.2  29.3 259.8   1.6
  1.2  52.6 784.4   1.9
  1.0  69.2 450.6   2.4
  2.9  53.5 283.4   2.1
  2.6  36.8 854.2   2.3
  2.0  28.1 129.3   2.2
  3.9  43.2 851.4   2.0
  3.6  59.0 693.4   1.8
  1.4  48.3 392.4   2.0
  2.2  38.5 942.7   2.0
  1.8  63.9 560.3   2.2
  3.4  67.5 212.8   2.0
  1.9  32.9 712.1   2.5
  3.9  49.2 696.7   2.2
  3.7  47.8 597.6   1.9
  3.2  29.2 509.9   2.0
  2.7  63.2 625.8   2.1
  1.6  24.0 648.1   1.5
  3.9  21.7  92.5   2.3
  4.8  65.3 537.8   2.2
  3.9  15.5 568.5   1.9
  5.0  73.2 391.4   2.5
  2.3  29.0 308.3   2.0
  1.3  55.4 382.1   2.5
  1.4  54.6 888.7   2.0
  4.6  49.2  52.1   1.5
  3.7  18.0 387.1   2.3
  3.1  42.6 197.1   2.2
  3.0  59.5 624.4   1.7
  3.1  55.0 747.5   2.0
  4.6  71.9 727.6   2.1
  4.9  36.2 314.8   2.1
  3.5  48.3 401.7   1.6
  2.0  26.9 527.2   1.6
  3.1  38.1 814.9   1.7
  4.6  27.8 856.4   2.3
  3.1  64.1 103.4   1.9
  4.0  67.8 269.1   2.4
  1.3  71.5 659.9   2.1
  3.0  70.1 503.5   1.8
  4.4  38.0 655.7   2.2
  3.2  44.5 331.8   1.8
  1.4  66.6 168.9   2.1
  2.3  53.1 448.9   2.2
  3.3  31.7 577.1   2.2
  4.1  15.1 384.0   2.2
  2.6  64.7 428.2   2.3
  3.5  16.9 112.6   1.5
  4.9  39.2 867.3   1.7
  1.0  54.4 539.4   2.2
  2.2  23.3 827.3   2.2
  4.4  32.5 456.4   2.5
  1.5  48.2 460.9   1.5
  3.4  44.1 300.6   2.1
  2.0  17.8 757.5   2.0
  4.0  17.5 839.8   2.1
  4.4  42.6 865.5   2.1
  2.1  22.3 372.8   2.0
  1.2  70.6 270.0   1.5
  3.6  16.2 740.2   2.5
  1.5  35.1 712.0   1.7
  1.6  31.4 490.7   1.9
  3.3  36.8 547.5   2.4
  1.9  54.0 267.5   2.4
  2.9  73.9 675.0   2.2
  2.4  74.1 244.0   2.0
  4.2  41.3 559.6   1.7
  2.4  72.1 452.5   1.7
  4.5  40.9 236.8   2.2
  4.2  51.4 616.5   1.9
  3.4  62.5 496.1   1.8
  4.0  54.5 300.1   2.2
  2.4  60.8 342.1   2.4
  2.0  17.3 821.4   2.4
  1.6  61.2 831.5   2.0
  2.3  40.2 347.6   2.0
  1.8  42.8 348.7   2.1
  3.1  25.8 468.9   2.4
  1.7  19.3 663.4   1.5
  5.0  69.4 358.9   1.5
  1.6  37.4 800.1   2.0
  1.3  52.1 444.4   1.8
  4.7  37.1 132.4   2.4
  4.3  64.1 781.1   2.3
  1.6  73.6  74.1   1.5
  2.3  63.5 415.1   2.4
  1.6  45.2 425.2   2.0
  2.8  60.4 541.5   1.8
  2.0  67.0 621.6   2.2
  4.8  42.9 386.1   1.8
  2.9  17.4 126.8   1.9
  3.7  52.6 187.5   1.9
  2.2  70.5 132.4   1.7
  4.5  34.0 286.5   2.2
  3.7  46.2 349.7   2.1
  3.3  17.9 918.5   2.4
  1.4  58.9 262.2   2.1
  3.7  58.4 214.9   2.1
  1.4  69.0 778.7   2.2
  1.1  55.8 125.5   2.3
  3.5  32.1 341.6   1.8
  1.2  48.6 873.6   2.2
  3.6  37.0 854.1   1.6
  3.5  35.1 613.5   2.5
  4.1  40.4 522.7   2.4
  1.9  20.2 274.8   2.0
  4.2  32.7 427.1   1.6
  2.6  65.8 731.6   2.0
  1.6  18.4 293.6   1.7
  3.7  15.5 447.0   2.3
  3.0  70.2 384.8   1.9
  2.2  66.7 344.8   2.2
  2.8  73.3 904.3   1.5
  4.5  42.3 304.7   2.4
  1.3  60.6 198.4   2.1
  1.4  67.2 401.8   2.2
  3.9  20.3 395.3   1.7
  2.6  71.1 695.8   1.8
  3.6  35.9 728.9   2.3
  2.4  37.7 289.1   2.2
  1.2  31.6 185.1   2.2
  1.2  72.4 402.9   2.1
  4.2  20.3 902.2   1.6
  2.8  47.9 366.2   2.3
  4.2  46.5 688.4   2.0
  2.6  49.6 821.8   1.9
  1.6  74.1 495.1   2.4
  1.6  66.1 945.9   2.0
  3.5  54.5 357.0   2.4
  1.6  46.2 316.9   1.6
  3.1  55.5 291.4   2.3
  1.5  59.5 696.1   2.4
  1.6  28.3 115.5   2.0
  1.2  64.4 401.5   1.8
  1.3  69.0 880.4   2.0
  2.7  35.9 623.4   2.4
  1.4  28.3 405.2   1.6
  3.1  32.1 491.1   1.9
  1.9  65.9 932.9   2.0
  4.9  15.1 743.3   1.8
  3.6  61.6 654.6   2.4
  2.9  58.3 561.2   2.0
  3.4  44.5 626.7   2.0
  2.5  50.0 499.4   1.8
  4.2  43.7 336.3   1.5
  1.2  57.3 641.8   2.4
  1.2  20.2 717.5   2.2
  1.7  61.1 667.7   1.7
  2.1  42.4 269.9   2.4
  4.7  23.3 731.1   2.3
  3.3  46.2 165.6   1.6
  4.0  42.3 699.1   2.1
  4.2  72.1 177.7   1.5
  4.9  40.8 822.6   2.1
  1.3  33.6 285.8   2.1
  2.3  39.8 157.2   1.6
  2.7  28.4 821.6   2.4
  4.6  43.8 459.9   2.0
  4.8  51.8 334.1   1.5
  3.7  34.7 338.7   2.2
  2.7  64.9 530.6   1.9
  3.1  66.1 823.9   2.1
  1.8  68.8 895.7   1.6
  1.0  54.5 251.7   1.9
  3.1  67.9 312.1   1.8
  4.1  52.8 738.3   2.2
  1.5  28.1 203.4   1.7
  3.2  28.4 200.3   2.1
  3.8  55.9 829.7   2.0
  3.9  68.3 514.7   2.2
  4.6  64.6  54.5   1.9
  3.3  49.6 879.6   1.7
  4.2  51.0 541.6   2.3
  3.3  21.8  95.7   2.1
  4.4  32.5 512.3   2.2
  1.3  60.1 108.7   2.5
  3.7  18.7 213.7   2.3
  3.5  33.3 914.1   1.9
  4.9  36.6 431.0   2.0
  2.0  41.4 483.3   1.8
  4.0  43.5 676.3   1.9
  2.3  37.1 577.0   1.7
  1.2  18.4 390.6   1.8
  4.3  46.1 833.7   1.7
  1.5  28.2 862.0   2.4
  3.8  34.8 436.1   1.9
  1.1  52.8 145.0   2.2
  2.1  57.0 715.9   2.2
  1.3  55.9 291.1   1.9
  1.3  63.2  99.5   1.9
  3.8  64.9 778.2   1.7
  2.8  46.4 637.0   1.7
  2.1  43.3 751.9   2.3
  3.7  44.9 932.6   1.8
  3.8  56.2 381.7   2.3
  4.5  69.7 537.7   2.1
  4.1  41.3 530.5   2.4
  3.8  17.6 326.1   1.9
  3.6  44.0 268.4   1.8
  4.2  28.2 394.7   2.3
  4.8  66.0 586.6   1.6
  4.7  27.3 106.7   1.7
  2.1  46.7 597.0   2.0
  4.1  16.2 761.3   2.3
  1.5  67.7 154.8   2.5
  4.5  68.1 356.2   1.8
  4.9  49.3 768.2   1.8
  4.0  45.5 394.3   1.9
  3.3  56.9 364.5   2.4
  3.6  50.7 817.0   2.3
  4.8  65.9 493.6   1.5
  1.1  29.6 434.5   2.1
  4.4  50.2 550.8   1.8
  3.7  56.6 526.7   2.1
  3.6  73.2  99.2   2.1
  1.2  51.5 168.0   2.2
  1.5  72.9 589.6   2.4
  3.3  25.2 329.2   1.9
  4.1  63.7 111.8   2.2
  1.1  71.8 595.0   1.9
  5.0  50.3 168.6   1.8
  2.4  34.6 680.4   2.4
  1.2  67.0 221.1   2.1
  1.2  67.4 799.3   1.6
  4.8  50.3 100.3   1.8
  1.0  18.9 477.1   1.6
  2.6  41.6 784.8   2.3
  3.4  30.7 897.4   2.1
  1.7  65.6 679.4   2.1
  4.3  55.8 823.4   1.8
  4.5  34.3 122.7   1.8
  3.4  40.9 106.5   2.3
  1.1  27.4 682.5   2.2
  1.4  64.6 216.1   2.1
  1.9  68.8 296.0   1.9
  4.0  42.3 303.8   1.9
  1.7  43.2 150.3   2.0
  2.8  35.2 558.1   1.6
  3.3  41.7 570.2   2.0
  3.7  48.2 689.3   1.6
  1.5  69.3 804.0   1.7
  1.2  31.5 333.8   2.1
  4.9  19.0 539.3   2.0
  1.2  33.4 245.0   1.9
  2.0  37.4 181.3   2.2
  3.3  26.8 175.0   1.6
  4.8  29.7 926.4   1.7
  3.9  74.1 890.9   2.3
  1.7  73.8 323.6   1.6
  2.3  66.3 393.8   2.4
  2.5  57.8 349.0   2.4
  5.0  56.5 868.0   2.2
  4.5  57.0 324.5   2.1
  2.6  59.3  61.3   1.9
  3.1  25.8 639.6   2.1
  1.1  48.8 833.7   2.2
  2.5  54.2 273.4   2.3
  3.1  33.5 520.2   1.7
  2.1  41.1 268.0   1.9
  1.7  48.5 190.7   2.0
  2.0  68.0 828.6   2.5
  2.2  50.5 643.4   1.7
  3.7  66.3 614.7   1.7
  4.4  51.0 599.0   1.9
  2.3  32.1 680.5   2.1
  1.5  62.7 473.5   1.8
  2.6  24.2 203.6   1.8
  4.4  29.6 417.8   1.7
  1.2  16.9 831.8   1.6
  3.4  46.6 579.8   1.7
  4.1  32.8 789.5   2.4
  3.3  68.8 937.9   2.0
  4.2  56.6  54.5   1.7
  2.4  65.9 475.6   2.5
  1.9  75.0 866.9   1.9
  1.6  68.3 849.4   2.0
  4.7  67.1 595.2   1.6
  4.9  32.2 476.8   1.6
  1.1  15.9 699.3   2.1
  4.8  31.3 833.1   1.9
  1.2  53.8 902.6   1.7
  1.2  47.7 842.1   2.1
  3.9  26.2 673.2   1.9
  1.7  26.7 232.1   1.6
  2.4  16.3 178.0   1.9
  1.8  60.8 620.1   1.8
  2.6  53.8 873.1   1.6
  3.2  25.7 283.0   2.4
  4.3  37.1 378.8   1.6
  3.8  43.8 187.6   2.4
  1.1  34.5 798.5   1.9
  1.1  49.5 632.7   1.8
  3.7  27.6 658.8   1.5
  2.0  23.6 307.9   2.5
  4.8  64.8 328.7   1.6
  3.4  36.9 232.3   1.6
  2.5  30.5 586.5   2.1
  3.0  50.7 744.1   1.7
  3.5  17.2 832.9   1.6
  2.8  49.4 171.7   2.1
  1.1  21.2 503.3   1.9
  4.8  26.1 579.4   2.3
  4.1  50.7 877.0   1.9
  1.8  58.2 650.4   1.7
  3.0  60.4 236.4   2.4
  4.9  22.9 150.8   1.6
  4.3  40.4 303.6   1.9
  1.7  69.5 896.8   2.1
  3.3  52.0 111.1   2.0
  1.6  25.5 355.7   2.5
  0.2   0.4   0.4   0.4   0.3   0.3   0.3   0.3   0.3   0.4   0.2   0.4   0.3   0.3   0.3   0.4   0.2   0.2   0.3   0.2   0.3   0.2   0.4   0.4   0.3   0.3   0.3   0.2   0.3   0.3   0.4   0.2   0.4   0.3   0.3   0.3   0.4   0.4   0.3   0.3   0.3   0.3   0.3   0.3   0.3   0.4   0.3   0.4   0.4   0.3   0.3   0.3   0.3   0.4   0.2   0.2   0.3   0.3   0.4   0.3   0.3   0.2   0.4   0.2   0.3   0.2   0.4   0.3   0.3   0.3   0.2   0.4   0.4   0.3   0.3   0.3   0.4   0.4   0.2   0.3   0.3   0.3   0.4   0.3   0.3   0.2   0.3   0.3   0.2   0.2   0.3   0.3   0.4   0.4   0.3   0.2   0.4   0.3   0.2   0.2   0.3   0.3   0.4   0.3   0.4   0.3   0.4   0.3   0.3   0.4   0.4   0.3   0.3   0.4   0.4   0.3   0.4   0.4   0.2   0.3   0.3   0.3   0.4   0.4   0.3   0.3   0.3   0.3   0.3   0.3   0.3   0.3   0.2   0.3   0.4   0.4   0.2   0.3   0.4   0.2   0.2   0.3   0.2   0.2   0.2   0.3   0.4   0.2   0.3   0.2   0.3   0.4   0.3   0.2   0.4   0.2   0.3   0.4   0.3   0.3   0.2   0.4   0.3   0.3   0.3   0.4   0.2   0.3   0.3   0.4   0.2   0.4   0.2   0.3   0.2   0.3   0.3   0.4   0.2   0.3   0.4   0.3   0.3   0.4   0.3   0.2   0.3   0.4   0.4   0.3   0.2   0.3   0.3   0.3   0.3   0.2   0.4   0.3   0.4   0.3   0.3   0.4   0.2   0.2   0.3   0.2   0.3   0.3   0.3   0.2   0.3   0.3   0.2   0.2   0.2   0.2   0.3   0.3   0.3   0.3   0.3   0.3   0.2   0.2   0.4   0.2   0.3   0.3   0.3   0.2   0.3   0.3   0.4   0.3   0.3   0.3   0.2   0.4   0.2   0.2   0.3   0.4   0.4   0.4   0.2   0.4   0.3   0.4   0.2   0.4   0.3   0.3   0.3   0.3   0.3   0.2   0.4   0.4   0.2   0.2   0.4   0.4   0.3   0.2   0.3   0.3   0.4   0.3   0.2   0.4   0.3   0.4   0.3   0.3   0.3   0.3   0.2   0.3   0.3   0.4   0.3   0.3   0.2   0.3   0.3   0.3   0.3   0.2   0.4   0.4   0.3   0.2   0.4   0.3   0.2   0.3   0.3   0.4   0.3   0.4   0.3   0.3   0.2   0.3   0.2   0.3   0.2   0.3   0.3   0.4   0.4   0.4   0.4   0.3   0.4   0.3   0.4   0.4   0.4   0.2   0.2   0.2   0.3   0.2   0.3   0.3   0.3   0.3   0.2   0.4   0.3   0.2   0.3   0.4   0.4   0.3   0.4   0.3   0.3   0.3   0.3   0.2   0.4   0.4   0.3   0.3   0.4   0.4   0.3   0.2   0.2   0.3   0.4   0.3   0.3   0.3   0.3   0.2   0.3   0.3   0.4   0.2   0.4   0.3   0.4   0.4   0.3   0.3   0.2   0.3   0.2   0.4   0.2   0.3   0.2   0.3   0.4   0.2   0.2   0.3   0.2   0.2   0.3   0.2   0.3   0.2   0.3   0.3   0.2   0.3   0.4   0.3   0.3   0.3   0.3   0.4   0.3   0.3   0.3   0.3   0.3   0.3   0.3   0.4   0.3   0.2   0.3   0.3   0.3   0.3   0.3   0.2   0.2   0.2   0.4   0.4   0.4   0.3   0.3   0.3   0.3   0.4   0.2   0.4   0.2   0.4   0.3   0.2   0.4   0.2   0.2   0.4   0.4   0.2   0.3   0.2   0.3   0.3   0.3   0.3   0.3   0.3   0.4   0.4   0.4   0.4   0.3   0.2   0.2   0.3   0.4   0.4   0.2   0.2   0.4   0.3   0.4   0.4   0.2   0.3   0.3   0.3   0.3   0.3   0.2   0.3   0.3   0.4   0.3   0.3   0.3   0.2   0.3   0.3   0.3   0.3   0.3   0.4   0.3   0.3   0.2   0.3   0.3   0.4   0.4   0.4   0.2   0.2   0.4   0.3   0.3   0.3   0.3   0.4   0.3   0.3   0.2   0.2   0.2   0.4   0.3   0.2   0.4   0.4   0.3   0.4   0.4   0.4   0.4   0.2   0.3   0.3   0.3   0.2   0.2   0.2   0.3   0.3   0.2   0.2   0.3   0.2   0.3   0.3   0.2   0.3   0.3   0.3   0.2   0.4   0.4   0.4   0.4   0.4   0.3   0.2   0.3   0.3   0.3   0.2   0.3   0.3   0.4   0.4   0.2   0.2   0.3   0.4   0.2   0.2   0.3   0.3   0.3   0.2   0.3   0.3   0.3   0.4   0.4   0.2   0.4   0.2   0.3   0.3   0.3   0.3   0.4   0.3   0.2   0.2   0.3   0.3   0.4   0.2   0.3   0.2   0.4   0.3   0.4   0.3   0.3   0.4   0.3   0.3   0.2   0.2   0.4   0.4   0.2   0.2   0.2   0.2   0.2   0.3   0.4   0.2   0.4   0.2   0.3   0.3   0.2   0.3   0.4   0.3   0.4   0.4   0.3   0.3   0.2   0.2   0.3   0.4   0.4   0.2   0.3   0.3   0.3   0.4   0.2   0.2   0.2   0.3   0.4   0.2   0.3   0.2   0.2   0.4   0.3   0.2   0.2   0.4   0.2   0.4   0.3   0.3   0.3   0.3   0.4   0.4   0.3   0.2   0.4   0.3   0.3   0.3   0.3   0.4   0.4   0.2   0.2   0.2   0.2   0.4   0.3   0.2   0.2   0.3   0.2   0.3   0.3   0.3   0.3   0.3   0.3   0.2   0.4   0.2   0.2   0.3   0.4   0.4   0.3   0.3   0.2   0.3   0.4   0.2   0.4   0.4   0.4   0.4   0.3   0.4   0.3   0.3   0.2   0.3   0.4   0.2   0.4   0.2   0.3   0.2   0.4   0.3   0.3   0.2   0.3   0.4   0.4   0.4   0.3   0.4   0.2   0.3   0.3   0.3   0.4   0.2   0.2   0.2   0.4   0.2   0.3   0.4   0.2   0.3   0.3   0.3   0.2   0.4   0.2   0.3   0.3   0.4   0.3   0.4   0.3   0.2   0.4   0.3   0.4   0.4   0.3   0.3   0.2   0.3   0.2   0.4   0.2   0.3   0.3   0.4   0.2   0.4   0.3   0.2   0.3   0.3   0.2   0.2   0.2   0.3   0.3   0.3   0.4   0.2   0.4   0.4   0.2   0.4   0.2   0.3   0.2   0.4   0.4   0.3   0.3   0.4   0.2   0.3   0.3   0.4   0.2   0.3   0.2   0.3   0.3   0.2   0.3   0.3   0.3   0.2   0.2   0.4   0.3   0.4   0.2   0.2   0.2   0.3   0.3   0.3   0.4   0.3   0.3   0.3   0.2   0.3   0.2   0.3   0.3   0.3   0.4   0.3   0.3   0.2   0.3   0.4   0.4   0.3   0.4   0.2   0.3   0.3   0.4   0.4   0.3   0.2   0.3   0.3   0.4   0.3   0.2   0.3   0.3   0.4   0.3   0.3   0.3   0.3   0.3   0.2   0.4   0.2   0.4   0.2   0.3   0.2   0.2   0.2   0.3   0.3   0.3   0.3   0.3   0.4   0.3   0.3   0.2   0.4   0.3   0.3   0.3   0.4   0.4   0.2   0.2   0.3   0.3   0.3   0.2   0.4   0.3   0.3   0.4   0.3   0.3   0.4   0.3   0.4   0.3   0.4   0.4   0.4   0.3   0.4   0.3   0.3   0.3   0.3   0.4   0.3   0.2   0.3   0.3   0.3   0.2   0.4   0.4   0.3   0.2   0.3   0.3   0.2   0.3   0.2   0.3   0.3 
  120    45   145    76   170    35   112   112    26    85   171   162    19   175   102    23   164    33   129   175    30    35    23    58    43   151     8    23   174    57   142   163    11   104     3    82     2    36    90    29    16   123   127   140    54    24   156   117    20    25   131   174    22   172     9    40     3   126    95    46    79   162   148    76    57    15   124    43    64    58    63   108     9    49    73   140    17   168     8   161    63   130   134   113    32   148   120    48   155    83   149    31   129   152   174   138    63    75   173   180    94    45   108   145    13    44   160   152   179    89   180   147    14    75    62   103   135    88    89    71   150   156   126   159   180    59   167   108    73    74   124   129   176   170    69    36   123   132   104   152    98   148    17    24    44    48    96     1    78    19    98   123    82    62    13   170    31     3   133   134   129   159    10    47    54   165    23   175   154    86   179   159   180    11   147    31   155    18   158    48    60   127   159    33    72    82    67    82   126   100   135     6   103     8   127    70    97    68   166   174   104   136    74   171   122    33    24    87    61   111    58    51   141    87   119    95   107     1    89    51    32     4   165   111    58   147    30    95   117    95   104   155   157    10   128    38    62    22    55    71   117    75   153    51    33   172   125   126   151   142    67   143    55    57   109    81   175   167    93     8     2     8   125    60    16   180   108    61    94    10    25   175    64    81   114    97    41   147    41   164    84    61    41    61    65    51     6    43    87   114   173    88   117   121   142   128    65    57   112    39   101    27    99    27   140   161    89    86   156    20   174    62    16   104    23   136     8    39    14   123    39   123   166    97     8    26   127    53     2    75    57    16   159   151     6    41    56    79    68    89    48    72   153    32    10    16    65   172    51   169   132    82    20   177   164   131   107   135   114   156    13    70    84    77   180     8   155    15    44    21   108    80   152     3   123    44   165    44   141    34    43   179   108    63    33   177    90    77   140   105   136    95    72   156    92    43    82   178   109     9   114   143    89    22    22   142   155    70    45    15   105    76   165   162   141   143    59    59    77    31    57    62    27   174   164    45    22    16   111    43    13   108    84   118   168   166   110    43   140   166   167   178   124    67   163   175    61    35    64   172   150    36   170    70   127   144    21   154    22    44     9    33     2   154     3    90    33   178    15   109   137    22    16   147    85   180    18   167    45   133   179   126   147   101    44   113    92   138    28    19   120   103    32   102    79   156   180    24    75   147    80     2    77    57    94   140    91   167   147   180   146   120    97   175   132   179   105   161    44    51   172   121    48   176    35    87   125    18   114    24    74    61    62   142   155   166   165   168    40   155    59   179   135   147   150    51   129    67    36   146    80   157   145    41   176    37   142    44   146    18    90    67    74   145    90   173    93    75   166     8   135   145    20   140   140    50    74    97    87    20   115    12   133    92   166   157   172    88   100    71    98   137   133    37   157   151    76   139   142    61   110    64    13   113    65    45    56    61    84   101   127    56   155   103   151   119   137    52   103    69   174   112    21   110    29   129    40    93   160    99   108   178   169   176   160     1     2    70   118     5    31   103    69    24   151    57     2    85   101    77    58   171   135   151   104    81   103   117     5    25   160    39    22    83    82    23   117    67   134     5    25   101    39    91    71    16   166    60    33   174    66   127    12    95   135    37   148    88    84   109    80    60   179    36    17   152    68    65   100   133    21    73   167    96     3   103     1   169     7    73    44    40    50    51   131   124    83   132   170    52    98    42    14   115    54    56   114   116    47    45   100    46   168   104    58   123    35    59   128    28    65    37    29   150   148    63   148    51    14   149    31   149    45   152    44    16   171    93    39   139     2    68    15    75   173   122    10     3   160    39    55    51    95   145    84   169    47   180   112   129   119   170   177    52    91    92    52    50   109   174    91   110   139    70    52   164    76    65   178    30   124   115    25   165    20    31     5   111   127   125   133    82    12   154   145   109   100   126   138   139   145   118   121    43    47   146   165   107    14   114    71    54   151   121   155    26    17   137    34     2    16    66   141    28    58   152    91    33   115   169   134    45   116     8   162    87    44   142    12   149   129    12   161    79   147    40    38    62   129    54   117   115   150    53   111    29    34    50   143   152    52   123    28    33     2     2   154    72    36    46   134   150   158   142    71   122    96   140   180    89 
   21    56     9   105   176   119    79   134   166    74    27   115    99    66   152   158   158   152    89   136     3    86   117    75   135    42    63   117    10   139    60    14    92    59    99     7    94   163    38   165    87    81   161   137    90    53   127     4   174    67   173   124   165   180    22   172    31    49    91   166   157    52    33   109   136    86   130    22    66    65    63   112   109    84   110    11    45    64    53    33   123   127   134    88    97    85   128   104    44   142    79    15    68    96   115    93   153    95    58    90   143    38   111    86    15    91   158    41   145    36    75    25   149    94    66     6    98   141    67   116    87   116   105    93   122    17   163    60   146   156    65   136    27   153   164   102   178   170   177     6     1   106    91   108   180     6    81    20   179    34   106   117    17    72    21    19   168   130    46   155    47   147    46    72    11    80    45    96    18   105    85   159    51   132    40    10    38   134    84   165   106   164    56    21   144    96    56    62    75   115    25    84   146    25   144    79    75    24    61   170   172    62    15   143    56   112   134    87    82    17   116   105    49    57   159    73   113   117     7   151   102   129    94   113    74   160   144    90    61    36    98   109   138   100    64    58    20    64    29   140     7    40   118    36    28    72    92    43   152    44   138   173    13    20    33    86   103    64   119   179    31   114    43    92   102    21   120    97   150   110   100    50    86   168   102    39   117   156    90    66   127    95   148    18     9    68   137    28    27   136   139    91   173    47    45    69   159    41    85    14    30   149    18    67   120    56     6   131   136   116    75    88    23    65   124   129   178    48    92    70   173   142    15    78    42   139    57   164    55   156   127   171   123    85    59   109   169   123    17    53   177   124   103     7    39   165   130    22   147   111   128   170   160   133   131    27     3    17    29   141   164     6   122    34   156    74   168    87   139   179   106   131   153   114   110    19   156   129    61   121    69   165     8   116     8   126    70   103   179   111   117   115    81   179    14   116   179    77    93    91   119    23   126    69   122   172   156    80   165    82   115   172    77   109    10   141     8    36    49    66   117   169   152   153    96   159    72    86    51    83    81    24   109    91   119   146    11   165   129    59    66   139    33     4   104    37   105   179    80    25    64   155    12   132   180   110   160   145    23   102    47   168    85   150    32    86   143    20   162    18   100   117    16   128    34   156    85   120    87    71   121   112   114    55   157    43    66    38    31    56   120     1   131     9   103   115   155    19    76    34   120    14    27    46    70    47   116   140    14   175    36   101    89   161   174   175    15    31    91    12   118    14   142    72   178    35   153    35   115   148   109    93   167   164   105   102    46   124    78    18    76    51    72     7    87    15   162    68    82    80   114    80   134    75    97    22    35    40    97    58    27   172    67    80    22    39   178   116   104   109    51    41   113   148    10    94   139   102   120    71    31     9   140    14    81    74   100    66   152   130    29   167    51    13   180   159   103   174   121    72   120    13    90     5    30    47    84   140    76    27    18   178    70    62     9   100    60   168    98    60   166   158    86    49    81   172    36   109   155   150    98    76     9   175    98    48   109     2   143    17   144    12    69    19   103   144   159    41   173   112    57    37     6   112    80     8   103   132    61    44   144    79    36   101   101    49    23   136    72   121    40   169    83   157    76    31   107     7    18   119   178    19   143   141    10   160   142   166    71   173    71    30   136   158    23    66   129    61   165     7   177    99    81   180    91   141    20    73   134     6    61     2    32   106   130    74   105    12    28   125    41    74   105    34   110   101   124    43   178   105   146    50    27    11   143    20   129    56    86    37   141   119   148     6    29    38   152    28    38   129     2    86    29   127   117   153   143    46    63    64    47    15    49    53    41    77   120    42    53    19   101   147    87     7   102   104    26    56    78     1    98    80   130   120    91    56   168    34   146    47   104    86   139   147    73    17   170   115   157    48   165   162   142   167   114   135   156   132   159     2   121    13    64    30    57     3   158    42    55    73   174   155    70   156    40    66    53     8    16   101    82   107    98    26    82   112    11   178    18    11   136    41   132    17    57    20    28    80    81    29    12    87   158    44     7    92   112    53   153    22   116   149    42   177    37   121    93   106    40    37   138    88   149   137    17    44    20   135   114   116   146   158   154   161    64   137    29   147   137    25   135    21   153   137   174    26    33   145    72    41 
   43     6   113   158    63   104   107   101    24     2    70   140   161   110   113    78    61   130   131   143    17    49   122   136   102     1   133    71   150   135    28   108    30    92   131   159   104   125    94   149    25   108   137   116    18    67    93    50    34    85    64    57    20    97   137    66    66     3    25    75    34   126   172   126   162    39   101    21   148    72    88    26    30   125   153    96   123    25   173   109    37    99   141    81    38     9    54   129   112   169    95    44   140   110   153    95   178   136    54     6   131     6    64   114   105    59    21    64   142   112   171    44   164   175    64    71    45    73   146    83    23    99     9    84    39    31   171    33   154   134   178   179   158     9   108   156    74   106    61    13   113    86   145    85   151   166   171    14    49     6     7   120   114   153   159   153   105   147   133    31   116   175    54    46   143   177    62   128   177    43    73    50    38    15   123    63    99    12    23    23    67    22    53    92    95   134    20   113   115     8    35    92    56    83   159    64    37   113   111    12     3   138    67   169    48    17    20    56    95    11    58   109    69   172    28    49   159    90   101   115    38   179   103     6    37    10   125    12    61   110    24     4    17    21    68    78    28   125    99   175   104   103    93    43    16    17    55    16    15   137     5   115    60   148    70     8   132    39   126    42    32    75    38    54   117   169   157   157    49    59     4   175    66    88   159   112    94   124   112    55     4   101   115    68     1    50   123   140    20   152     2   112   126   178     3    96    45   167     4    11    18   158   133   166    17   134    61     9   129   162   151   114    43   168   172   131    47    45   164    74    94    86   110    67    43   126    67     4   160    67   162   110    38   100   124   178     5     9    36    36   119    74    67    30   114    58   156    35     4    89   165    56   135    83    78   176    56   120    30    30   102   179    75    62     2   139    32     1   104    85    10    65   120    69   127   103   121   154    36     5    93   123    57    71    16   124    87    99    44    35    64    24    68    20    48   129     2    38   132    40   115   159   125    71   154    83   106    62   148    55   119   139    10   142   126   154   105    41    28    96   110    37   178   103   175    45    46    70    50   142   160    74   120   155    51    15    31   175   168   122   147   140    22     8     8   116   153   146    85   167   166    36   147   140     1    41   158   131   132   162   152    14    53    48    91    79    76    46   112   112    42     7   116   145    21   121   123    57    78   156    34   128    61    29    62    35    95    74    40   169    65    45   106     2   120   168   111   134    82   177     1    22   123   109    35    26   110    77   164    20    63     7    94    91   149    98    72   131   163   166    35    56   169    37   164   147   112    72   129   155   155    99    49   152    30    71    15    34   128    71     6   106   151   132   120   123   112   149   126    42    47   142   138   107     5   105   116   152    84    43   128   143    21    12     6   107    29    47    42   133    62   150   121   160    13    75   100    12    40    76    81   151   171    61     6   151    34   176   154    90    38    10    64    82   154    83    78    76    95   172    65    46    30     5    72    63    46   139   103    57     8    83    73    71   165    12    49    17    23    59    40   125   168   142    49   119    12    57   141   102    11   156    67   166    81   139    22   150    45   172     4    10    25    16    21   173    42   120    29   147   159   104   155    11    60    75    38   155    80   117   140    65   150   118    27    28   122   121   140    89    18    19    24   136     5   159   173   162   119    61    31   156   170   107   159   133    71   157   166    28     6   100   164   173   121   102    69   159    11   149   103   124   163   116    35    28    18   100   135   123    57    40    94   154   172   153   179    98    19   118    98   168   153    86    51   120    92   127    43   146    40    25   104   124    13     6   135   111   134   137    90    43   158    14    89     9   170    27   141     9   156    56    84     2   129    85   135   122   180   103   156    12     2    18   144   162    23    91    12    79   115    58    26   109    31   131   133    12    45   138   146    15   165   144     3    58   150     7     1     8    64     4    39    40    74   168    52    37   169    42   179   117     2    75   161   110   103   175    70    93   162   165   127    41   108    85    82   146   154   145    57    65    91    74    57   170    26    48    60   171   156   150    70    40   156    96   170     7   145    41   104   148     9    20   101    97    56    95    28    46    48    93    91     9   160    31    95   128     9   148    93    62   118    79    20    56   106    45    18    36   149   179    56    54   115   104   121   158    24   125   156   142    42   176   123    41    20    73    55    63    54     5    18    11   131    21   146   128    21    18 
   61    26    65    11   110   151    87    47   163    78    21     8    25    28    89    22   149   144    61    84   100    36    39     6    79    72    57    75    53    97    54    62     8    92   163    69   113   132   139    45   116    61    98   132    68    69   110    95    91   137    96    39   130   142   123    94    90    39    78    44     8   137   120    39    47   105   165   106    62   178   169    18    72     3   178     6     9   164   135    94   153    83   131   112   137    23   149    77   157   136   148    20    38   174    43    80   111     6   146    90    89    77   140    42   123   109    18   144    40     9    13    31   148    67    27   180     7     4   159     8    28   162   147    70    42    72   176   173    25    43   101     6   136    26    94   163   115    23    24    74   135    82    83    92   108    11    99    35   167    73    97    99    52     5    53   170    97   115    12   127    52   147   115    33    45   120    80   118   172   126   127   121    45    50    78   171     2    77    73    11    28   151    59   101    82    95    14   113    10   127   154    81   144   170   118   174    70   173    71    48   120   116    18    90   110    68   100    58    57     3   166    93   141   178    11   176    98   114   105    27    41    11   134    99    37   103   135   156   123    74    87   165   122    73    25    46    90   120   108    91    91    85    65     2    40     2   136    41    64   110    73    68    60   147    38    92   130   107   174    10    14   166   118   106   100    13    76    73   164   135   158    61    68   147   167    24   153    43    30   158     6    84   152    66   105   150   105    95    37   154    73   160   179    85    25    86     9     9    87    64   159    56   156   146   123    70    11   112    51    77    56   147    42     2   149     2    90   107    14   165    21   105   175     2    35   131   123    83    46     1     5    86   136    89   150   132   101    16   156    26   175   109    97    46   159    95     9    17    59   104   171   162   176    69    64    96    38    12   165   161   107   132     5   141    45   140    62   170     5    85     5   137   177    35    15   104    60    70    52   100   114    67   152    56   179   123   137   133    17    22    59    19    72    61   137    47    12   120   134    39   176    43   155    95    18    77   145   169   130   120   122   142    29   125    47   151    39    72    46   156    64    43    37    80    87   123     9    44    66   157    81    79   169   138   137   121   111   145   140   153    29    20    79   142    21   164   102    95    15   169    48    11   166   143   137   151   156   122   148   116    68   143    67   126     1    57   125   162    25   180    49    66   162   127   171   166    14    96   134   139    13   150   159   175    16    99   130   143    18     8    68    41    71    44    27   157   124   103    85    69    93    41    48     7   120     7     8   148   122    95    81   125   118   153     3    71    89   112    68   114    84    71    41   170   112   144    60   113    12    51   153   105    64    56    32    66    74   149    55     6    44    94   170   101    81    79   144    69    53    47    12   138   112   178   128   155    44    75   107    97    78   108   179    10   120     5   138   158    51   165   100    87    50   115   153    68    66    52   119   171    64    56   141   166    75    26     4    39   111    43    58    27   157   175   180    28   131    40    73   178    82    94    32    32   126    14    24    71    62   113    94   114    47    11    50    57   118    87    37    65    95   176    59    22    41    65   110   168    71    64    57   106    16   127   125    58   122    86    96    27    43   177   150   122   163    80   135    22   160    87   124    71   177    34    95    46    82   146    41    66    54    18    49    81   126   165    35    84    22   173    81   167     3   178   117   166    70    49    16   131     5   106   107   104   106   159    23   159   104     6   105   124    73    94    86   164   174    22   164   124    44    31    73    70   117   101    81    18   142   135    80   151    90   165    18    10    20     2    50    52   174    12   149    59   139   107   115   142    25   169   121   145   150    99    66   126    45    16    90    88    65   150   126    24   168    47   134    29   140    78    54   125    59    68    39   149   117   166   104   115   133   138    65    39   115   150    35    65   176   140   175    57   128   158    60   138    96   108   170     9    61   175   119   176     7   137    44    79   152   170    50    75   155    50    90   168    22    38    98    51   127    69    17   140    63    13   166    31   104    92    45    77   178   133    97    52     5    47   100   159    31   114     7   119   168   147    13   145   170     6   122    30    75    86   176   116    12   113    70    65   168    76    95    15   120    50    68    51    56    68   177   155   160     1    27     8   128   106    22    97    89    18    66    71   156    88    39   148    19    68   171    43    54    50    86   117    33   118   142     3    67    85   123    97    33   157   111   133   108    56    12    77   128    56   150    90   107    32    81    53 
   36    71   113   161    54    15    62   116    43   137    62   128    41    25   166    10   150    37   155    96   127    73   111    88   179    39    46   172   119   177    55   104    70   127    37    87    73   169    43    35    69   114   124   138    79    20    59    91    84   123   123    81    57    25     5    26    17    45   107    70    77   169    89    58    57    69   139    83    66   165   151   105    42   143    90    39   124   145    43    57    92    62    64    47    59    30    27     3   112    76    19     6    29    32    21   107    18    52   135   161    59   100     4    58    50     4    22   138    84    13   111   129   105   122    60     7   155    87   150   117    76    60   178    39    54    19    93   113   124    68    72    51   167   150   118   144   162   128   151    32   120    26     2    77    16    78    98   155   156     9    47   125    23    86     3   146   132   177   178    70    82   128    67    69    66    64    53   129   125   134   167    62    57   113     7   162    46    76    42   149   154   152   160    22    81   169   168   163    26   155    28    71   103    83    57    26   148   131    77    67    50    59   131   168   108   118    70   130   113   167    98    10    74   104    71    13    17   116   138    24   168    56    62   151    54    35   102   154   160    23    63    74   162   169   143    88   159   178    83   138    75    69    31    11    69   156   115    10   142   123   154    68   161    76    82   135    52     6    20   105   148   153    62   178   135    64    60    55   175    56   137   134   162    51     3    76   119    95   146    56    88    78    19    52    69    45   129   105    84    39    36   180   121   147   128    42    40    69   169   128    42    48    86    22    98    59    39   135    85    93    33    52   156   179   148   141    48   156    82    47    25    25    22   116   171   167    73    73    25    58   124   114   102    81   167   161   139    69    69    81    50    90    88    39    44   112    39    13   127   140   128    27   141   113    85    67   163    81   164    11   159    50    77   139   125    82   100    67     5   119   126    13    60    29    48   110    83   148    82    78   176    82     6    78   103    69    75    72   135    14   150   152   122    32    12    24   152   132    77   155   127    79    16    99    33   155   150   168   101    15    78    59   126    43    30   134    44    15   149     4    19    89   173    20    93   172   150     4    49   162    62   151   161     1    40    46   177   139    36    31    18    39    81     7    58    59     6    88    66    91    49   150    11    49    27    61    21    48    35   158   141    30   180   147   176   139    80    67    37   157    51    86   130   143    40    56   161    40   142    60   147    80   123    39   110    85   113    41   134    93     8   129    18   118   171   141   134    75   159    31   151   178    77    98    24    62   171   125    77    10    22   147    73   152    72   134    45   143    92   101    92   153    99    24    34   142    56   155    83     4   163    70    33   135    86    37   134   145   172    91    53    70   124   119    97   177     6    10   132   100   143    11    98   143    49    93    10   147    84   132    16   104    62   108   149    55   101   144    29   125    86   123   146    22    43   106     7   156    25    90   166    68    42    20    15    43     9   159   128   175    83    64     1    21    16   135   159    11   137     6    61    40   172    60    86    26    81    78   162   122   121    18   144   126    26    35   145   104   159    72    60    27    38    41    84    36   113   180     6   136   167    38    18   154   127    46    38    90   121   140    96    36   156    92    75     9   142    60    55    81   168   162    73    28    31   152   132   157    13   140    24    26   118   168    65   121     5    81    47    33   166    80    51    53   147   148    36    13    39   160    89    53    23    51    78   151    11   133   121     8    62   130    79    77   148   153   163    85    59    64    55    52    38    27   112    18   126    67   113    32     1   101   173   173    45   140    82   169   165    55   150    52    79    24    54    93    26     9    34    94   173     3   108    73     1   169    12   148   160   116    84   177    16    73    15   100    65    44    50   132   132   143   175   139    97   146   145    90    74    65    14     6   178   166   119   146   101   121    65   134   144    55    79   165    48    58    70    29   126    59   132   174    22    71   107    68     7   140    75     9     8   128    25    90    70   138    22    40    90    17    45    98    58   143   137   169   155   146    17   155    33   151   121    47     7   118   165    36    60   123   133   135   156   116   178    36    48    47   144   128   138   138   114   138   175    76    42    63    10   123    68    51    30    59   111    50   119   112    28    58     4    92   124   103    96   119   117    80    57   141   117    89    20    37    76    61   162    86    98   114    89    69   171   175    24   138    64    16   142    50    30    78   126     6    81    70    91    87   121   153    82   127    99   104   155    44    81    80     2   107 
   42   146   139    60   125    39   180   129    11    89   175    99   116    92   136   177   109    10    44   121    21    18   105   106   143    38    58   118   159    49    16    67   148   111   179   173    38   161   121   154    31   120   168    63    15    72    98   165    76   169   120   123   155     3    96    32    59   129   169    61   168    74   119     2    93    97   117   167    51    67     9   172    95     2   112    22     4   121   121    87    30   155    47   170    87   117    36   120    96    67    75   145    74    82    77   145    63   113    67   138   113    39    26    19    83    20    10   149    81    76   157   138     4   166   105    15     4   113   112   110    46   159    25   154    72    65   113    39   103    77    51    43     1    99    54    10   108    22   171    74    19   104   141   173   139   119   175   167   157    97    31   153    30    84   147    14    10    78    29    40    13    24    77    60    64    60    99   106    77   134    85    87   139    86    21    46   122   147    28   179     9    22    96    13   107    36    15    42   167    12   156     4    35    31   179    30   118    47   169    40    54   143   118    90   124   127   114    39    17   102    33   175   103    68    39   120   172    22   168   150     9   120    55    88   174   155   104    31   133    52    96    72    72    64    77    84    51    31    92    21    63    47   104   150    38   110     1    97    48    96   160    26    77    49   177   161    61    48   161    41    33   138   175    31   136   178    76   152    23    41    38   121    67    35    63   168   122   101    23     7   154   137    88   157    34   174    23   102   114   157    69   170    41    79    38   127   133     6    43   117   160   154    52    27    74    99   154   171   152    15    80    51   135   115    66   135    27    10    44    32    64   111    90   126   128   101   147    40    63    35   103    81   119     4   108   167   101   132     1    83    79   178   165   127    23   125    86    72   134    76   120    14    23    34   141   132   145    36    63    81   106     8    48   176   124   157    65   134   157    71   113    32   170   159   127    16    77     2   153    19    55     1   149   147     7   134   141    53    97   129    27     1   110   163   129   147    56    16   101   146    62    56    91     9    71    91    18    42    69    80    46    44    59   147    92    71   151    98    71   153   157   107   130   141    64   115    15    97    52    60    62    33    49   146    77    12    76   134    92    88    28   166    83    26   122    84    93   177   104   122   129     4   171    53    86   122   110   101   145    90    53   160   178    97    85   171    79    31    17    92    74   107    59    39   149   140   162    98   101   167   151     1   149    22    79    54    38   118   115    82   141   133    40   145    15    11     6    24   106     7    78   170    95    80   129   128    68   151   131    43    87    26   150   111    38   146     8   160    43    67   149   105    91    67   136    65   108   109    12   118   109    57   106   158   164   114   171    16   124    41   139   171   119   131   168    73    58   122   127    13   143   127   127   155   172   170     8   166    60     4   101   170    81    79   119   106   171   174    28    78    22   105   114    11    32   120   179     9    48   119   165   171    59   109   102   132    11   168   105    35    87    37   124    34   169   157    69    58    86    79   126     4    82   137    18   119    58   135   172   100   159     3    68    16   142    94    34   178   122   113    89     3   120   119    14   152   125   124    84    29    25    26    48    57   158   111   147    76    29   170   106     3   137   175   104    68    81   130   154   126    16   139     2    51   172   180   172    91   160   105    27    19   100   132   102   102    32   156    52   133   170    28     5    67   118    87   178    90    21   143    78    42   151   152    62    77    76   154    54    13    43    79    10    41   141   177    28   171    92    86    35    74    89    67    65   160    39    66   161   102   119    92    49    36    74     3   112    89    98    47    57    36   145    98    41     6   134    36    91    36     5    88    80    10   158     3   175    47    66    54    17   112   135    94   176    85   143   128    19   146    39    24    86    66    71   145   149    17    36   114    26     4   118    68   139   103    77    75    74    73     2     5   174    98   155   105   132   138    37   178    97    65     9   123    99    79    65   155   128    80   180   131   137    28   149   180   155    19    11    33    89   159    74   176   178    49   154    78     4   148    42    46    94   170    50   143    79    78    37    87   151    19   177    63   107    18    30    47   148    42   137   138   153   102    27    66    39    96     9   105   158    82   129   116   157    52    85   176   141    58    47   179    71    69     9   141    88    80   160   145   148   124   130    95   110    20     4   149    29   154   112    25   165    75   124    20   130     5    61    31    16    57     3    81   161    77   167    63   136   143   170    70     2    60    57   129    89    98     8     7 
   31   154    32    95    11    49   110   169    20   162     8   157    73   162    66   112    78   157     4   103   112    70    85    13   121    24   178    24     8    49    22    63   120   144   145    65   134     1    70    96   177   177    18   137   101   176    58   132   165    48   105    24    75    18   170   161    19    58   168   178    20     6   173    13    68   171   123   155   148   173    98    43    43    61     4    94   104     8   124   157   112    26    43   100   175    83   159    10    92    66    84    78   118   103   110    73    76   120     8    98    84    20    10    65     9    33    20    98    54    22    54   145   147    55   156   134   103   164    66   158   158    81     2    96     3    50   153   130    42   177   125   124   143   106   132    57    71    72   100   110    99   164   173    75   173   115   105    18     9    62   150    44   169   119   173    52    78   112   126   173    43     2   178    34    29    45    48    21    35    38   142    14   127    27    12    46   106    12   174    25   157    73   127   125    83   137     2     7   164    58    40   155    34    70   139     4    56    40   108   105    37    61   120    86   116     9   160    87   122    73   145    31    90   110   121    34     2    72    62    49   124   105     6   130   147    64   146    44    96   160   157   154    10    84   147    94   103   122    85    42   161   144    78   148    55    80    65   157    12   174   151    85    45    59     9   103   114    79    50   174    91     6    26    92   105   135    70    23    30    74    43   101    32    55   116    83    94    50    43    40    43    59    26    37   127    24    35    92   167    76    39    52    15    48    62   122    95   157    25    41   108     8    13    93   106    34   122    14   155    26    14    17     7   174    75    23    55    64   176    17   125     2    25    61    30   170   101   152    13    94   145   121    44    90    72   141   170   116   133    98   130   121    16   111    43    65    23    91   162   180    52   105    70    56    64    96    72    77   152    98    21   129   170   118   172   125    95    18   126   163   104    23   141   136   110    39    60   144   136    53   120   177   135    27   111   154    86     7    52   118   146     1    59   164    52    13    66   110    70    17   170    52    38   100    29    94   129   158   167   131    83    95    82   120   161    82     1     1    30    88   143   101   129   140    30   165    25     6   162    43   116   111    74    96    43     4   122   161     7   175    77    20    22     6   130   121   126   141   129    97   157    76   159   161   161   102    26   168   123    38    30   161    64    98    39    25    72   177    69    69   149    63    89   112    44    78   123    19    81    28   177   126   138     4    28    55    21   122    40    20    81    24    97     4   105    13    22     4    41   132    41   128    26   111    46   124   151   164   105    18    68    92    75   146    41   161    57    35    95    39    66    71    90    93    26   142    94   129    53    62   115   169   161    62    27   110    52   142    32   168    73    65   113   179    46    74   147   109    55     1    67   166    61    70   119     7    83   155   177   174   113    18   112    49   179    60    65   174    47   172    73   174    14    85    98    29   116   109   134   175   153   118   175   149   142   146    68   124   101    95    40    55    35    81    30   104     8   126     6    82   121   102    97   136    42   158    34    87     5    38   147   108    32    43    34    34    88     4   166    32   145    63    81    12    89   169    37    71    60     4   176    99   157    12    88   178    44    84    65   132    14    31    11    26    43    70    19    85    10    21   176   158     3     8    84   111    29    83   148    49    62    58   112   147   170    17    54   154    75   116   179    19   112    79    89   153    55    88   122    44   126     1   120     7    94    94    19   107    19    60    99   155   165   152    48    35     5    35   142   175    77   176   123   151    44   134   107    92    83    77   123    37   146   102   139   150    54   179    41   109   120    15   114   116    63   165    48     8   131   150   180    10    88     5   151   122    77    71   154   162   113    22   155    73   124   144   134   167   177    89   117   119    95     8    56   127    86    25   177   178    87   154   111   109    57    65    27    35   172   176    52   159   163   118   151    27    31   106    45     1    82   106   103   159   124    64    27   153   162    75   139   122   117    49   124     9    50    52    68   144   180   156    78    76    94   168   143   165    27    61    81     9    42   145   143    47   154   156    92   145   154    69   172    35   106   130    66   125   154   158    80    68    55    65   119   169    68   144   111   147    65    89   155   123   176   120   158    37   142   151   117    81    37    14   141   154    89    90   102    20   145    91     9    54    29    16    72    67   173    34    26     1    10   129   140    75   178   101    67    84   153    61   105    25   171    69   172   139    35    87    91   178   101   110    44    74    62   103   101    29 
   94    47    70    46    19   170    24    40   130   149   106     7   127   152     1    20   120   114   150   105    89   170   151    67    85    94    18    86    14    59   156    77   103    84     1   159   126   123    18   159    65    54   150    42    73    88    30    53   157   115   154   107   172   116   159    61     3   114   166    81     6   171    44    49    80    48   153    57    98   113   145    18    82    23   124    67   176   148    74    36   141   178    85   159   172    76    51   128   147   103   144    11   157    38    30    95    90    94   134    95    84    81   132   115    21    40     5    15    32   124    67    77   167   134   163   179    68   172    22    86   168   124    59   136   157   105   100    56    74   103    42   158    89    54   164    21    92     3   116    90   121    86    93    14    77    99   151   116    66   104   170   175    56    28   122   100   109    32    65     1   179   163     5    51    75   133   115    86   150    33   134   172    66   146    35    55   163     3   144   148    66   120   177    11    26    81     8    98    17    19   163    35    48   152    66    98   158    51   153    53   157    72    75    29    16   123    99    65    57   148   175   105    76   161    39   118    27    69   145   127    53   102   178   132     2   154   127    58   143   168    22   162    53   157   180    27    61   163    10    68   170    36   162   125   138   109   108    94    21   161   120    83    77    76   150     2   100    49   164    44   166    48   154   135     9    73     5    44    88    47    21   148   157   105   113   154   176   169    24   100    93   168    66     3     9    99    67    96   118   119   108   147    88   104    30    48   113   127   112   128    11    84    21   164    53    28   112    52   146    94     8     5    17    88    25   153   144    42    25   101    18    92   158   144   170    47    34   107    37    92    45   138   169    66    76    70   124   124   136   124    73    52    17   161   159    30    20    72    48   143    61    74    75    79    49    71    92   151   151   137   175   153    29   102   154    38    36    70   128    58   106   114    49   122    36    60    69   178   107    58    16    21    51   128   147    79    97    65   156   143    78    14    56    56    23    79    98   135   157    89    80    84    43   129   113    90    14   178    14   166    22   108     6    91    28    30   156    90    45    72   125    47    18     3     7   130    10   164    41   165    14   156    86   108    15   116   127    92   149     9   165    40    97   154    67    21   103     6   165   162    74    91    95   176    19    60   126   130   104   164    96   121   170   135    88    81   136   151   139    60   120    30    53    12   158    78    71    65    73   147   113    44    97   119   150     8     1    41    47    73   177    70   156    92   122   153   170    25   153    22   144   161   154    13   118    32    10    56   141    56   175    82    77    14    99   150    15   126    42    38    55    73   160    76   106   145   157   150   111   175   122   134   150    41    81   104    10   150   149    17    48   111    64    21   175    95    67    95   127   176   128   105   103   115    22   116   162    73   170    96    70   128    18   101   145   149   129   168    83   158    18   106    36   117   130   133    45    63   128   161   130   179    10   142   135    66   122   137   112    13    77    78    20    76   168   155    55    14   129    90   166    74   101    60    24    79   171   165   144   107   104   127   168     4   157   159   143    94    27   168    46    25    28    67    92     9    93    26   166    59    11    41    88    35    62    66    35     9   159    83   173     3   153   127    43   108    91    44    91    81   102   101   105    40   167   179   144   107   161    76    27     4   106    12   179   122    17   155    94    56    46   138    46    75    19    81    77    79    95   129   100   109    33    97   111    48   128     5   170   155   133    60    27    86    88    98   112     2   165   104    88    31   139   168    99   102   113    23    71    70   166   166    74    46    34   155    41   111     4    46   120   105    77    91   172     4    78   150    33   163   120    81    64    76   139    19    88    90    86   166   180   161   117   121    59   158   108    14    60   100   155   142    24    14   143   133    79    66   154   115    51   101   166    10    61    13   113   138   102   107     4    95    75   116    67    98   113    68   121    45    11    77    92    39    83   115     8   142    59   106    24   175    40    95   113   105    31     4   134    19    75    40   117   111    90    17    30     1   112    23    47   136   161   139   135   159    93    54   113   106   142    24     4    73   121   140    71   152   139    13    69    55    58    70    47    14    35    53   129   169   113    77    87   127    93    56     3   115   118    93   138   162   105    18    38   142    56   171    52   179     6    77    16    11    67    83   138   135   178    13    95   125    46   169   168   178    16    20    69    29   110    46   105    34    82   123   139    55    47    49    80    53   151    19    86    31   167   155    99   128 
   66    56   140   167   152   108   168    13   143   128    70   139   139   154   111   121    48     6    89    70    83    81    13   165    60    40   153   104   177    58    69   154    78    64    29   116    89    12    92    39    92    92    56    84    88   141    45   115     9    87   156    85    57    46    44   136   134   151    57    34   143    28    98     1    53    72   127   151    71    53   160    60   156    27    82   126    63    75    16    34   144   100     5    51    92    60    95    86    28   119    71   126    83    43    68     8    34   144    86   178    29    60   110   120   176    32    89   167    76   137    53    27   112   176    96   174    82    38   104     7    95   126   166   172   143    97    22   147   165    95   148   142    77    27   111    50   104    81   146   175    98     9    40    29    58    80   168   145    19    63    13    69    47    43   107   144    40    47    82    36   175     9    37    64    85    77    14   100   158   178   141   115   166    38    77   139    59   103    58    46    81   158    15   162    77    28    73     4    76   113   163    59    88    42     2   162   104   147    86    58    63    51   126   160    96    33   167    62   140   136    44   166    19    33   126   166   169    16    53   164   179    12    55   167    57   121   157   107   151   129    72   142    70   126   154   125   175    89    30   173    84    86   138   111   173     9    77    80    46   168   135    47    48    73    51   124   134    12   148     5   147    24   127   179   156    41   115    36    79    58   117    15    68   154    44    67    57   117    15    98    27   128    26    12    55   126    10    95    55   106   139   141    43   142   124    25    70   149     3   177    23   170   103   125    78    87    99    57   138    44   135    65   170    25     9    98    18   162   127   168   152   156    42    38   154   177    19    53   105    15   129   143   117    32   116    14   150   102   101    32    59   132   126    25    94   105    71    48   118     5   116    25   160    93    11    31   158   104    31   169    53    32   164    62    47    35   176   146    22   114    61   141   146    96    49   147    48   169    33   157    58   148   137     4    14   172    10    74    11     6    28   114   135   144    67    19   107   107   105    14    23    92    91    18    81   177   140    14   164    50    69   132    59    10   171    71    83   116   153    44    98   170   114    40   115    98    36   159   173   125   101   154   133   165    29   141   116    81    21     4   177   131   115   117    63   119   126    69    18   129   173    84   126   128    32     7   102   160   164    10    90    65    32   107   149   160    32    13    17    30    30    99    76   161   147   161    15   148   100     2    83     9   176   141   144    44   170   155     9    95    26    72   131   137   145   104    32   122   103    86   118   102    83   169   157    21    46     4   131    31     1    73    62    79    84   129    81    65   107   123    92    18    79    99    17    32   129   131    94    28   136     9    70     9   135    25   111   175    61    75   169    58   132    12   145   160    13    53    22   160    95   100   127    17     5    69   142     6   108    16   109     9   128   173    46   132   155   153   113   105   151   168    22   141    89   123   123    55   128    95    51    27   110    88    62   119   134   104    87   111    30     6   131    79    65   102   173    74    11    51    35     1    81    85    34   149    86    62    82   168    67    58     5   140    91    27   159   125    61   152   160    88   133    11   111    58    75   179    18   162    93    76    83    92   174    34     7    38   148   174    47    24    35   159    34    41    26   166    14   120   111   160    79   142   152   119   163    91   161   175   147    28     8     3    68   140    56   165   143   116    19    73    95   170    44    86    96   180   155    90   134   117   120    21   119   127    45    11    24   112   140    32    21   146    86    60   105     9   105    15   123   124   156   137     6    20    48    37   142   158    24    66    25    96    76    45    34   150   113   169   167    13     2    84    79    92   117    87    36    88    50   125   176    41   135   144   159    33    48   113   161    49    37    84   121    57     6    63    62   175   132    71   158    81    81   172   180    23   150   103    25    31   121   124    94   179   154   176    43   139    63    96   162   146   141   144    99    60     6    20   117    42   127    95    89    25   113    99   115    15    29    30   100   134   156   121   112   125   130   136    82   149    98    19    92    66   113    32    17    73   158   174    24   149    33   125    45     5    99    50    51    15    76    39    83    55   149    15    49    79   153   142   166   103    96     3    52   180   142   153    44    38   104    31    96   152    80    29   139   108    47    15    57   137    28   171     3   164    92   166   121   127    65     9    36    59   141    39   131    19    94    72    26    87    37    70    25    98   171    87   116    26    32   162    73   114    48    67    25   106    55    40    39   154    94    95   179    80     4   140 
   78    64    60     7    56   134   112    11    68   137    67    65    72     4    12     7    86    27    18    64    10   112    52   139    40   100   146   137    25    13     3   120    62     1    23   156    32    69    83   169   121   141    43   159    17   168    27   170   140    80   108    28   101   176    20    87     5    36   144    35     5   170   147    40    57   155   126   164    61   114    66    75   113   153     9   144   108   168    33   176    79    96    12   155   144    79   115   107   116    26    99    73     4    30     1   108   124    90   139   151   134   161    26    30    12    63   103   121    57    21    93    19   105    84    82   116   116     6   146    97    88    74    65     7   123    10   159    68   176    27    22    78    84    32   154    47    61    60   108    37    31   167     4   123   130    28   102   164    40    27     6    25    97   132    97   121    87   158     7   147    50    51    93   114   130   138    17    50   110    58    10   126   157    51    83     8   132   111    92   171    75    76   117   154    53    27    46    85   126     6    47   116    19   136    15    88    85   179   144    12    38    83   170   128   152    85     2   168    33     7    30   130    10     8    41   109    86    81    64   132    33    39    77    84   128   114   119   125   125    89   118    23   150   105   176   104     1    63    79   152     2    15     5    66    49   153     9   156    83   144    25    76   159   132    25    53    65    83    15   124    18   115   144   117   177    32   132    77   129    24    28    73    83    95   158    15    17    76   124   127   103   134    69    29    95    26   155   113   129    68    30    13   157    23    26   133    87    55   156    93    13    31   125   144    14   118   124    80   137    38    49    41   146    17   159    88    73   179    82    40   126   129    77   133   111    16     8    71   129    78   146   129    29   150    45     9    76    58    75   100   124    20   121    31    41   140    41   108    42     3    22   139    69    61    48    19    18    58    25    90    68    37   124    74    86    21   144    59    53    20   121   117   172   160    10    37    96   101    73    78     9    23     9    70    57    41   100   134    54    17   151    80    84   147    70    74    52   117   133    38   137   137   172    17   178    27    44   151    22   146   100    89   170   143   141    47   162     4   120    69    26   175   166   124    26     1    69    76   112   131   170   169    57     3   137    68    41    90     4    71    38    18   161    15    33    87    54     4    62    42    55   153   169    11    64   120    42    68     4   126    34   111    47    80    93    17    99   124    59    52    59    57    32     3   145    25    18    64    10    93    31   172   143   161   119   113    73   136   127    44   114   145    25    54   101    58   135   175   138    11   130   140   169   136    67    73    37    56   112    33    81   114   135   131    30    35   135   144     2    45   154    12   114   161   174    78   167   118   169   179   115   153    60    96    34    34    14    63   154   130    52   154   115    72    18    10    43    15     5   165    77   180   103    75   161   123    11     4   162    58    94   122    20   147   130    47    99    90    42    60    74    99   150    61    69   104   161    52   112    40    97    85    34    76   160   150   120   179    31   140    72    51    73    66   111    95   104    15   167    39    40    14    79   140    56    32    37    91   102   113   165   163    36    43    70   100   165    72    71   148   173     9    33    48   169    58    93    71   141    78   126   169   152    32   160    55    49    47    15    56    43   176   106   175    15    59    99    57   139     3     1    46   145    63    14   170   151   106   137    70     1     9   147    22    46    25    99   120    80   144     3   116   151    84   127   164    31    14     4    69   177     7    89    96    47    20    31   155   164   131    15    27    16    83    60    11    44   118     3   120    27   141    27   168     8    23    44   173   111    55    83   128   167   172   139   141   175   128   157    51   137    13    47   165     2    74    66   128    35    81    37    49   165    91   152   178    11    30    62   110   131     9    73   134   125   122    84   135   137    17   174    49    54    59    39    81    73   152    65   175    75    99    27     2   120    83    45   147    47    66    42   178   157    78   105    38   113   158    59    80   135   177   101    10    60   152   126    35   113     1   165   154   118    12   164    47    37   161    58    58    41    56   125   105   132    65   137    26    57   175    28    75    43   165   127    22     7    20    43    67    60   124    38    31   150   160   108   131   100     6    31     5   168   100    73    60   168   159   148   147    90    44    14    84   144   147    50    89   147   105   157    91   132    88   130     3   169    60   139   136   165   115    65   170   112    96   144   143    27   172   101    85    22   132    38    28    77    89   158   122    25   121    48   112    61    99   144   117    10   127   171    27   146   171   105    77    45     8    72    80 
  147    86   128    40   175   131    79   145   157   116   168    34   132   160   113    17   165   117   111   108    21    79    30    75   125   160    67   164   127    70   139     5   178    34   113    41   143     7   152   109    77   162    41    72    73    58   164   159   106    23   166   128    17    13    98   179    93   174    14    51    80    52    23    31    78    27    16   133    74   173   147   163    98    93   172   168    83   115   114   129    93    38   152    41    57    45   166   173   106   113    35    45   155    71   119   100   153    51    68   176   169   143    54   129    77    56   114   126   153   166    80   141   175   150   147   119    39   128    97   108    41    56   170    46    10   131     6   168   102   142    54    55    64    67    19   116   133   125     5   105    20    61    84   120    46    78    64   151   107   139    36   136    29    98    28   115   126    69     5    10    49   116    25    26    18    36   109   102   153   123    87   141    82    88    59    41    42    91   173    59   115     7   175    75    15   147   147   106    84    93    14     1    10   152    20    61    66    42    50    13    40    31   128   138    35   176   135    69   122    78    96   166    84     6   163    97    92   119   124   105    42   178   138    22   133    54    27    18    91   116    45   112   120   134    25    33    49   119    87   164    79    51   148   143   137     5   108    10    42    95    55   126   142   128     5    96   158   105   125    98    99    78   146    44    11    70    51    35    86    99   138    91   110    32   123   170   125    46   137    99   166   151   137    22    15   132    84   135    98   108   108   111   177   142    66    36   165   135   140   168    78   139   176   150   155     3    73    27    85    71   148   136   101     2    48   159   119    63   150    52    75    50    27     4   110    23   123   116   143   130   166    48    95    12    26   175   166     2   173   104    51    89   180    32   151   101    97   135    84   147    86   170   159    69   108    53    25   153    63   139   179     9    86    96   156   173    63    76   135     9    78    87    45    87    44    71    20   106     4   167    59    87    11   133     4    31     6    82    56    22    53   103   148    95   164    69     6   104    33    14     3   179   130   166    54    94    16    46     6   133    42   137    54    89   139    37    18   175    14    87    19    11   112   175   132    79   136    15    32   116   140   108     8   120   158   149   172    52   142    43    33    71   125    17   175   118    99    75    16   135    27   110    37    64   108    15    60   151   146    16   116   135    83    88   175    96    20   174    11   118   129    18     4   122    74    91    33    69    82   169     6   151   138    84    81    84    75   131    35   150    10    34    54   118    35    58   123    45   113   141    46    46    16    99    28   172    79    61     9   146    59   159   135   137   124    60   169   173    77   136     6    53    56   126    10   102   131    50    35    29   102    73   169    84    18   163   136   142   114    18    10   158   173    57    90    14    20   166    84     2    43    44   147   166    37   122    48    65   148   148    18   129    63   110   175   161    24    43    37   128   104    53    25   117     3   110    38    62   178    45    42    20    30    11   131    13   153    16   148    61    78    36    48   167    62   173     4   105   106    60    79    48    82     3   132   153    76   127   176    79   154   169    24   132   168    25    91   171    13    37   101   141    69   109    22    18    25   140    38    41   103    28    20   123    12   176   109    88   118     2   149   173   137   174   150   138    21   130    94   109   112   134    82   170   105   178   122    47   150    26    52   177    14   138    52     8    87    71    18   120   122   147    61    87   115    44     4    35    77    50   104     9   175    94    34    76   134    38    21    67    59    28    40    30   109   176    87   101   106    39   137     6    29    38    81    72   159    41     9   114   114   143    91   152    87   102   100   103   175   179   140   105    11   176   110   176   114    15   164   134    97    17   166   174   122   111    18    28    69    32    32   170    16    63   130    24   146    99    31   138    14    45    69   112    74   149   175   134     8    36   107    47   148     6   136    62     4   150    11   170    69    65   123    40    98    36   139   113    64    12   135    66   115    49   172   130    37    37   167    64    59   132    38   104    73    52   118   168   146    80   120   165   168    57    68    19    83   158    10   103   124   172     6    58   103    82   118    20    18    35    43   124    47    10     5    88     8   134   133   177   177   117   154    73   125   136   127   175   102   162   153   146    93   161    45    35    80    35    17   178    80   109   112    78    65   178   104    89   174    53    80     5   128    26    35   144    50    25   122   157    47    90   104   173    15    79    91    79    73    94   116   104    98   114    81   118    28   123    34   145    57    98    91    21    54    93   118    19   134   144 
   41   100    20    26    48    57    23    82    82    86    61   136    39   115   174    33    98   105    33   155    55   180   128    93   114    49    82    74    84   132    69   169   138   154   153    29    53   146    11    76    43    75     8   102    56   103    47    45    86    32    63   162    29    24    30    73   141   164    65    56     3    95    16    48     4    51    54    57    95   113   167   124   153    62    53    94     1    84    89    78   123    73    94   149   145     4    40    84   149    14   129    16    77   100    58   163    77   121   120   101   170    38   133    32   106   163   173    16   112    95    50    81    48    64     5   180   179    30   147    81   112     1     4    18   135    41    10   150   166   104   124   144    80    47    36    45    31   126   110    27    25     7    30    87   155    11   113    84    56   153    80    97    29   128   144    61    37   143    54   156    85   167   144    29   115    23   143    37   178   180    73   159    73    58    53   148    53    94   179    97   137    94    66   130    91    41   136    77   106   110   179    43   106   136    33   153   108    17   101   144   120   101   158   155    25   132    53    16    35    93   151   126    77   132   154    20   121    23   126   102   169    15     7   115   122   134   125   155   167    10    63   168    15    18   161    14   169   125   132   157    10   133   118   173   134     9   120    90    53    51    56   145    85    96    16   169   167    42    15   162    29    83   139   136    98    78    54   103   119    85   115   171    70   168    44   174    23    49    96    22   128    34   106    60   133    98   113   106   142    17   166    43    95    29   117   134   116    13   164    84    69    22   142    64   126   117    63    68   158   130     5    11    89   175    70   174    56   176    81    76   121    89    21   157    16    31    43   115    58   129   160    99   101   156    43   129    70   151   125    28    32    96   144   160   102    37    80    39   176    24   131    12    16    11     1    45    83   153     8   103    76    68   173    48   164   113    92    68   169    80   141   148    64    31     7    59   120    41    29   135    84    68    81    54    17   114    19   169   126    72   155    41    32    45    46    27    69   130   125   137   103    11    32     9   173   135   161    44    47   139   166   108     1    96    94   133     4    56    27    84    96   155    81     4    92    39    25    32     9   144   163   106    32    50   162    16    76    67   100   104    90   128    66    61   107    65   163   178     4    66    61   176   153   113   115    18    15   132   100   171    76    11   174    90   120    56     9    80    28    25    97   147   124    89    38   139   173    30   110   144   119    72    22    11    29    65   179   120    70   166    63    58   149   107   155   130    43    43   168   134   145   122    10    77   130   131    12   148    63   137    21    55    27   129    92    76    34   114    19   158   119   121    35   102    82   145    68    67     6    90     8   173    15    98    84    12   134   113    20   123   179    85   144    49    59    56   154   158    95   142   170    59   160    58   142   151    28   139   170   117   164    78    75    88    21    15    18    50   149   154    24   175    92   176   106   149    54   175   102   167    44    61    67    37   111    10    26    17    93    98    60   171   144   151   141   137    56    67   163    45    94    70    77   118    38    52     7   166     5   164    43    46    35   164    79   107   144    90   126   134    23    35    43    40   139    22   180    60   123    58   162    41   115    18   153   114    66   133     6   172   115    53    16    29    16    69    66   178   169    61    83    53    72   139   168   136    43   106    16    50    43   150    14   101   119    68    72    84   106   160    21    48    53    64   159     3   179    95   123    31    55   117    95    86    95    23   177   148    79   170   122    12    41   146   173   116    24    60    25    13   143    78    99    33    90   150    37   170    57    33    56   142   102   171   171    75    54    10   180    72    90   176    98    71    60    83   107    90    82    87   159    15    53   168     1    90   113   180   138   167    54    91    73   142   101    71    72    74    13     5   103   113    11    18   115    29    22   173    69    34   118     5   123   148   128   174    38    59    93   160   158   143   136    20    50     5   140    80    49     8   148    17    57   111   102   157    52    40    51     4    76    48    26     6   116   178     9    25    77   177    43    56   178   143    64    82   159    64    77    27    90    61   165   152    60    48    80    46   116   106    76    36   178    93   123     5   109   180    55    58    92    32   169     5    62    83    92   137   116   178    55    26   121    87   145   102    54   106   110   148   121    21    50     2    33    55    69    63   135   163    95    17    30    60    34   155    94   139    17    74     3   159    96   148    66   148    55    78    78    17    78    40     3   112    78   171   101    19   173    60    37    78    57    41    69    14   169   177   136   147 
 0.00  0.30  0.34  0.32  0.21  0.23  0.30  0.21  0.37  0.36  0.38  0.30  0.40  0.38  0.39 
 0.30  0.00  0.32  0.31  0.20  0.35  0.26  0.21  0.28  0.39  0.23  0.30  0.25  0.27  0.30 
 0.34  0.32  0.00  0.32  0.22  0.37  0.24  0.27  0.39  0.27  0.29  0.35  0.32  0.37  0.35 
 0.32  0.31  0.32  0.00  0.29  0.36  0.23  0.40  0.35  0.36  0.33  0.27  0.36  0.30  0.25 
 0.21  0.20  0.22  0.29  0.00  0.27  0.32  0.24  0.25  0.33  0.21  0.27  0.35  0.25  0.21 
 0.23  0.35  0.37  0.36  0.27  0.00  0.25  0.35  0.38  0.36  0.33  0.23  0.35  0.23  0.40 
 0.30  0.26  0.24  0.23  0.32  0.25  0.00  0.25  0.24  0.28  0.32  0.33  0.24  0.20  0.37 
 0.21  0.21  0.27  0.40  0.24  0.35  0.25  0.00  0.40  0.34  0.28  0.22  0.29  0.26  0.34 
 0.37  0.28  0.39  0.35  0.25  0.38  0.24  0.40  0.00  0.23  0.37  0.32  0.28  0.34  0.24 
 0.36  0.39  0.27  0.36  0.33  0.36  0.28  0.34  0.23  0.00  0.27  0.31  0.25  0.21  0.24 
 0.38  0.23  0.29  0.33  0.21  0.33  0.32  0.28  0.37  0.27  0.00  0.29  0.30  0.28  0.23 
 0.30  0.30  0.35  0.27  0.27  0.23  0.33  0.22  0.32  0.31  0.29  0.00  0.39  0.35  0.28 
 0.40  0.25  0.32  0.36  0.35  0.35  0.24  0.29  0.28  0.25  0.30  0.39  0.00  0.28  0.34 
 0.38  0.27  0.37  0.30  0.25  0.23  0.20  0.26  0.34  0.21  0.28  0.35  0.28  0.00  0.20 
 0.39  0.30  0.35  0.25  0.21  0.40  0.37  0.34  0.24  0.24  0.23  0.28  0.34  0.20  0.00 
