90 12
2
     27325
     29562
  2.3  31.2 590.4   2.4
  1.4  19.2 206.8   2.1
  2.0  28.6 698.2   2.4
  3.8  15.3 472.2   1.8
  3.2  65.9 521.1   2.3
  4.4  27.6 875.6   1.8
  3.8  44.1 199.0   2.2
  1.3  17.8 107.6   2.0
  4.2  22.7 119.4   1.5
  4.4  30.3 531.6   2.0
  3.9  68.2 507.2   2.1
  1.9  16.3 266.8   2.3
  1.5  29.0 134.6   2.0
  1.7  47.6 662.2   2.5
  4.8  26.3 729.6   1.7
  1.7  47.1 730.0   2.0
  4.5  74.4 891.0   1.6
  1.5  15.1 790.8   1.6
  4.1  16.8 459.3   2.1
  3.0  73.0 792.3   2.4
  1.5  59.9 844.6   2.5
  3.5  20.4 403.4   1.8
  2.6  29.6 918.4   1.6
  1.9  60.4 360.0   2.0
  2.1  34.4 366.3   1.7
  2.8  19.7 638.3   2.2
  2.6  58.9 301.4   2.1
  4.7  21.5 890.8   2.3
  1.0  60.1 373.9   2.4
  1.5  53.8 928.6   2.1
  3.0  58.7 479.1   1.9
  3.1  30.0 386.9   1.7
  1.7  60.0 733.4   2.1
  2.4  30.6 653.9   2.3
  5.0  24.6 920.3   2.3
  4.9  67.5 165.7   1.6
  3.4  44.6 514.9   2.0
  4.6  29.1 871.0   1.6
  3.2  22.6 868.0   2.1
  2.1  22.7 621.0   2.5
  4.3  64.2 261.0   2.2
  2.0  36.1 477.2   2.0
  4.5  28.2  60.1   2.2
  4.9  19.5 583.2   2.5
  1.8  48.7 269.1   1.9
  1.3  69.6 229.1   2.3
  3.1  66.4 913.8   2.5
  2.3  22.6 406.5   1.6
  4.4  67.7 319.4   1.6
  1.0  37.9 236.5   2.5
  1.2  46.4 266.5   1.7
  1.9  68.4 113.6   1.8
  2.5  54.7 690.7   1.6
  1.7  40.6 337.7   2.2
  4.3  16.5 537.7   1.8
  1.5  70.5 585.9   2.2
  1.0  62.2 257.3   1.9
  2.9  66.5 476.5   1.8
  3.1  70.7  76.9   1.6
  1.4  39.3 626.6   2.4
  3.9  49.3 844.5   2.1
  1.1  72.8 837.9   1.7
  1.2  18.3 118.3   2.4
  3.0  44.2 224.0   2.3
  2.7  44.7 421.2   2.1
  1.3  30.3 369.1   1.9
  4.1  41.4 761.3   2.4
  3.0  64.3 565.5   1.5
  4.0  29.8 251.7   1.6
  4.2  74.3 805.7   2.4
  3.7  54.2 379.0   2.0
  1.6  31.8 339.2   1.7
  2.3  44.6 628.8   1.9
  3.2  27.7 334.4   1.9
  4.5  23.8 837.9   2.1
  1.7  21.4 338.6   1.5
  3.1  44.6 923.6   2.5
  3.0  43.6 598.2   2.4
  3.8  39.4 848.2   2.1
  5.0  27.4 102.3   1.6
  3.0  44.3 217.2   2.2
  3.3  55.3 891.3   2.1
  2.4  70.3 230.5   2.5
  3.9  64.8 155.6   2.0
  3.9  61.0 545.4   1.8
  2.8  37.1  97.9   2.2
  1.5  39.4 341.8   1.6
  1.5  64.6 835.7   1.6
  1.7  33.2 728.9   2.4
  2.3  24.0 582.3   2.2
  4.5  73.7 904.8   2.0
  4.0  61.3 738.9   2.2
  3.0  31.5 501.5   1.6
  2.3  54.5 263.6   2.2
  4.8  25.6 580.7   2.4
  2.1  42.3  91.8   1.6
  4.8  39.9 437.7   1.9
  2.4  31.0 442.4   1.8
  3.7  21.4  96.5   1.6
  4.1  50.0 455.8   2.0
  3.4  49.1 208.4   1.6
  4.7  69.6 668.1   2.2
  1.1  19.7 676.8   1.9
  4.6  15.5 323.3   1.8
  2.7  38.9 115.4   1.6
  4.3  53.6 743.9   2.4
  3.0  53.7 884.4   2.0
  3.2  74.6 428.2   1.8
  2.3  50.2  98.6   1.8
  2.0  28.0 239.7   1.7
  4.1  21.7  60.4   2.1
  1.7  72.6 721.2   2.5
  1.4  63.1 832.2   2.1
  2.7  33.5 582.7   2.1
  4.9  65.6 829.9   2.1
  4.3  57.3 548.8   1.6
  2.5  61.7  87.4   2.2
  1.1  23.6 111.7   1.8
  3.3  21.9 373.5   1.7
  1.3  52.4 948.8   2.1
  2.3  48.3 564.8   1.7
  4.7  29.8 368.3   1.6
  4.4  73.7 774.0   2.3
  1.2  38.1 621.2   2.4
  4.3  61.6 129.6   2.3
  3.1  73.7 155.8   2.1
  1.4  36.7 609.9   2.1
  4.7  15.4 169.4   2.1
  4.3  47.7 697.3   2.4
  3.6  73.2 633.5   2.1
  2.6  65.4 729.9   2.3
  3.0  51.9 906.3   2.4
  1.0  24.1 536.5   1.7
  3.1  65.8 479.3   1.9
  3.9  48.1 578.8   2.2
  1.1  58.1 336.0   2.3
  3.6  71.9 511.8   1.8
  4.1  52.8 778.7   1.6
  2.6  56.8 556.2   1.6
  1.6  73.0 491.5   1.5
  3.4  67.8 242.1   2.1
  2.9  21.1 691.6   2.0
  1.7  19.6 720.0   2.5
  2.2  48.3 919.8   1.8
  4.7  66.1 403.1   2.1
  1.6  40.1 834.9   2.2
  4.0  54.9 435.5   2.1
  1.6  46.7 171.8   1.8
  1.5  53.2 730.7   2.4
  2.8  19.8 454.5   1.9
  3.4  22.9 946.3   1.6
  3.3  67.3 242.9   2.0
  1.1  31.8 861.7   1.7
  4.9  44.8 145.2   2.1
  1.5  37.4 424.4   2.1
  2.1  54.3 853.2   2.3
  3.0  20.0 199.8   1.9
  4.8  33.9 782.0   2.5
  2.5  42.8 494.9   2.5
  2.6  29.1 364.3   1.7
  4.6  32.2 543.8   2.0
  2.3  72.4 803.5   2.0
  2.3  39.4 143.8   1.8
  4.7  25.9 642.3   2.2
  3.6  19.1 637.4   1.8
  3.7  56.3 859.0   2.0
  3.5  65.0 170.7   1.7
  1.3  73.2 530.4   2.2
  3.0  70.4 616.2   1.9
  1.7  44.8 725.5   1.7
  1.4  63.8 844.4   2.4
  4.9  34.7 833.2   2.4
  3.8  61.6 629.4   2.1
  4.7  60.7 110.1   1.5
  3.9  36.1 215.4   1.5
  4.5  59.6 376.0   1.8
  3.7  51.7 433.2   1.9
  4.5  46.1 729.2   2.3
  3.7  15.1 238.5   1.8
  2.1  41.1 272.7   1.9
  0.2   0.4   0.4   0.4   0.3   0.3   0.3   0.3   0.3   0.4   0.2   0.4   0.3   0.3   0.3   0.4   0.2   0.2   0.3   0.2   0.3   0.2   0.4   0.4   0.3   0.3   0.3   0.2   0.3   0.3   0.4   0.2   0.4   0.3   0.3   0.3   0.4   0.4   0.3   0.3   0.3   0.3   0.3   0.3   0.3   0.4   0.3   0.4   0.4   0.3   0.3   0.3   0.3   0.4   0.2   0.2   0.3   0.3   0.4   0.3   0.3   0.2   0.4   0.2   0.3   0.2   0.4   0.3   0.3   0.3   0.2   0.4   0.4   0.3   0.3   0.3   0.4   0.4   0.2   0.3   0.3   0.3   0.4   0.3   0.3   0.2   0.3   0.3   0.2   0.2   0.3   0.3   0.4   0.4   0.3   0.2   0.4   0.3   0.2   0.2   0.3   0.3   0.4   0.3   0.4   0.3   0.4   0.3   0.3   0.4   0.4   0.3   0.3   0.4   0.4   0.3   0.4   0.4   0.2   0.3   0.3   0.3   0.4   0.4   0.3   0.3   0.3   0.3   0.3   0.3   0.3   0.3   0.2   0.3   0.4   0.4   0.2   0.3   0.4   0.2   0.2   0.3   0.2   0.2   0.2   0.3   0.4   0.2   0.3   0.2   0.3   0.4   0.3   0.2   0.4   0.2   0.3   0.4   0.3   0.3   0.2   0.4   0.3   0.3   0.3   0.4   0.2   0.3   0.3   0.4   0.2   0.4   0.2   0.3   0.2   0.3   0.3   0.4   0.2   0.3 
  165   140   175    60    55   130    51   101   147   150   147   134   144   135   163    42    84   174    99    47   124   103    49    90   139    49    40   146   166    60    46   135   103   128    52   138    75     3    93    73   125    72    82    59    12    71    82    67   134    22    85    33   122    51   156   130    34   118   120   164   179   153    74   179   128    67   138    30    79   169    45    94    59    69   128     9   106   148    35   121   173   133   168    59    99    14   150   141   110    55    94   160    65   128    42   113    83   166   139    98    36    84    99   162   116   160    45    23   175    30   128   130   166   155    56    71    53   177    75     3     5   126   103    95   108    10    45   171   108    76   167   103    93    86   114   133    11   102   108    83    67   110    89   157    88   167   138    67   113   118    45    60   120   174    34    35    14    44   108    21    60    96    14    98   109   172    41   140   167   123    88    92    85    60   159   115   100    98   124   157 
  136     6   180    92   113    13    23    72   174   154    78    32   159   100    73    13   120   155   109    30   109   116   107    60    17    72   166    97   138    45   127    43   177    85   162    75   108   138    97   173   160    85   173    80    22    19    24   174   130    68     6   120   166    84    79    89    69    56    30    95   147    74    70    27   130   136   163    99    14   138   144   117    77   120    68   158    81    81    20    17   140     9     6   123    96   177    55    44    73    44    76    75   122   172    51    85     4   161    15   133    41   104   117    96    68   151    40   164    96    14   121    98     2    62    58   139   152    69    87    29    53    32   132   104   156    93   113    76    72    14   142    99    34    92    79   102    42   169    94    41    78   104    89   151   168   121    11   108   174   156    80   101    89   132   160   113   110   164    64    73    98   111    22    95    50   158   124    28    41   131   175    69    56    79    98   103    33    12    36   119 
  157    82   156    79    56   145    55   173    87    89    29    94    96    45   114   109   135    79   167    67    83    52   167    17    97   116    95   110    32   113   152   178   170     3    75    61    80    15    62   124    51   174    61     3    67     2     8    80    69   157   180    67   139   147    46    90   138   143    66   110    65    90    38   176    54   159    18    52   109   130   177    30    37    53   118    47    39    83     1   130    82   168     8     5     5    58   173    21   113   127   126   153    93   155   130   138   157   116    90   120    59   103    14    51    60   129    80    61    26   128     5     1   165    74   158   119    61    62    52    85    12   163    34   102    69    19   140   101   116    69    75    37    78   157   110    84    95    86    96    58   136    68    98    76   121   134    51   144    60    31    18   124    83    54    65   108    83    93   134   161   134    40   104    13    36   125    27   132    55   176   122    30    63    99    42   124    75    69    39    74 
   33   134    27    93   159    17    51    75   108   165    34    40    90    72    93   179   126    39   124    68    38   115   124   115   165    44   162    63    27   157    30   109    88    22    56   132    91    18   125   101    97   123     4   109     2    72    71   110   126    93    96   140    63    68   148   137   143   154    38   106    82    72   145   180   106   178    85   110    51    43   107    50   106    28   111   155   144    94     5    29   103   136    77    16    12    24     3    89   168   148   125   132    13    59   105   172    12   102    61    81    18   142    39    33    16   150   139    92    74    53   103    53    65    28   102   130   109    77    82   178    95   152    46   122    45    58   133    38    60   180    99    16   106    37   120    35    81   135    88    19    13    71    33    17     8    26    61   101    42     1    86    62    31   103   127   113   107   116    34   139   114   157     9    99    47   147    56    47   138    13    27    96   125    48   116   155   105    96   177    86 
  165    51   124   155    30    97    69   163   149    82   133    44    16   140    65   160    15    27   152    77    32   153   109    60   104    48   103    10    73   164   143    86   145    39    66    68   170   132   115   129   127    71    54    81    51   145   121   135   137    86   153   162   166   174    25    22   121    24    88   160    10   132    15    83    50    43   137    47   173   100    18   137    18   138    43    47   145   144    55    53    77    11   116    43   165   155   162   108    26   110    89    81   168   152   150   123    52     9    57   142     5    33    54    52    96    76    49   112   123     9   155    44   109    33    86    82    81    56    26    86    36   157    69    49   103   146   132   147    29    25   134    71   158    52    85   148    58   145   126    50   101   122   119   146     1    57   118    13   108   130    89   125   107   163    63    31   130    10   159    99    73   126   165    31    63    79   119    33    82    54    52    91   145    16   131    58    74   109    80   157 
   63   153    15    68    23   158     5   134    48    97   170    33    81     8   110   141   103    50    10    95   132   122    58    59    71    97    46    24    28   171   122   107   150    92   178   124    71   106   110   122   133   127    83    75    90    49   128    92    71   162    54    57   122   165   103   155   157   127   104   159   119   140    35    50    83   137   105    20    99   123    80    84   106    86    56    77   145    85   153   107   106    24    11   161    22   170   101    35    66   125    67   148    15   160    22   150    83    28    89    60   166    88   148    71   168    81    12   163    34   145   130    80   172   113    77    41    15   150    23    37   130     3   144     6    88    51   170    21   171    65   150   160    27   159    10    11   107   176   111    10   124   106   165    95    50    53    47    11    77    26    27   113   168    25    37    41    37    35   118   166    86    96    75   150   137    90   108    15     4    11   129    67    86    45   127   138    14    86    60   115 
   13    56    84   106   166   159    60    79    85   116   161   141   106    99   108    30   133    58    16    78   138    76    26    76    38    31   142   147    27   165    91   174   168    23   115    66    36    68   127   139    99     4    76    59    62   131   145   102   143   112     4    13    95   137   105    31   108   170   168    47    43   130   178    55    35    69    51    26   136    41   162    56    55    21     2   172   132   107    26    17    34   164    31    49    99   156   100   126    19    66    52   129   142   122    84   156   135    40   159     2    65   159   135   110    57   145    24    90     8   106   131    98   141    80   121    93    53   155   168    28    96    39    82    44   113   103    86    65    89   102   128    18    59   160   176   176   176   121    49    95   131   156    68    67    64     1    55    15    78   150   122    58    38   137   127   145    81   101     8    82   124   129   160    66    93    60   160    65   170    35   180    82   125    59    30   166   142    12    58   117 
  137    35    73   124   166    18   147    50   174   115    60   136    57   117   127    57     6   161   170    86     7    83     1   171   140    99   134   127     1   122    24   118    38    34   140    89   162    78   179    21    22   152   173   105   155    42   160    41   109     4   105    51   167    51   109    10   115    34   174    52   139    58    52    61    87    41    42    63   169    42   146    73    42   162    91   129   160    97    27    73    84   142   102    30   119    93    77    50    17    56    50   173   151   129    90   128   151    61    66    17    55    55     4   173   139   157   131    92    62   175   103   158   122    71   174    12    69    51    26    37   109     2    97    75   147   129   123   171     3    96   115   111   119   165    64    57   100    62    96   129   112   164    32    70   149    33    89    21   108   108    45    23   172    46    16    67    86    92   144   146   174   143   117    40   104    32   125   166    45    14    98    65    58   130    76   173    16   102    39   139 
   82   159   116    77   150   127    61    49    97   172   144    43    76   163    50   138   176    72    45    54     1    45   140   136    87    77    82   105    21   157   119   124   102    79    70   170   126    32    45   149    57    79   132   119   117   129    17    16    27    64   179   139   134    48    52    87    19   128   112    25   150     6   107   143     7    24   126    36   109   169   177    31   141    79    91   114    39    91    13    42    38   133   127    28    72   126    30   151    67    91   143    86   152   141   156     2   169   110   173    79    53   133   165    45     2    92    27   179    75   147    72    89   109    71    44   106   101    57   142   106    33    58   138    78   128    83    76    37   148   136    23   146    95    89   169    66    36   116   154    81   164   100    18   171    46    69    91    98    69   166   125   151    57    33    87    36    59    91   164    73   104    30    24   180    33    32   116    92   104    47   155    44   149    64    34   157    75    40    39   121 
    8   166    85    42    33    34    79    48    22   109   114   175    32   132    59    42    14     5   152   161   118   126    99   128   169   163   132    27   159    38    91   171    13   153    17   179    99   117    51    10   175   131   179     9    31    11    20    36   125    16    94    39    80   155    74    78    22    25    22    21   144   100   173    60    32     1   162   110    68    77    46    99   128   177    69   156   121   175    91   161    39   102   168    90   128    19    33   176    72    51   118    74   162   178   102   168     8   156    88   107    51     9    36   176   140    84    14    69    59   129    44    81    88   180   121   134   140   169   102   170    43    90    10    48   169    31    62   167   141    90    68    99   163    63   161   172    18     6    90    69   132    38   164    62    81    49    21    55    91    13    23    17    10    78    48   112   158   103     5    53   179     6   131   174   169   108   130   144    96   179    76   114    24    54    72    10   164    69   179    62 
  163   157    84    14    58    92    71     6    22   124   167   139   101    63   116    52   176   105    78   139    37   147   109   143    93   122   128   150    66   129   142    21    64    46   151   174   173   114    63    25     5    97     9   123   118     5    70    28   113    76   107   158   134   119    25   134    83    95   179   125    19   109   116    83   150    51    25    46    50   114   147   139   176    63    59   129   120   162    84   110    42    54    62   138    29    41    51    85   159   126   172   144    21   155    39    55   118    73   129    44    76   110    17    85   124   140    39     2    25   162   129   103    44     7     8   149   122    90    75   134   128    34     5     6   178     4   133   110    12   156   155   133   121   175    19   159    20    92   149    65   124    99    27   139    14   163   125   124    94    33    32    91   143    44   168   135   136   100   137   134   180   173   157    26    51    92    61    29    80    56   101    43    61    76    76    63   160   165     3   102 
   35   101   154     9    88   136   135    12    28   146   159    18   121     6    68    48    97   133    82   175    76   145    37    84    17    40   140    80    67   118    79   137    37    41   138    56   119    36   174    84    41   122    90    91    94    62    77   134   100   100    28    28    97    33    96    52   125     8    94    56   135   107    49   152   155    72    48   123    22    97    70   101    75   155    68    74   111   153   118    86   129    21    34    13    43   153   119    87    49    79    78   126   148   111    62    53    19    15    26   154   152   166    11    24    12    17    33    47   142   153   174   151   180   164   174     1   143    40    34   101   114    77    42    99    96   154    51   137   119    24    13   105    22   156   117   172    99   157    81   129   133     2    26    68   116   140   173   153    46   160   173    27   173    87   106   112    73   108    82    65   110    65   137    13   135   160    30   167     3   140   179   175    12   112    85   131   169    37    53   107 
 0.00  0.29 
 0.29  0.00 
