60 12
6
     18986
     20478
     19071
     19768
     18858
     19091
  2.0  37.9 656.0   1.9
  4.0  57.4 720.3   2.1
  3.7  71.2 585.7   2.1
  3.6  45.9 597.9   2.4
  2.8  66.7 898.0   2.0
  3.6  22.3 667.9   2.4
  4.3  66.7 791.9   2.0
  3.5  62.2 125.0   2.1
  2.9  33.0 745.2   1.8
  1.9  45.7 817.8   1.9
  1.2  31.5 628.5   2.4
  1.4  35.3 172.9   2.5
  2.6  55.3 451.8   2.2
  4.1  22.3 788.9   1.7
  1.0  64.3 107.0   2.0
  1.7  23.3 751.0   2.0
  2.9  57.5  59.5   2.3
  2.1  19.3 925.7   2.2
  4.7  23.1  95.0   1.7
  2.1  51.5 113.3   1.8
  1.7  63.1 297.7   2.2
  4.4  70.4 187.2   1.8
  2.4  26.2 886.1   1.9
  3.4  71.8 669.4   2.1
  2.1  47.5 521.0   1.9
  3.6  30.3 940.6   2.4
  1.1  53.7 363.8   1.9
  1.7  36.5 658.2   2.0
  4.9  44.3 636.2   1.8
  3.5  53.5 138.6   1.9
  3.2  73.9 486.6   1.6
  4.6  68.9  76.9   2.2
  1.7  41.5 467.8   1.6
  2.0  43.9 328.5   2.1
  3.2  65.4 434.2   1.9
  3.0  30.4 833.0   2.4
  3.7  61.6 355.8   2.5
  1.3  43.4 431.4   2.1
  4.2  32.2 633.5   2.2
  2.7  15.5 865.4   1.5
  3.2  32.7 149.0   2.3
  2.0  51.6 764.7   2.0
  3.0  29.8 511.9   2.4
  1.2  16.3 133.4   2.0
  2.6  30.9 723.1   2.2
  3.9  36.7 310.4   1.5
  2.9  52.3 283.9   2.5
  4.1  50.5 394.0   1.6
  4.8  49.5 921.2   2.1
  1.4  35.6 795.0   1.7
  2.6  22.8  50.8   1.9
  3.1  66.3  51.2   2.0
  4.3  50.2 536.0   2.2
  3.1  68.0 897.1   1.7
  3.8  29.1 593.9   2.3
  4.6  21.6 902.0   2.5
  3.2  39.5 415.9   1.6
  4.6  35.0 880.0   1.6
  1.4  48.0 772.8   2.4
  2.6  30.9 369.9   2.4
  4.5  57.7 902.8   2.3
  3.7  73.1 431.0   1.5
  3.0  38.5 632.1   1.9
  4.9  25.5 613.8   1.7
  2.4  44.8 533.7   1.7
  4.3  37.0 275.1   2.2
  2.2  25.2 785.0   1.6
  1.5  15.3 694.3   2.2
  2.5  55.5 443.5   1.8
  4.7  68.8 752.8   2.3
  3.2  70.4 778.5   2.3
  4.7  21.7 100.6   2.4
  2.4  34.2 560.9   2.5
  2.4  48.1 415.0   2.4
  3.6  28.5 475.7   2.1
  3.1  23.2 219.7   1.7
  4.8  35.0 377.6   1.8
  3.4  46.3 366.1   2.2
  1.6  70.0 781.0   2.4
  5.0  35.2 151.7   2.4
  2.2  35.0 141.3   1.6
  4.9  39.4 723.7   2.0
  3.6  56.8 523.6   2.0
  4.3  35.4 130.7   2.1
  1.1  68.0 153.2   2.5
  2.0  61.3 416.3   2.4
  2.0  65.6 373.7   2.2
  3.3  46.9 435.2   1.8
  4.6  41.4 581.3   2.3
  3.3  62.4  96.5   2.1
  4.4  68.6 408.4   2.5
  5.0  18.4 465.8   1.8
  3.4  24.6 167.0   1.7
  2.7  45.3 665.9   1.9
  2.2  73.0 846.1   2.1
  4.7  35.2 325.4   2.3
  1.6  56.5 340.6   2.2
  3.1  27.4 875.9   2.4
  4.2  32.4 400.4   2.3
  1.6  46.1  53.1   2.1
  4.8  50.9 163.4   2.0
  2.8  62.7 513.5   2.2
  3.5  66.5 263.7   1.8
  3.8  16.4 732.3   2.4
  2.4  48.7 465.8   1.7
  4.4  62.2 730.8   2.4
  3.7  66.7 613.0   1.6
  3.0  71.8 542.4   1.5
  3.8  65.3 728.3   2.1
  1.5  57.1 922.4   2.3
  2.8  52.9 882.2   1.5
  4.9  73.8 294.9   2.2
  3.4  21.7 264.7   1.7
  2.8  58.4 166.6   2.5
  1.4  47.1 535.0   2.0
  2.2  48.9  96.7   1.8
  1.5  65.5 104.8   2.2
  3.2  36.3 371.0   1.9
  3.6  30.1 912.3   2.1
  2.5  69.6 364.0   1.5
  2.1  37.0  68.7   2.3
  4.4  30.3 806.7   2.3
  4.7  67.9 232.9   1.8
  1.8  45.1 174.3   1.9
  3.4  48.9 253.4   2.0
  1.9  45.9 430.7   2.4
  2.6  57.8 175.4   2.1
  4.1  23.9 589.9   2.1
  4.4  16.1 766.0   2.4
  1.4  73.7 340.1   1.5
  3.8  21.6 716.8   2.1
  2.5  33.4 384.1   1.8
  4.8  33.6 413.7   2.1
  3.8  25.7 487.2   2.0
  1.1  37.3 769.6   2.5
  4.2  22.3 709.3   1.7
  2.1  39.5 730.3   2.0
  4.8  65.5 718.5   2.1
  1.7  72.2 163.0   2.1
  2.0  73.5 651.6   1.5
  1.4  51.7 689.5   1.6
  1.7  73.2 747.0   2.3
  3.7  45.4 204.0   2.3
  4.2  43.7 923.8   1.6
  1.8  74.5 142.2   2.5
  1.2  74.5 140.9   2.1
  5.0  32.8  92.9   1.9
  4.3  15.7  76.6   2.1
  3.0  21.2 404.8   1.8
  1.9  43.7 565.6   2.4
  4.7  60.2 437.4   1.7
  1.7  27.9 453.3   2.3
  4.7  50.6 412.9   1.8
  2.6  67.2 186.3   1.9
  1.6  18.0 306.9   1.6
  2.0  31.8 180.5   1.6
  2.7  24.2 867.7   2.1
  3.8  39.1 224.2   2.0
  2.1  31.6 831.6   2.1
  1.3  70.7 525.4   2.3
  4.6  29.4 426.7   1.6
  3.1  27.3 588.6   1.9
  3.5  18.1 444.0   1.7
  3.2  31.1 109.3   2.0
  5.0  56.0 524.5   2.2
  2.3  30.8 779.0   1.5
  2.6  63.3 503.8   1.5
  3.3  17.1 616.6   2.3
  4.6  35.3 122.8   2.5
  4.6  22.0 865.4   1.9
  3.4  68.1 912.5   1.7
  4.8  70.6 326.4   2.0
  2.5  15.3 770.4   2.1
  3.8  39.3 526.1   1.6
  2.4  31.0 645.4   2.1
  2.5  32.6 934.2   2.4
  2.4  74.1 554.1   2.5
  2.6  73.1 545.0   2.5
  1.2  38.9 461.1   1.8
  2.7  20.2 190.6   1.5
  1.4  26.4 533.4   1.8
  3.3  54.4 562.5   1.5
  2.4  61.4 553.2   1.6
  3.2  38.9  85.4   1.8
  4.7  66.2 522.9   2.5
  3.9  63.9 795.8   2.2
  3.8  48.5 721.6   2.5
  2.5  46.7 749.2   1.9
  4.8  57.8 563.8   1.6
  4.6  65.8 680.7   2.2
  3.5  57.9 258.6   2.0
  4.0  50.0 923.9   2.4
  4.7  24.3 776.0   1.8
  1.3  60.1 675.4   2.2
  1.1  61.8 103.3   2.1
  4.4  17.2 204.8   1.9
  3.6  59.6 521.1   1.8
  4.5  23.0 463.6   1.6
  1.1  33.6 831.7   2.1
  4.2  18.7 132.7   2.5
  2.0  56.1 391.8   2.4
  3.2  57.2 431.7   2.2
  2.9  70.1 130.3   2.2
  3.7  48.3 286.0   2.3
  2.5  16.3 288.3   2.4
  1.2  44.0 638.6   1.8
  3.5  22.3 865.4   2.3
  1.6  71.8 432.9   2.4
  1.1  35.1 601.5   2.5
  2.3  31.1 791.3   1.9
  3.8  55.4  54.4   1.6
  4.8  20.6 694.1   2.5
  4.3  23.9 623.0   2.5
  4.5  68.9  65.7   2.1
  3.5  53.2 231.5   1.9
  2.4  53.9 505.7   1.7
  5.0  68.0 667.6   2.3
  4.8  26.1 615.1   1.9
  1.0  60.1 471.3   2.1
  1.9  39.6 400.9   2.2
  4.4  19.5 797.5   2.5
  2.0  55.2 256.9   1.9
  4.3  35.1 299.1   2.3
  2.9  50.7 840.5   2.0
  3.8  66.8 503.4   2.0
  1.6  51.8 204.3   1.7
  1.8  56.2 205.9   1.6
  1.3  15.3 584.5   2.2
  2.6  62.7 426.5   1.7
  1.4  35.2 721.6   1.9
  4.6  61.7 514.0   2.0
  4.9  28.7 413.3   2.2
  2.3  67.0 528.0   2.5
  3.6  42.3 832.9   2.2
  4.9  38.8 260.4   2.0
  2.0  17.7 226.8   2.4
  4.8  37.0 239.6   2.0
  2.1  51.5 936.6   2.3
  2.7  27.6 221.3   1.9
  1.4  22.8  76.0   2.5
  2.0  58.4 101.3   2.1
  3.2  68.3 829.5   1.7
  4.2  55.3 516.9   2.3
  3.2  34.8 767.5   1.9
  3.3  25.3 494.6   1.6
  4.0  57.1 694.7   2.0
  1.5  27.9 844.8   1.9
  2.6  36.2 314.5   2.5
  2.9  30.5  64.7   1.5
  2.9  40.8 946.8   1.9
  4.5  64.7 639.9   1.7
  3.8  47.2 857.9   1.8
  2.6  67.8 624.7   2.0
  4.3  28.2 257.6   2.0
  4.6  48.7 850.0   1.7
  1.8  49.4 895.4   1.9
  1.7  31.0 162.6   2.4
  1.0  52.7 289.0   1.6
  3.2  56.6 172.0   1.9
  4.2  25.5 762.3   1.9
  1.8  43.5 281.3   1.6
  2.7  60.9 756.8   1.8
  3.5  51.5 386.9   1.9
  2.7  73.7 434.1   1.5
  3.9  28.5 780.2   2.2
  3.5  66.0 770.1   2.1
  1.9  19.1 118.0   2.1
  1.4  36.1 158.1   1.6
  2.2  35.0 456.8   2.3
  1.9  71.7 147.4   2.2
  3.9  42.3 792.5   2.1
  2.0  61.4 921.5   1.7
  3.8  68.2 232.9   2.2
  1.6  44.2 314.1   2.5
  3.5  39.3 622.6   2.5
  4.4  51.4 323.9   1.6
  2.7  51.0 495.0   2.1
  2.0  32.6 340.3   1.6
  4.2  62.5 488.9   2.2
  1.2  66.2 351.4   1.5
  1.2  48.7 662.4   1.8
  2.4  55.4 162.7   1.6
  1.3  33.8 375.7   2.1
  2.5  44.8 147.2   2.2
  2.4  25.6 219.9   1.8
  3.6  66.3 289.4   2.1
  3.7  25.4 168.5   2.2
  4.4  51.2 858.6   2.2
  1.5  37.9 512.2   2.3
  3.4  30.2 889.9   1.7
  2.9  63.8 788.4   2.1
  2.7  29.6 341.1   2.1
  4.9  67.3 171.4   2.0
  4.1  26.4 163.6   1.5
  4.7  27.6 671.7   1.9
  4.3  29.0 233.5   2.0
  2.7  38.8 464.2   2.4
  3.9  74.3 717.8   2.3
  3.4  41.2 750.2   1.6
  1.2  43.5 574.2   1.7
  2.7  63.7 263.7   1.6
  3.6  28.3 151.0   1.9
  1.3  73.7 805.6   2.1
  1.5  71.4 170.7   1.9
  4.5  72.2 483.8   2.4
  1.9  44.5 412.3   1.9
  3.1  54.2 584.4   2.4
  2.6  67.0  53.5   1.6
  1.3  39.8 859.5   2.2
  2.6  20.0 877.3   2.1
  4.2  65.0 147.4   1.6
  1.1  44.3 156.2   1.8
  4.6  39.7 270.1   2.0
  2.2  17.1 214.2   2.2
  1.5  20.7 656.3   2.3
  3.0  39.8 145.8   2.2
  2.7  40.7 267.2   2.4
  1.2  74.7 514.5   1.5
  5.0  43.2 143.0   2.4
  4.6  16.8 875.2   1.8
  2.8  17.2 733.9   1.7
  4.7  56.1 753.7   1.5
  1.5  60.4 246.9   1.5
  3.1  20.7 313.4   2.4
  4.1  35.9 201.9   1.7
  4.2  25.9 290.8   1.7
  2.6  35.0 721.6   1.6
  2.5  64.8 419.6   2.1
  2.0  31.2 237.0   1.6
  3.5  39.0 795.3   2.3
  4.6  66.0  87.8   2.4
  1.8  39.6 495.7   2.0
  2.3  15.9  93.6   2.3
  1.3  47.1 930.7   2.4
  2.5  73.1 300.9   1.5
  4.6  38.8 895.6   1.9
  2.1  44.1 321.8   2.0
  1.7  18.1 826.0   1.8
  3.3  55.9 584.4   1.7
  3.7  18.1 550.3   1.8
  1.9  38.4 396.1   2.1
  4.9  60.5 180.4   1.6
  4.1  67.6 685.9   1.7
  3.6  17.9 362.1   2.1
  3.8  55.4 285.6   1.7
  2.9  51.9 478.6   1.8
  4.8  28.7 495.6   2.5
  2.1  55.3 929.5   2.1
  4.1  21.7 830.8   1.7
  3.8  37.1 760.1   1.6
  4.8  64.9 662.4   2.5
  1.6  15.8 483.6   2.5
  2.8  40.0 618.2   1.9
  1.2  17.7 877.9   1.6
  4.5  59.8 719.3   1.7
  2.8  41.8 568.9   2.5
  4.5  29.6 715.8   1.8
  4.1  31.9 189.5   2.4
  3.9  30.0 828.7   2.5
  1.5  21.0 139.7   1.7
  0.2   0.3   0.3   0.4   0.2   0.3   0.4   0.3   0.3   0.4   0.4   0.4   0.4   0.4   0.2   0.4   0.4   0.3   0.4   0.4   0.2   0.4   0.3   0.2   0.4   0.3   0.3   0.3   0.4   0.3   0.2   0.3   0.3   0.4   0.3   0.3   0.3   0.3   0.3   0.3   0.3   0.3   0.3   0.3   0.3   0.3   0.3   0.4   0.3   0.3   0.3   0.4   0.2   0.3   0.3   0.4   0.4   0.3   0.3   0.4   0.2   0.3   0.4   0.3   0.3   0.2   0.4   0.4   0.3   0.4   0.2   0.4   0.2   0.3   0.3   0.2   0.4   0.4   0.2   0.2   0.4   0.3   0.3   0.4   0.3   0.3   0.4   0.3   0.4   0.3   0.3   0.2   0.3   0.2   0.4   0.2   0.3   0.3   0.2   0.2   0.3   0.3   0.4   0.4   0.4   0.3   0.3   0.3   0.3   0.4   0.2   0.4   0.3   0.3   0.4   0.3   0.3   0.3   0.3   0.3   0.3   0.3   0.3   0.3   0.3   0.4   0.3   0.3   0.3   0.3   0.3   0.3   0.3   0.2   0.4   0.2   0.2   0.4   0.3   0.3   0.3   0.3   0.3   0.4   0.3   0.4   0.3   0.4   0.2   0.4   0.2   0.3   0.3   0.3   0.3   0.2   0.2   0.4   0.3   0.3   0.2   0.3   0.2   0.3   0.4   0.3   0.2   0.3   0.4   0.3   0.4   0.3   0.3   0.4   0.2   0.3   0.4   0.3   0.3   0.4   0.3   0.3   0.4   0.4   0.3   0.2   0.3   0.4   0.4   0.2   0.3   0.3   0.3   0.4   0.2   0.2   0.4   0.2   0.3   0.2   0.4   0.2   0.3   0.4   0.3   0.4   0.3   0.3   0.2   0.2   0.3   0.2   0.3   0.4   0.3   0.3   0.3   0.3   0.2   0.2   0.3   0.4   0.3   0.2   0.2   0.4   0.3   0.4   0.3   0.3   0.2   0.3   0.4   0.3   0.3   0.3   0.4   0.3   0.2   0.3   0.2   0.3   0.3   0.4   0.3   0.3   0.3   0.4   0.3   0.4   0.3   0.3   0.2   0.4   0.4   0.3   0.2   0.3   0.4   0.4   0.2   0.3   0.3   0.2   0.4   0.2   0.4   0.4   0.3   0.3   0.3   0.3   0.3   0.2   0.3   0.3   0.3   0.3   0.3   0.3   0.2   0.4   0.3   0.2   0.2   0.3   0.2   0.3   0.3   0.4   0.4   0.2   0.4   0.2   0.2   0.4   0.4   0.2   0.4   0.3   0.2   0.3   0.2   0.4   0.3   0.4   0.3   0.2   0.3   0.3   0.2   0.4   0.4   0.2   0.2   0.3   0.2   0.4   0.3   0.2   0.4   0.4   0.2   0.3   0.3   0.4   0.3   0.3   0.2   0.3   0.2   0.2   0.3   0.3   0.3   0.2   0.3   0.4   0.3   0.2   0.4   0.3   0.3   0.2   0.3   0.4   0.3   0.4   0.3   0.4   0.2   0.3   0.3   0.3   0.2   0.2   0.3   0.2   0.3   0.2 
  175    81    82   166    30    90    87   125   170    52    66   118   158   140    57   180    38    99    27   115    23    87    77     7   168    56   114    15   138   124   172     2   118    16    72    75    43   167   152   178   118   115    24    16    46    45    24   139   161    59   155    59   117    76    25    60     4    97     8   112     7    43   117   180   139    44   139   144    59   105    51    21    89    13     1    76    24   177    46   162   151    59   126    55    35   156    24     9    37    19   141    52    80   100    46    18    51    61     2    38   151    28   161    79    83   160    62    35    36    44   115    67    13     3    42    19   103    60   172    55    35    85   153    93    58    26    30   165    31   126   145   152   163   104    54   175    43   122   173    91    27    61   117   107   105    65   112   154    30   144   108    60    69   162   105     1    89   117    10   121    53    82   127   131    21   147    53    39   161    47    76   168    39    43   143    32    52     2    25    83    33   179   173   127   101   132    51    56    84   152   164    26    43   131    80   129   110   115    64   132   104    84   116   141    11    54    65    90    80    63    94   132    50    35   165     1   102   130   163     6   105   166     2   149    99    69    82    81    81   114   169   146   132   141   145    70    13   110    78    25    56    92    24    92    97    81    74    10     3   154   177   146   122    93    99    26    28    67   166   133    41    33    27    86    77    77    69    71    19   127   111    85    78   125   175   126   173    94    88   170    86   112    71    32   160     2   109   119    36    60   120    58    14    75    91    62    33   100    49    84   125    31     3   133   106    80    99   147   110   119    72    30   117     6   174    90   151    71   101    62    99   162    30    77   107    53   178    76   144    73   151   141    48    54   126   121    78   135    22   130   164    42   109    52   130    73   139    38    27   126    94   138    43    63    70   112    82   117   118   155 
   14    80    71    78   159    74    46   172   105   179    60   166    87   150    34   159    85    85    83   104    40    45   160    88     4    30     7    93    46    12    11   141    65   145    20    60    85   149   141    31    44    82    74    33   151    99   103   138    18    94   115   119    79   119    47   165     8    11    21     6    27   168   137    86   155   155    79   129    92   177   164    92   131   107   103   156   120   137    97    85   176   149    20   129   142    91   116   142   129   167   104     1   112   180    86   143    76    80    66    48   177   115   101    64   163    77    79    47   135   113    87     8   163   164   133    68   149   161    36   105   150    15    12    86   152    82    79    97    68   108    32    95    86   167    20    61    66    36    59    99    26   145    71   150    64    30   139     1   148    66   175    77   114    55    17    84    64    71    54   133   163   149    88   161    46   166   160    85   158   142   133   168    34   114   177   114     7   153    39    86    64   159    22    97   151    99   170    81     5    62   102    36   111    82    34    82     5   113   113    44    37    98   133   149   167    53     4    42   151   116   156    43     4    15   167    28   137    62   115    73   139   128    97    73   158    79   116    72    80   100    81    59   116   116    69    86    89   175   171    35    17    10   143    68   169   167   124   164    91    20   165   160   168    28    54   113    51    76    91   111   148    12    44   120    31     3   103   159    51   103   130   154   142    89   145    37   146   179     8   142    11   175    70    70    90    48   176    76    25    59    67   170   144    57    75    29    33    18    78    35    96    18     3   100    12   139    66    70    48   120    43   145    29   146    29   152   143    22    73   103   135   132   140     1   171   100    75   109    47    53   124   164   149    29    38   121     2    10   180   167   112     3   167   101    84   180   159   114    17    97    50    85    30   152   173    49    59    71    14    69 
  160    69    49    70   128    97   174   114    70    72    56     5   149     5    52    42    31    34   153    79    24     8     6    61   150    68    44    95   177   148     6   120    55    33   146    33    91    54   172    35   134   111   159    89   155   126    95   120   141   134   169    15     3    59    27    25   168   148   129    85    82    76   177   102   157   140    48    19   122    85   156    98     3    77    74    10   123    40    73   106    74    83   108   178    35   134   116    93    59    60   137   147    86    21   176    17    90    76    93   117    74    11   178    64   150    54   159    44   139     8    88    11   170    26    58   132    11   160    85   139   150    65   147   100   146   179   159   127    97    96    62   101    58   125    88    12    61    98    27    72    41   151    90   116    80   146    56    77    34    51   116   169    83    73   108    92    77   152   172    96    24    23   111   120   173   171    87    83   178    36   105   106    85   142    80    59   164   138   178   144    74    24   151    19    31   146    15    10    92   139   165    38    22   104    76    32    96    89    53   154   122    27    34   141    45   160   130   149    49   126     9    30     9    48    26   100    74   109   128    68    90   180    82     1   105   150   152    89    83    56   115   172    39    58    73   103   123    50   149   118    53    98    73    53   144    31    66   119    14     9    28    54    57    67    78    77   132   176    65   165    40   121   157    91    43    10    53    40    22    15    91    66    16   147   156   123   109   148   165    24   101    33   168   132    47    37    25   159    21   164   111   169    25    99   178    18    94   152   133    31   104   156   172   128   147   170   124    99    37    47   106    46    66   167   143    58    17    58     5   149    70    34    85   166     1   155   172    67   129    27    72   152   179   141   148    81    21    21   157    73    14   156   155   154    56    56    97   166     2   111    11    35   139   166   106    53    28    62    59    23 
  150    57   122   175    58    27   135    50    24    68    53    70   166    89   175   127    85   142    90    46     9   146    22   102   107   110    40    13   101    72    63   122   157   124   164    83    74    89    69    59    31   158   144    39   128    79   145   179   101    78   175    47     9   152   125   155    67   144   150     4   157   106   118    70   157    77    17    80   126     7    74   171   158    32    82    68    77   108    27    30     1    98    65    40     7   175     2    76    55   158   122    18   122    79   124   109   144   139     6   138    26    62   101   114    92   123   171   117   118   117    40    45   162   135   147    67    76     6   118   141   130    15   103   165   153   111    55   161    85   136    91    34   147    48    80    53   174    89    26    54    82     7    81   129   150   138   120     8    89   175     4   174   171    74    38   135     1    22   128    80   128   132   165   162     7   123   177    72   116   143    79   168    34    68    94   112    10   146   150     4     4   162    47    87   125   156    81   118   144   100    87    70   173   118   154    30    74    14   151   162   137   123    68    26    64    27    67    28    53    55   150    22   147    61   112    91    53    32   170    78    38   119    68   132   157    15   178   121   162   105    65   122    10    91    81    56   102    12   164   179    10    99   176    65    34    69    60   150    57    36   166    51    51    75   120   158    39   128   145   116   126    76    34   177   154    12    52    95   102    55    62    57    60   160   142    68   114   141   160    58    18    35    75     6    76    92   132    94   115   163     4   161    86   171    63   131   153   105    60    98   152   136   167   151    33   160    85    10    70    90   170     3    55    52   148   179   178   139   115    78    50   128   159   178   130   179   138   125   168   170    97     7     4    71   102   166    43    93    15    48   137    16   173   132   104    25     7   125    76   120   163   179    69   129    82   145   118    34     5   106 
   49    11    49    73    21    39   112    89     2   100   139    29    32    44   103   131    35    66    60    50   111   108   116   102    21    66   179   132    42   138    32    42    30   140   151   108   132    86    80   114   148    43    14   177    85   161   121   156    55    16   174   163   171   132    70    65    39    50    73   168   106   120    70   157    18   169    74   117    64    56   102     1    28    51   114   173    61    26    84     3   177   172    22    16   161    33    82    64   148    52    53   124    46   153    20   122   171    91   152    27    30    18    51    77   121   122   163   141    70    19    30    84   172   173    35    21   148   111   152    44    22   180   174   117    87    78   151   103    28   110   156   137    45    32   177   138   166    31    56    65   103    12    82    11   166    68    68   101   103    54   157   173    48   157    92   165     8    14    69    11    96   150   175    60    52   119    49    48     4    96   162    83   107   100    77    19    83   109   123    54    74     1   158   128    35    74    71   127   100    94    46   136    19     1   146   114   153    88    54    75    12   170    87    87    68     6    15     9    26    32   136   125    51    45   140    81    25    87   146   172    31   179    36   139     6   172    20    99   110    17   122   106    91   140    60   117   160    91   138   165   136   116    97   100   173    42   151   110    61   107    21   149    70   179   139    97    35   132    45    94   156     8    97   118    14    52   114   116   112   133    52   176   132   100   141   128    57    45   120    93   133   167    84    62   134    52   131   178    88     5    63     6   143    27   174    75    63   129    58    53    67    68    35   133    34    10    12    37     4    97   125    19    84   102    30     8   123   147     4   165   151    76   144    41    65     1    11    12   121   179    51     2    38    34    23    65   100    95    14     3   110    88   158    43   128   105    88   180    69    10   119   130   137    57   162    38    32   108   152    96 
   84   152   152   168   134    26   163   135    14    27    52    89    36   127    82    52   174   131   111   177   105   143   111   161    33    12   168     1   120    67   128    89    25   126    91    87    71    25    63    97   178   166   142    21   139    11   170   129     5    39   174   160   113     8   127    29    91   180   173    72    33   164   158   179    44    25   131    15    52   125    44   137    14   165    92    76     8    97    43    47   134   143   163   159   153    88     8    10    39    89    55   162   163     9    29    71    41    52    10   113   157    80    30    87   135   114   146    19   130    31    85    83   151    43    44    18   104    64   124    93    75   121   171    30    32    43   124   135    14   113   148   116    53   160    39   116    70   162   115   132    40    67   142   156   163   178    86   166    38   169   119    46    66    43    73   110    82   168   112    14   107   150   133    98    66   179   152   134   176   157   154   125    73   101   101    73    89    14    11   103   153    55     8   152   166   125    38    52    42    86   149     9    91   147   126    74    27   144     2   149    27    91    90    29   128   147    11   136   168    89    79    82    40   110    74    19    89   175   148   108   150    19    77   161    73   101     3    80    67    60    16    45    15   137     1   155   115   158   113   179   150    41    52   178    67     1    80    11    57   125    65   136    57    60   160    88    36    20    74    59   136   127   131    21   179    15    30   130    81    31    96   157   114   101   167   126    74    43   125    28    45    96   126   117    47   154    60    61   150    64   155    30    17    52    61    58    11    54    14   101   122   155    29    58    70   119     6    40   106    71    32   117   146   177    55   138    13    88    27    61   110    12   139    23   148   156    72    75    97    56   178   132    12    54    63   107    45    16   135    97     7   119   166   179    87   133     2   172    85   125    84   127    47   154   174    69   139   173    92   131 
   62    84    81    16   123    74   112   156   167   178   138   117    51     9    68   150   174    62   180    92    46   140    39    21     1   165    40   109    65    37    66   153   122    99   176     1    34     3     9    64    24   172   154    45   151   158    35    64    47    95    44   124   102   131    12    91    73    67   134    35   104    44   175   151    58   108   120   103    18    34    62   151    13   129    36    28    60   112    41   180    39   101    33   124    41   130    28    84    10   128   113    63    60   105    77    78   115    32    24    21    63    35   115   160    46    40    26    35   156    72     3    44    29   100     3   134     6    97   108   178   116   176   123    74   169     2   180    86    22    74    14   150    64   163   127   121   131   173    46    27    71   101   106   136   159   155    26   166    46     2   144    68    18   137    18   146    99   166   179   164    60   157   131    39    39    54    75   180   110   114    99    77   174    84   172   146   176    63   117   143    51   168   114   119   140    54   137    62    38    21    89    60   127    59    28   177    29    32    45    42     9   115    55    49    76    48    40    20   114    78    30    74   116   118   138    42    42   162    41     5   137   174   157     7   115   133    53    70    36    76   140   113    91   155   145   125   160    90    18   134   143    80    53    71   158    91    57    83   137    41   102   143    73   170   110    15    93   138   135    34   149   159   177    32   115    91   143   158   130     6    16   117    97    80   167    12    93   158   128    37    62   104    36   151    42   117    78    49   131   126   146   157   155    68   179     1   152    52   164   165    22    85    45   103   130   143    76    98   127    19    24   113   154    60   153    19    90   174    48   171    79    80   142    81   111    67    56   141    89    79   107   123    66    40    10    51    36    68   132   178    18   100    74    21    35    81    80    92    46    87   109    74    94   157    29   123   116   101    55   111 
  117   166    47   152    93   144   153    34    38   156   111    92    18    37    62   149    59    28   175    26   100   126    87    62   134   138    24   110    14   150     2   130   171   153   162   102   174    86   163    52    29    52   164    34    65   139    23   118   170    96   123   175    25   160    92    97    98    40    57   145   144    27    14   151   103   153   156   125    95    38    20   160   178    91    76   163   139    75    71    44   122    81    65    50    60    49   157   166   113   169    14   155   147    39   176    71   140    71    99    42    87   112   114   148    80    15    85    61   139    60    37   117    60   130    96   127    15   133    74    77    40    26    55   133   122   133   134   165   151     7    49    14    94    36    16    41    81   157    37    56   135    73    53   164    77    22    82   117    33    91    29   160     2   160   119   120   154    81   154    77    64   123   101   106   167   142    36    98   119    66    76    44   105   138   141    19    27    46    23    35   102   144   100   133   123   164    12   157     1    44    35    14   167   130   148    66    15   114   174    56   120    12     4    95    79    88    85   124    89   166    78   152    23   129    28    21    17   168   146    76   169    54   135   176    41    36   117   180    76   151   162   123     2   124     7     7    17   156     1   173   179   169   141   180   176   144   166   152    91   140   165   138    88    63    55   105    12    36    46    27    90     2   179    54    48   151   118    15   140    93    14   116    57    81    78    91    72    10   140   176   143    19    88    51    61   174    69     5   177    30   166   155    29    50     2   122    99   125    39   160    42    78   177    26    58   100   157   180    63    56    81    73    31    42    39    57    17   127    47   177     3    72    67    69   102    79   177   165   156   115   136   159   146    70   109    62    87    54    41    86   141   156   179    72   172   126   128     1    17    30     8    82    85    31     7    32   146    31   155    32 
   59   147    18   104    88    13    28    91    45    32    73    35    61   115     6   101    46   144    38   146   151   174   114    26    70   171     9   175   108   149    95    69   176    69   164    15   163    91    91   172    72   146   100    64   166    98     8   119    61   170    49   142    83    43   176   165   145   115   115   130   118    72   142   153   116    87    30    82    73   145   149   158   167    59   104    84   108    96   122   159    75   179     5   122    51   172   147     4    35    52    52    83    35   171   130   125    61   110    77   123    17   138    56   132   180   173   127    41   145    27     2   180   140   167     7   137    11    25    46    49   117   175    10    50   149   119   172   129    36    29    89   160   153   180    63   112     1     3    96    68   114   137   158    75   109   140   174   138    55    36   117   129   139    75    49    44   108   174    53   158    34   117   121   164   119     4     3   123    15     4     9    57    50   154    78   113   145   125    53   166   176     9    69    46    88   154   173   170   123    96   142   157   103   129   114   135   174    69   134    89   141    98   132   156    17    34    95   177    24    51   126    50    75   141    94     6   137   138    94   153   130    91   126    15    85     3    96    88    99   122   140    68    42   120    14   127   149   180    99    21     6   113   166    78    59    61   177   166     2   125    75   104     1   168    72    36   100    60   178   127    53   175   150    33    66    87    33    49   180   180   131    99    32    10    85   100    22   105    11   172    73    76    35   122    51    46   166   117    96   124    20    40   144   102    24    15   166   164    66     4    86    45    22     6   160    55    87    12     2   121   178   135    67    44   154   102    66     3   137    50   165   145   136   178   122   127    47   157     3    14    81   163   160   128   179    66   137    26    50    77    73    53   106   142    96   158   163    69    13    45    96    48    44   177   179    79    75    56   114    34 
   59   116    73    88    82     4   135     1    42    36    63    86   177   131   138    65    55    29    41   167    88    79   177   110    58    35    65    94    13    81    52   118   149    79    62     3    42   104   177   169     9   146   176     9   176    78    54   129    49     8   119    92   131   155    50    65   165   145   130   101   113    24   141   144   124    33   120   155    37    52    98   141    82    22    94   146   164    72   172   134    18    61    41    91    50   102     6    11    46     6   174    71     7   113   142    94     1    43    87   172   159    45    21   100   165   145   108    66   101   125    28   106   113    91    77    48   170   166    25    76   102    45   108   117    72   175    64   166   130   111     9   102    78   175    86   168   174   121   120   156    89   110    75    19    33     1    11    80    69   101    61   115   107    44    33   163   153    63   128    91   177    76    14    31   117   177    45    14    43    38    74   101   111   117   161    32    88    51    79    37    45     2   111     9    33   151    70    40   161    41    44   117    97    77   146    30   147    27   162   101    49    82    88   111   138    92    51     4    24   100   118     7    91    70    16    25    59   157    61   103   160    53    94   179   159   178   106     7   164    61   110    37    71    80    48    35    59    24   170   176   152    95   114    85    92   116   115   158    61    98    64   117   145   166   120   161   144    74   163    58   137   114    83   140    97   157    92    42    34    61    43   165   123   160    25   167    80   130   160    63   163   152    63   154     1    73   107    47   164   138   161    99     9   154    60    21   159     9   162    97    21   106    23    12   169    26    90   141    25   109    25    51     4    59   124    13    54    10    62     7    14    88   102   168   127   166   167    21   102   120   106   127   141    13   163   148    45    45   124    98   162    45    47   172   108    15     2    87   169   165   117    73   118   168    68    74    40    32    29    74 
   83    49   107   155    12    39    89   180   150    73   164   156    24   158   139   168   131   100    61   149    38    74    61     4   161   112    13   111    63    43   127   174    23    39    82    56   102   154    82    58   178   109   119    24    86   110   180    23   105     8   160    25   163   167   133    45    51    39    74    22    94    49   136    52    79    69    53   129   150   109    25   116    78   136    92    32   118    60   117   125    26    11   120   123   179    98    10    43   163   105    69     7   177    72   164     2    64    62    82    78    85   170    53    74   105    21    84    60    68   102   120    19   166    62   136   126   153   126    22   141    33   122    57    52    93    97   120    17    22    34    24    75   133    17   178    44   149    54    40   115    37   168   151   133    85    75    89    67   135   178   100    77    88    20   133    58   125     4    85    25     9    89    25    42   125   132   143    15   165   134   126    50   148    62     7   105    33    81   165    60     9   161   121    27    92    87    59    17    78    75    44   117   130   135    35    13    40    88   124    45   132    43   169   109    56    27    74    76   135    50   132    89    15   159   129     7   175   172    32    83    35    51    65   128    83    67    56   152    17   157   123     6    65   144    46   124    41    78    75   109    16     9   132   128    75    14    79    15    23    44    86   126    68    64   101     1   103   107   132    75   130   134   138   173    79   138    98   157   162     9    96    70   161   116    47   132   126   124    76   126    48     4    54   166    87   132    92    66   138    76    20   134   166    35    52   153   148   116    90     5   143    94    45   142   111    67     1   115   170   111    13    78   172   122   173   102    78     9   108    69   131     8    53    96   165   129   124    76   146    83   175   169    46    13   173   146    90    43    25   176    84   133     2   125   152    48    39   109    90   165   115   141    74   136    77   120   149    10     3    38 
   10   155   107   126    26    17   128    20    71    55    96     7    73   172    95   113     9   110   145    45    80   141    27    19    25   150    26    16   180    18    94   180   166    47    23    99   178   179    53   163    90    16   139   104    16   119    33    36    99   115     3   127    73   104   107    44   166   125   153   124   137    88    78   156    65    39   161   165   158   166     2     6   141   176   169    61    74   134    83   180     5   135    67   118   174    85   164    82    22   167    52   114    69     7   166    34    69   161   102   101    28   166    47    44   132    90   133    24   119    94    97   136    56   139    70   175    57    53    51   122     9   139   120    99   171    33   125   100    50   178     4    86   141   172    90    93   143    73    71    20    58    36    98    62   171   137   109   149    15     5    38    16    64   131    40   127    59   163   155    71   171    65    44   108   164   132   138    81   173   178    96    47   159    95    77   115    28     6    75    84     5    23    63    78    55    35   152    79   103   164    63    71   174   170    25    93   120    28    49    88    81   159   143     6    48   138    55   102    39     9   158    41   124   145   159    56   161   153    74    78   174    73   111    96    26   164   136   175    61    82   124    41   106   158    17    77   113    55   124   112    90   177   172     9    62   101    81   112    94   156    31   173    41   180    83     5     5    61   128   119     1    74   142   178   173   152   122     8    79   171    74    44    92   120    72    52    58     8   120    35    95     8     7    28   161   128    56   170    42    25   105     3   118   127   161    86    16   146   113    56   108    67    35   102    32    49    59   139    88    70   106     9    28   179    90    36    42   107   148   117   138   155    98   118   159   149    83    38    99   178   141    94    87    13    81    60   132   119   111   114    18   163    57    51    74    19   137    88    68   110   134   112    78   128     1    98   115   130   177    73 
 0.00  0.28  0.38  0.34  0.24  0.32 
 0.28  0.00  0.20  0.30  0.29  0.22 
 0.38  0.20  0.00  0.33  0.25  0.35 
 0.34  0.30  0.33  0.00  0.27  0.35 
 0.24  0.29  0.25  0.27  0.00  0.21 
 0.32  0.22  0.35  0.35  0.21  0.00 
