120 12
6
     34496
     38497
     37084
     36900
     34831
     39411
  1.3  27.8 486.6   1.6
  2.9  43.1  76.9   2.2
  1.1  16.5 467.8   1.6
  2.9  42.9 328.5   2.1
  1.4  30.8 434.2   1.9
  1.6  47.3 833.0   2.4
  3.9  33.7 355.8   2.5
  4.1  30.1 431.4   2.1
  2.7  27.7 633.5   2.2
  4.0  35.0 865.4   1.5
  4.3  13.2 149.0   2.3
  2.9  47.0 764.7   2.0
  2.4  16.6 511.9   2.4
  2.4  25.6 133.4   2.0
  4.5  41.4 723.1   2.2
  2.4  45.3 310.4   1.5
  3.4  28.2 283.9   2.5
  4.7  21.7 394.0   1.6
  4.0  23.7 921.2   2.1
  2.8  32.1 795.0   1.7
  1.4  12.1  50.8   1.9
  4.7  16.1  51.2   2.0
  1.7  10.6 536.0   2.2
  4.2  49.6 897.1   1.7
  1.5  22.9 593.9   2.3
  3.1  14.0 902.0   2.5
  1.6  42.4 415.9   1.6
  4.8  32.0 880.0   1.6
  1.0  12.1 772.8   2.4
  1.4  31.4 369.9   2.4
  4.5  25.1 394.2   1.8
  4.3  10.9 686.7   2.2
  4.3  25.1 893.5   2.2
  3.0  21.9 513.4   2.2
  4.1  39.6 825.4   2.0
  2.8  26.9 160.2   2.1
  1.1  27.1 825.4   2.3
  1.8  39.6 757.7   2.1
  3.0  26.7 319.5   2.0
  4.1  11.7 510.7   1.7
  4.3  24.4 297.0   1.5
  2.3  37.7 354.9   1.6
  2.8  42.4 653.8   1.9
  2.7  43.7 158.8   2.3
  5.0  17.9 789.1   1.5
  2.6  15.3 174.0   1.7
  1.5  33.0 687.2   2.0
  2.0  45.4 114.6   1.8
  2.6  34.1 171.6   2.4
  2.8  22.3 597.7   1.8
  2.2  31.7 772.0   1.7
  2.3  24.8 881.7   2.3
  1.9  12.2 218.1   1.9
  3.4  42.7 902.0   2.1
  1.5  46.4 537.8   1.8
  3.3  44.5 279.1   2.2
  2.5  47.0 630.6   1.5
  1.0  44.4 371.8   1.7
  1.4  14.6 490.2   2.5
  1.0  34.6 628.0   2.1
  4.3  22.6 932.8   2.0
  4.7  29.7 858.5   2.4
  3.4  34.3 447.8   1.7
  2.6  29.8 483.6   1.8
  3.2  27.1 806.0   2.1
  4.5  33.5 281.7   2.0
  4.5  17.0 749.7   2.2
  1.1  48.8 476.0   1.6
  4.2  40.9 308.3   2.3
  3.6  35.8  57.2   1.9
  3.9  13.3 315.6   2.0
  4.2  20.5 598.4   1.7
  4.3  40.6 271.4   2.0
  1.0  14.8  68.9   1.6
  3.6  41.7 289.2   1.9
  1.1  45.8 375.5   2.2
  4.8  36.0 609.6   2.0
  2.4  15.9 582.0   2.3
  2.2  17.0 567.5   2.5
  4.6  33.3 359.3   1.6
  1.2  32.0 167.2   1.9
  2.1  26.7 819.3   2.0
  4.4  12.6 577.9   2.3
  3.5  41.3 845.3   2.0
  3.5  46.1 261.7   2.2
  4.4  40.1 149.4   2.4
  2.2  21.5 417.0   2.1
  3.9  49.6 349.4   2.4
  1.9  30.5 544.3   1.6
  2.7  36.6 288.9   1.9
  2.1  12.4 453.0   2.5
  1.7  19.7 746.9   2.4
  1.5  24.5 327.6   2.4
  3.9  29.0 883.5   1.7
  2.2  13.5 344.1   2.4
  3.3  36.5 263.5   1.5
  1.6  21.3 110.7   2.0
  4.6  17.2 826.0   1.7
  4.8  30.0 353.1   1.8
  2.5  14.2 269.1   1.7
  1.5  49.8 473.8   1.7
  2.0  17.1 569.0   2.4
  4.7  25.1 374.4   2.1
  1.2  12.9 630.1   2.0
  1.1  31.2 284.1   2.4
  2.6  10.2 942.7   1.7
  1.4  10.1 701.0   1.7
  2.5  11.2 318.9   1.6
  1.6  29.2 695.4   2.1
  3.4  13.8 615.1   1.9
  4.0  35.6 508.1   1.8
  2.5  49.7 511.8   2.2
  1.3  21.4 430.8   1.9
  2.2  19.9 518.8   2.5
  2.9  11.0 348.5   1.7
  2.5  25.1 200.6   2.2
  2.9  32.6  79.6   2.1
  2.4  10.0 315.0   2.1
  3.2  31.0 723.9   1.9
  2.5  12.2 677.1   1.6
  2.6  27.1 408.4   2.5
  1.8  45.2 465.8   1.8
  1.1  30.6 167.0   1.7
  4.1  16.8 665.9   1.9
  3.6  36.4 846.1   2.1
  4.0  29.0 325.4   2.3
  3.3  44.5 340.6   2.2
  3.6  41.4 875.9   2.4
  2.4  20.6 400.4   2.3
  2.9  11.8  53.1   2.1
  1.3  29.0 163.4   2.0
  1.4  23.5 513.5   2.2
  4.1  10.1 263.7   1.8
  2.2  39.4 732.3   2.4
  3.9  47.3 465.8   1.7
  1.5  31.5 730.8   2.4
  1.8  28.0 613.0   1.6
  1.1  19.2 542.4   1.5
  3.5  26.1 728.3   2.1
  2.8  23.0 922.4   2.3
  4.2  25.1 882.2   1.5
  2.2  34.9 294.9   2.2
  3.3  45.3 264.7   1.7
  1.2  41.5 166.6   2.5
  2.5  47.7 535.0   2.0
  1.0  32.2  96.7   1.8
  1.6  43.7 104.8   2.2
  2.7  34.1 371.0   1.9
  5.0  47.1 912.3   2.1
  2.1  28.8 364.0   1.5
  2.1  25.5 691.0   2.4
  2.1  19.2 921.4   2.2
  2.0  30.9 403.0   2.0
  4.8  17.7 207.3   2.5
  4.7  13.2 497.0   1.9
  4.9  32.6 380.4   2.3
  2.6  12.1 202.4   1.8
  3.6  30.6  54.6   1.6
  3.1  35.9 657.6   1.9
  2.9  12.4 857.5   2.4
  4.2  32.1 880.5   2.0
  3.0  12.5 151.1   2.4
  2.2  26.9 338.3   1.9
  4.8  31.3 546.3   1.8
  3.3  33.5 252.6   2.2
  4.4  14.1 173.0   2.0
  2.7  17.0 350.5   2.4
  3.9  43.0 520.2   2.1
  3.8  25.0 874.3   1.7
  3.5  48.1 352.7   2.5
  2.6  21.7 350.1   1.8
  2.7  26.9 415.6   2.5
  2.2  18.9 677.3   2.2
  4.7  15.2 355.4   2.3
  3.5  47.3 844.4   1.5
  4.8  38.3 744.9   1.8
  4.2  22.8 809.7   1.7
  4.8  24.7 528.8   2.1
  4.5  26.2 445.3   2.4
  1.2  17.6 760.3   2.1
  3.7  48.7 853.8   2.4
  4.9  38.2 101.5   2.5
  1.9  12.8 194.6   2.1
  2.5  23.1 503.8   1.9
  4.9  20.3 919.5   1.8
  3.6  25.5 352.7   2.4
  2.8  25.0 673.1   1.7
  1.0  26.8 236.0   2.0
  1.1  40.5 310.7   2.3
  1.9  19.9 516.6   1.7
  3.3  46.5 588.5   2.5
  2.8  21.8 765.8   1.9
  3.6  11.7 822.0   2.1
  3.8  27.6  70.6   2.2
  2.7  47.3 555.9   1.9
  2.0  29.1 758.4   2.3
  4.4  16.6 825.1   2.2
  2.5  16.1 902.3   2.0
  4.8  27.2 805.1   2.2
  2.4  37.0 681.9   1.6
  4.9  24.3 617.8   2.0
  3.7  44.9 932.1   2.5
  2.1  31.0 149.8   2.1
  4.5  22.7 701.6   1.9
  1.1  45.7 531.7   1.6
  4.7  43.5 558.0   1.8
  4.3  49.6 806.9   1.6
  4.0  37.6 369.4   2.0
  1.3  20.5 276.3   2.2
  4.6  49.7 869.5   1.9
  2.1  26.2 876.7   2.0
  3.3  39.0 947.4   1.8
  5.0  39.2 121.4   2.1
  2.8  35.1 939.6   2.3
  4.9  46.0 341.6   2.4
  2.5  44.8 947.3   2.1
  3.5  48.3 426.5   1.5
  2.8  24.0  91.6   1.6
  4.4  15.9 239.8   1.5
  1.7  28.6 383.9   2.1
  4.9  35.8 512.0   2.3
  4.9  40.6 921.9   1.8
  2.5  32.3 815.5   2.1
  2.5  12.2 653.8   1.6
  4.6  28.4 887.4   1.9
  4.5  38.3 683.2   2.5
  4.2  35.1 690.8   1.9
  1.3  11.8 496.4   1.9
  4.2  48.2  78.8   2.4
  3.7  33.3 777.1   2.4
  3.1  32.1 506.3   1.6
  4.1  31.4 175.4   2.0
  3.5  35.7 404.5   1.9
  3.6  30.5 896.7   2.0
  2.4  11.1 337.3   2.2
  1.8  39.5 713.9   1.5
  1.7  11.7 497.0   2.5
  1.2  12.5 427.9   2.5
  1.3  10.4 695.9   1.6
  3.6  38.7 739.0   2.0
  4.5  26.2 437.4   1.7
  2.9  28.9 453.3   2.3
  2.0  12.5 412.9   1.8
  2.0  28.0 186.3   1.9
  2.7  36.3 306.9   1.6
  4.4  44.4 180.5   1.6
  3.6  40.3 867.7   2.1
  3.9  47.0 224.2   2.0
  4.9  35.4 831.6   2.1
  4.6  46.3 525.4   2.3
  4.4  28.2 426.7   1.6
  2.5  17.9 588.6   1.9
  4.3  24.6 444.0   1.7
  4.6  43.1 109.3   2.0
  1.8  35.3 524.5   2.2
  4.3  31.9 779.0   1.5
  1.1  35.1 503.8   1.5
  4.3  35.6 616.6   2.3
  4.1  38.3 122.8   2.5
  3.6  35.6 865.4   1.9
  4.8  47.0 912.5   1.7
  2.1  26.9 326.4   2.0
  2.1  32.7 770.4   2.1
  1.2  48.8 526.1   1.6
  4.2  22.6 645.4   2.1
  1.3  40.9 934.2   2.4
  4.2  14.7 554.1   2.5
  2.0  21.7 545.0   2.5
  3.5  10.6 461.1   1.8
  1.7  43.7 190.6   1.5
  3.8  31.5 379.8   1.8
  1.7  17.5 278.8   2.4
  4.9  42.8 842.8   2.4
  4.0  34.6 501.7   1.7
  1.0  23.0 558.2   2.1
  4.5  41.0 514.1   1.7
  3.7  18.8 691.9   1.9
  2.3  23.2 183.8   2.3
  2.6  12.4  66.9   2.4
  4.8  15.7 930.9   1.6
  4.2  49.7 148.4   2.2
  2.3  31.8 326.3   1.9
  1.7  21.3 328.3   2.5
  1.5  14.9 210.6   2.2
  2.9  41.4 384.7   1.5
  1.7  42.3 159.2   2.3
  3.1  29.6 417.2   1.8
  2.1  37.9 807.2   2.5
  3.0  49.9 907.5   1.7
  1.9  22.7 928.0   1.7
  4.2  16.9 600.4   1.6
  3.9  48.9 922.6   1.7
  1.5  13.3 506.0   2.2
  3.2  17.2 480.9   2.3
  1.5  32.0 942.6   1.7
  4.2  47.6 942.9   1.6
  1.4  22.7 317.6   2.5
  3.9  15.8  60.3   2.3
  1.3  44.6 142.7   2.0
  4.1  46.7 480.0   1.7
  2.3  15.9 727.5   2.4
  2.9  41.5 243.4   1.7
  3.2  25.9 583.7   2.4
  1.7  45.0 832.9   1.9
  1.2  43.7  94.5   1.6
  4.5  27.0 302.0   1.7
  2.7  33.9 188.1   1.9
  2.2  45.0 411.7   2.2
  1.6  23.7 298.4   1.8
  4.6  39.9 885.5   1.6
  4.4  34.6 266.1   2.4
  4.9  29.6 235.2   2.0
  3.0  48.8  96.2   2.1
  3.8  39.3 291.5   2.1
  1.8  25.0 665.2   2.5
  3.8  44.6 287.7   1.8
  2.6  12.9 773.9   1.9
  2.2  22.2  81.0   2.1
  1.8  36.3 355.1   2.4
  1.2  30.2 154.7   2.4
  1.7  25.1 845.9   2.1
  1.9  38.3 884.3   2.5
  3.3  22.2  54.2   1.9
  1.4  17.6 415.1   2.2
  2.9  48.0 290.2   1.9
  1.7  45.5 313.4   1.9
  4.9  40.7 936.1   1.8
  4.7  47.7 920.8   1.9
  4.0  13.4 408.3   1.5
  2.5  38.5 128.6   1.9
  1.4  18.6 495.6   1.7
  1.8  24.7 544.1   1.7
  1.9  40.5 665.3   2.3
  4.3  19.5 621.6   2.2
  4.8  39.2 426.9   2.1
  1.4  47.4 268.4   2.3
  2.3  15.7 931.5   1.6
  4.3  21.4 141.0   1.7
  1.7  13.9 189.5   2.3
  4.8  48.3  61.0   1.6
  2.9  27.3 176.8   1.8
  4.7  16.8 655.1   1.7
  3.3  21.8 766.8   1.7
  3.1  43.1 460.0   1.8
  3.4  32.1 263.6   1.7
  1.8  26.3 707.8   2.1
  4.4  29.5 621.4   2.1
  1.6  17.1 360.5   1.9
  1.7  49.6 878.2   2.1
  3.0  41.0 750.8   2.2
  4.8  19.3 454.9   2.0
  1.8  39.2 382.4   1.7
  3.5  39.4 681.8   1.6
  3.9  47.0 606.6   2.0
  4.2  16.0 420.2   1.6
  1.7  12.1 449.9   2.1
  3.7  42.5 402.6   2.3
  3.7  49.7 414.2   2.3
  3.4  29.5 257.3   2.4
  4.0  22.6 360.1   1.7
  2.0  48.0  54.4   1.6
  2.8  33.1 694.1   2.5
  1.2  41.2 623.0   2.5
  2.6  17.3  65.7   2.1
  2.0  46.6 231.5   1.9
  2.7  38.5 505.7   1.7
  3.2  28.7 667.6   2.3
  3.3  10.1 615.1   1.9
  3.2  24.1 471.3   2.1
  3.9  25.0 400.9   2.2
  2.7  31.4 797.5   2.5
  2.3  32.0 256.9   1.9
  4.9  27.0 299.1   2.3
  2.9  45.7 840.5   2.0
  4.9  35.2 503.4   2.0
  4.8  27.9 204.3   1.7
  3.5  19.6 205.9   1.6
  4.5  19.3 584.5   2.2
  3.1  26.2 426.5   1.7
  2.5  29.0 721.6   1.9
  3.7  46.3 514.0   2.0
  3.0  34.5 413.3   2.2
  3.9  44.2 528.0   2.5
  2.5  25.4 832.9   2.2
  2.7  16.3 260.4   2.0
  2.4  25.5 226.8   2.4
  2.6  32.8 239.6   2.0
  3.7  46.4 936.6   2.3
  4.7  32.3 221.3   1.9
  4.8  20.7  76.0   2.5
  4.9  35.3 221.1   1.6
  4.4  27.5 640.3   2.1
  1.1  36.6 746.4   1.9
  4.5  29.7 408.4   2.1
  1.6  15.4 818.3   2.4
  2.1  14.1 783.7   2.2
  2.6  33.4 552.5   2.2
  4.0  42.5 525.0   1.9
  5.0  24.0 692.3   2.5
  2.3  39.3 811.3   2.4
  4.5  38.1 693.4   2.1
  1.6  25.9 575.2   2.2
  3.6  47.5 189.4   2.4
  3.5  36.6 726.5   1.6
  2.8  23.0 752.0   1.5
  1.3  12.2  83.3   2.3
  2.2  44.0 718.3   2.1
  1.2  16.5 169.5   2.4
  2.8  10.2 329.5   1.5
  2.6  32.7 105.3   2.3
  2.5  36.3 667.1   1.7
  2.4  46.5 683.6   2.1
  3.0  24.6 876.3   2.0
  4.7  39.3 549.7   2.2
  5.0  14.0  69.5   1.9
  3.7  31.8 484.6   1.5
  1.1  42.9 159.3   2.1
  2.6  43.7 902.0   1.6
  4.4  44.2 351.5   1.5
  3.4  21.6 291.7   1.8
  4.0  21.0 656.5   2.2
  3.0  20.2 134.1   2.4
  2.4  36.9 182.9   2.3
  4.2  18.6 858.0   2.4
  3.8  44.3 623.1   2.1
  1.4  27.6 633.9   1.9
  1.6  16.5 844.6   2.5
  3.7  13.9 217.0   2.4
  3.2  35.2 726.4   1.5
  4.3  24.7 418.3   1.7
  2.2  45.8 117.3   2.4
  1.6  21.9 652.9   1.8
  1.1  48.5 351.6   2.3
  4.7  45.9 586.0   2.0
  3.1  34.8 827.4   2.2
  2.8  36.1 602.2   1.7
  4.3  45.8 667.5   1.7
  4.3  14.7  55.0   1.6
  2.5  39.3 766.2   1.9
  2.8  22.3 353.0   1.6
  2.3  43.3 751.0   2.4
  4.2  35.8 255.6   2.5
  2.4  22.7 830.2   1.8
  2.7  11.2 459.6   2.2
  2.4  38.9 407.1   2.5
  2.9  12.0  90.1   1.8
  3.5  27.2 379.9   2.5
  3.1  11.4 598.0   1.8
  4.8  39.3 239.2   1.9
  2.8  42.2 166.5   1.6
  3.5  29.7 671.4   2.0
  2.3  21.1 624.7   1.6
  1.7  19.3  56.3   2.5
  1.3  49.2 129.3   1.6
  2.6  24.4 346.9   1.6
  2.6  35.8 769.0   2.3
  2.9  10.5 857.4   1.8
  2.2  37.5 307.0   2.3
  2.1  27.0 441.3   2.4
  1.8  14.6 142.8   1.7
  4.3  32.8 872.2   1.7
  2.2  24.3 501.8   2.5
  4.5  48.4 347.6   2.1
  4.9  23.1 703.0   2.2
  2.7  14.1 207.7   2.3
  2.6  38.1 326.2   1.8
  2.2  26.6 705.1   1.9
  4.0  37.6 708.6   2.0
  1.8  40.8 794.0   1.5
  2.3  36.0 399.9   2.3
  4.3  34.4  97.8   1.9
  2.0  30.9 710.5   2.4
  2.1  49.0 473.2   2.1
  2.8  23.7 209.0   1.9
  4.9  26.5 358.2   2.0
  1.3  18.2 781.8   2.0
  1.1  46.6 358.4   2.1
  2.1  10.4 752.3   2.3
  4.5  19.5 307.8   2.1
  4.6  18.4 607.8   1.9
  3.3  49.7 792.5   2.1
  1.9  19.9 921.5   1.7
  2.4  42.0 232.9   2.2
  4.4  32.0 314.1   2.5
  1.2  12.2 622.6   2.5
  3.0  49.2 323.9   1.6
  4.9  42.9 495.0   2.1
  3.5  49.9 340.3   1.6
  4.6  27.1 488.9   2.2
  4.3  45.7 351.4   1.5
  2.5  34.0 662.4   1.8
  1.6  42.0 162.7   1.6
  3.5  22.0 375.7   2.1
  2.0  46.8 147.2   2.2
  1.1  43.8 219.9   1.8
  1.1  23.7 289.4   2.1
  1.8  31.7 168.5   2.2
  1.1  13.2 858.6   2.2
  4.5  27.5 512.2   2.3
  3.0  48.7 889.9   1.7
  3.0  14.3 788.4   2.1
  4.3  12.7 341.1   2.1
  4.1  29.7 171.4   2.0
  3.0  20.5 163.6   1.5
  1.7  13.8 671.7   1.9
  2.0  36.6 233.5   2.0
  4.0  39.1 464.2   2.4
  4.3  16.3 717.8   2.3
  2.9  49.8 750.2   1.6
  2.3  25.7 574.2   1.7
  2.6  25.9 701.0   1.7
  1.5  11.6 849.7   2.1
  2.2  17.2 653.9   2.3
  4.4  37.8 346.3   2.1
  4.7  42.8 204.1   2.1
  3.7  28.7 682.1   2.2
  2.6  28.3 242.8   1.6
  2.9  14.5 368.5   1.9
  4.3  22.0 282.7   2.0
  1.2  45.4 437.2   2.0
  3.1  31.3 795.7   2.4
  1.9  43.4 532.4   2.2
  2.8  26.2 842.7   1.9
  4.8  47.9 247.8   2.3
  4.6  40.6 556.0   2.4
  3.0  40.8 566.3   1.7
  3.7  15.8 290.4   1.7
  1.2  20.6 614.9   1.5
  3.3  43.2 674.6   2.0
  3.7  21.1 206.9   2.3
  1.3  11.8 478.0   1.7
  1.9  36.8 738.0   1.9
  1.4  42.5 597.4   2.1
  2.0  18.1 931.2   1.9
  3.1  43.6 251.8   2.2
  1.8  20.2 814.9   2.1
  2.5  17.3 111.1   1.7
  5.0  41.2 366.2   1.6
  2.2  22.3 349.4   1.8
  1.6  23.7 899.9   1.7
  1.5  24.9 458.9   2.2
  1.2  42.3 745.8   1.8
  4.5  37.4 847.3   2.2
  3.8  27.4 487.6   1.6
  2.5  41.8 413.8   2.1
  3.8  11.3 596.4   2.4
  1.0  31.8 590.3   1.9
  3.7  27.4 313.8   1.7
  3.0  37.2 762.9   2.3
  2.7  11.3 818.0   1.6
  2.9  40.1 555.6   1.6
  2.8  11.3 655.8   1.8
  4.8  26.3 332.5   1.6
  1.2  37.3 496.8   1.9
  1.2  42.4 208.6   1.9
  4.2  32.1 819.1   2.1
  4.0  37.2 206.1   2.2
  4.3  23.3 592.8   2.3
  4.5  13.2 393.0   1.6
  3.3  12.5 277.7   2.1
  2.3  17.9 781.5   2.0
  3.8  26.7 268.7   1.9
  2.3  45.4 834.9   2.5
  2.7  30.4 220.7   2.3
  4.4  33.2 239.0   2.4
  2.5  29.8 259.3   2.3
  2.1  38.3 407.2   1.9
  1.1  25.7 939.5   2.2
  3.3  15.5 443.4   2.1
  3.6  17.4 477.5   1.6
  1.0  32.1 305.6   2.4
  3.5  34.0 482.3   1.6
  1.6  40.9 128.7   2.2
  2.9  45.7 270.1   1.8
  1.9  21.0 533.9   1.5
  2.4  22.3 571.0   1.8
  4.9  48.2 342.5   2.3
  2.0  43.9 548.7   1.9
  3.7  37.1 847.3   2.0
  4.3  34.5 349.3   2.1
  1.6  34.4 676.4   1.7
  3.3  12.6 351.2   1.6
  2.1  44.7 856.0   1.9
  2.1  36.2 781.4   1.6
  2.8  34.0  55.4   1.8
  3.2  30.8 805.8   2.0
  1.2  47.6 467.8   2.1
  2.1  19.9 221.5   1.8
  1.1  48.2 391.8   2.0
  4.5  30.1 597.9   1.6
  2.3  33.6 817.2   1.5
  4.5  11.8 211.0   1.7
  3.9  32.2 671.3   1.9
  4.0  21.5  57.4   2.4
  2.4  38.6 546.4   1.7
  1.1  31.4 644.3   2.1
  4.3  26.7 856.1   2.0
  1.8  17.6 318.6   1.8
  3.8  33.2 413.6   2.2
  1.7  33.9 635.0   2.0
  2.3  46.7  87.8   2.4
  4.6  29.4 495.7   2.0
  1.4  23.2  93.6   2.3
  3.3  40.5 930.7   2.4
  1.4  11.3 300.9   1.5
  4.6  30.3 895.6   1.9
  1.4  38.6 321.8   2.0
  2.9  41.7 826.0   1.8
  2.7  20.3 584.4   1.7
  1.8  33.2 550.3   1.8
  1.7  31.1 396.1   2.1
  2.6  43.3 180.4   1.6
  1.4  28.6 685.9   1.7
  4.5  28.8 362.1   2.1
  1.9  29.0 285.6   1.7
  3.2  18.0 478.6   1.8
  3.9  42.9 495.6   2.5
  4.7  16.2 929.5   2.1
  3.6  25.8 830.8   1.7
  4.8  17.8 760.1   1.6
  4.7  45.5 662.4   2.5
  2.0  36.5 483.6   2.5
  4.2  18.1 618.2   1.9
  4.9  26.7 877.9   1.6
  2.7  17.6 719.3   1.7
  2.0  42.1 568.9   2.5
  4.1  10.1 715.8   1.8
  1.8  36.9 189.5   2.4
  4.5  35.2 828.7   2.5
  1.3  25.1 139.7   1.7
  2.2  10.9 780.9   1.9
  1.1  23.5 249.4   2.2
  4.2  17.2 930.1   1.6
  3.1  36.7 895.4   1.6
  3.8  28.7 908.3   2.4
  4.5  31.7 492.1   1.7
  3.4  49.6 638.4   2.0
  4.9  13.7 830.4   1.9
  4.5  19.7 422.4   1.6
  2.9  40.9 125.5   1.9
  2.4  32.3 800.5   2.3
  3.0  35.7 490.0   1.5
  3.4  30.3 420.5   2.4
  2.9  28.3  81.4   1.8
  4.9  42.0 135.8   1.6
  4.6  18.3 422.6   2.0
  1.7  41.3 434.8   1.9
  1.6  32.0 945.0   1.5
  4.4  29.6 472.7   2.5
  4.3  36.2  77.3   2.4
  1.6  21.8  82.5   1.9
  4.5  30.1 666.9   2.4
  4.5  37.2 730.4   1.6
  1.6  45.2 135.7   2.0
  3.9  16.7 363.6   2.3
  3.3  20.1 214.2   2.3
  2.9  46.8 349.3   1.9
  4.3  27.9 797.0   1.9
  3.1  46.8 292.8   1.8
  2.3  14.9 409.7   2.1
  2.2  25.4 815.0   2.4
  1.5  32.5 419.1   1.7
  4.6  28.3  63.2   1.8
  4.2  49.8 531.7   1.6
  4.3  10.8 922.0   1.9
  2.6  47.8 407.3   2.4
  2.4  18.7 486.1   1.8
  3.7  34.0  96.9   1.7
  4.8  36.0 664.0   2.1
  3.6  41.2  96.1   2.2
  3.0  17.5 401.7   1.7
  2.8  38.5 733.0   2.5
  1.8  40.0 839.7   2.3
  4.9  25.9  93.6   2.1
  4.3  10.8 655.4   2.2
  2.9  25.5 603.6   2.0
  2.5  15.7 256.0   2.5
  3.5  30.0 655.1   1.8
  5.0  36.7 150.6   2.3
  4.6  49.6 381.9   2.2
  4.7  21.3 798.2   2.4
  1.8  49.3  62.1   1.6
  4.1  25.0 425.0   1.9
  3.9  30.7  91.1   1.5
  2.3  31.6 721.6   2.4
  4.8  10.5 451.4   1.9
  4.5  49.4 268.4   2.4
  3.3  46.7 303.2   2.3
  1.1  37.7 275.5   2.2
  1.1  33.5 140.3   1.6
  4.1  16.3 639.8   1.9
  3.6  32.7  83.6   1.9
  4.4  33.9 420.2   1.9
  3.7  44.6 741.4   1.6
  2.6  47.3 608.5   1.5
  3.3  10.0 151.4   1.8
  1.5  13.4 323.0   2.2
  1.4  36.9 137.2   1.8
  4.6  41.3 220.1   1.8
  4.4  19.6 322.3   2.5
  4.5  40.3 808.3   2.3
  2.8  12.4 580.9   2.1
  3.0  46.5  50.1   2.1
  2.1  20.5 240.5   1.8
  3.7  22.0 461.5   1.6
  2.0  40.1 178.9   2.4
  2.9  29.1 751.1   2.1
  4.1  28.0  54.3   2.4
  1.4  31.9 454.7   2.0
  4.1  46.5 172.9   1.9
  1.4  43.1 779.6   2.5
  3.1  36.1 476.9   1.6
  4.1  38.3 675.6   2.5
  3.9  49.6 644.5   2.1
  2.3  21.7 469.8   1.8
  3.8  14.0 198.4   1.9
  4.2  19.1 431.7   1.7
  1.5  24.3 654.5   2.2
  2.9  49.8 237.7   2.3
  4.4  31.1 820.6   2.2
  0.2   0.3   0.3   0.4   0.2   0.3   0.4   0.3   0.3   0.4   0.4   0.4   0.4   0.4   0.2   0.4   0.4   0.3   0.4   0.4   0.2   0.4   0.3   0.2   0.4   0.3   0.3   0.3   0.4   0.3   0.2   0.3   0.3   0.4   0.3   0.3   0.3   0.3   0.3   0.3   0.3   0.3   0.3   0.3   0.3   0.3   0.3   0.4   0.3   0.3   0.3   0.4   0.2   0.3   0.3   0.4   0.4   0.3   0.3   0.4   0.2   0.3   0.4   0.3   0.3   0.2   0.4   0.4   0.3   0.4   0.2   0.4   0.2   0.3   0.3   0.2   0.4   0.4   0.2   0.2   0.4   0.3   0.3   0.4   0.3   0.3   0.4   0.3   0.4   0.3   0.3   0.2   0.3   0.2   0.4   0.2   0.3   0.3   0.2   0.2   0.3   0.3   0.4   0.4   0.4   0.3   0.3   0.3   0.3   0.4   0.2   0.4   0.3   0.3   0.4   0.3   0.3   0.3   0.3   0.3   0.3   0.3   0.3   0.3   0.3   0.4   0.3   0.3   0.3   0.3   0.3   0.3   0.3   0.2   0.4   0.2   0.2   0.4   0.3   0.3   0.3   0.3   0.3   0.4   0.3   0.4   0.3   0.4   0.2   0.4   0.2   0.3   0.3   0.3   0.3   0.2   0.2   0.4   0.3   0.3   0.2   0.3   0.2   0.3   0.4   0.3   0.2   0.3   0.4   0.3   0.4   0.3   0.3   0.4   0.2   0.3   0.4   0.3   0.3   0.4   0.3   0.3   0.4   0.4   0.3   0.2   0.3   0.4   0.4   0.2   0.3   0.3   0.3   0.4   0.2   0.2   0.4   0.2   0.3   0.2   0.4   0.2   0.3   0.4   0.3   0.4   0.3   0.3   0.2   0.2   0.3   0.2   0.3   0.4   0.3   0.3   0.3   0.3   0.2   0.2   0.3   0.4   0.3   0.2   0.2   0.4   0.3   0.4   0.3   0.3   0.2   0.3   0.4   0.3   0.3   0.3   0.4   0.3   0.2   0.3   0.2   0.3   0.3   0.4   0.3   0.3   0.3   0.4   0.3   0.4   0.3   0.3   0.2   0.4   0.4   0.3   0.2   0.3   0.4   0.4   0.2   0.3   0.3   0.2   0.4   0.2   0.4   0.4   0.3   0.3   0.3   0.3   0.3   0.2   0.3   0.3   0.3   0.3   0.3   0.3   0.2   0.4   0.3   0.2   0.2   0.3   0.2   0.3   0.3   0.4   0.4   0.2   0.4   0.2   0.2   0.4   0.4   0.2   0.4   0.3   0.2   0.3   0.2   0.4   0.3   0.4   0.3   0.2   0.3   0.3   0.2   0.4   0.4   0.2   0.2   0.3   0.2   0.4   0.3   0.2   0.4   0.4   0.2   0.3   0.3   0.4   0.3   0.3   0.2   0.3   0.2   0.2   0.3   0.3   0.3   0.2   0.3   0.4   0.3   0.2   0.4   0.3   0.3   0.2   0.3   0.4   0.3   0.4   0.3   0.4   0.2   0.3   0.3   0.3   0.2   0.2   0.3   0.2   0.3   0.2   0.3   0.3   0.4   0.4   0.4   0.2   0.3   0.3   0.3   0.2   0.2   0.2   0.3   0.3   0.2   0.3   0.4   0.4   0.2   0.3   0.2   0.4   0.3   0.2   0.3   0.3   0.3   0.3   0.3   0.2   0.2   0.3   0.4   0.3   0.3   0.4   0.4   0.3   0.2   0.3   0.3   0.2   0.3   0.2   0.3   0.4   0.3   0.2   0.3   0.4   0.2   0.3   0.3   0.2   0.4   0.3   0.2   0.3   0.4   0.3   0.4   0.3   0.3   0.3   0.4   0.3   0.3   0.4   0.3   0.3   0.3   0.3   0.3   0.4   0.2   0.4   0.3   0.2   0.4   0.3   0.3   0.4   0.4   0.3   0.3   0.2   0.3   0.3   0.3   0.3   0.3   0.4   0.4   0.3   0.2   0.2   0.3   0.4   0.3   0.3   0.4   0.4   0.2   0.3   0.2   0.2   0.3   0.4   0.3   0.4   0.4   0.4   0.2   0.3   0.3   0.3   0.3   0.4   0.3   0.4   0.4   0.3   0.4   0.4   0.3   0.3   0.3   0.2   0.2   0.3   0.2   0.2   0.4   0.2   0.4   0.2   0.3   0.3   0.4   0.4   0.3   0.4   0.3   0.2   0.3   0.3   0.4   0.3   0.3   0.3   0.3   0.4   0.3   0.3   0.3   0.2   0.2   0.4   0.4   0.3   0.3   0.3   0.3   0.3   0.3   0.2   0.3   0.2   0.3   0.2   0.3   0.3   0.4   0.4   0.3   0.2   0.2   0.4   0.4   0.3   0.3   0.4   0.2   0.2   0.2   0.3   0.3   0.2   0.3   0.4   0.3   0.2   0.4   0.2   0.3   0.3   0.3   0.4   0.3   0.3   0.4   0.2   0.4   0.2   0.3   0.4   0.3   0.3   0.3   0.3   0.2   0.3   0.2   0.3   0.2   0.3   0.2   0.2   0.4   0.4   0.3   0.2   0.3   0.4   0.3   0.2   0.4   0.2   0.3   0.2   0.4   0.2   0.2   0.3   0.4   0.2   0.3   0.4   0.3   0.4   0.3   0.3   0.2   0.2   0.2   0.3   0.4   0.3   0.2   0.3   0.2   0.4   0.3   0.2   0.3   0.3   0.4   0.4   0.3   0.3   0.3   0.4   0.2   0.4   0.3   0.4   0.3   0.3   0.4   0.2   0.3   0.2   0.3   0.3   0.2   0.2   0.3   0.3   0.3   0.2   0.2   0.4   0.4   0.3   0.2   0.3   0.4   0.3   0.3   0.3   0.4   0.2   0.4   0.2   0.4   0.3   0.3   0.4   0.2   0.2   0.4   0.4   0.4   0.3   0.3   0.2   0.3   0.3   0.3   0.4   0.2   0.3   0.3   0.3   0.3   0.3   0.3   0.2   0.4   0.4   0.3   0.2   0.2   0.3   0.3   0.3   0.3   0.3   0.3   0.2   0.4   0.3   0.2   0.2   0.3   0.3   0.3   0.3   0.4   0.3   0.3   0.3   0.4   0.3   0.4   0.3   0.2   0.2   0.3   0.2   0.3   0.2   0.4   0.3   0.3   0.4   0.3   0.2   0.4   0.4 
   84   152   152   168   134    26   163   135    14    27    52    89    36   127    82    52   174   131   111   177   105   143   111   161    33    12   168     1   120    67   128    89    25   126    91    87    71    25    63    97   178   166   142    21   139    11   170   129     5    39   174   160   113     8   127    29    91   180   173    72    33   164   158   179    44    25   131    15    52   125    44   137    14   165    92    76     8    97    43    47   134   143   163   159   153    88     8    10    39    89    55   162   163     9    29    71    41    52    10   113   157    80    30    87   135   114   146    19   130    31    85    83   151    43    44    18   104    64   124    93    75   121   171    30    32    43   124   135    14   113   148   116    53   160    39   116    70   162   115   132    40    67   142   156   163   178    86   166    38   169   119    46    66    43    73   110    82   168   112    14   107   150   133    98    66   179   152   134   176   157   154   125    73   101   101    73    89    14    11   103   153    55     8   152   166   125    38    52    42    86   149     9    91   147   126    74    27   144     2   149    27    91    90    29   128   147    11   136   168    89    79    82    40   110    74    19    89   175   148   108   150    19    77   161    73   101     3    80    67    60    16    45    15   137     1   155   115   158   113   179   150    41    52   178    67     1    80    11    57   125    65   136    57    60   160    88    36    20    74    59   136   127   131    21   179    15    30   130    81    31    96   157   114   101   167   126    74    43   125    28    45    96   126   117    47   154    60    61   150    64   155    30    17    52    61    58    11    54    14   101   122   155    29    58    70   119     6    40   106    71    32   117   146   177    55   138    13    88    27    61   110    12   139    23   148   156    72    75    97    56   178   132    12    54    63   107    45    16   135    97     7   119   166   179    87   133     2   172    85   125    84   127    47   154   174    69   139   173    92   131    62    84    81    16   123    74   112   156   167   178   138   117    51     9    68   150   174    62   180    92    46   140    39    21     1   165    40   109    65    37    66   153   122    99   176     1    34     3     9    64    24   172   154    45   151   158    35    64    47    95    44   124   102   131    12    91    73    67   134    35   104    44   175   151    58   108   120   103    18    34    62   151    13   129    36    28    60   112    41   180    39   101    33   124    41   130    28    84    10   128   113    63    60   105    77    78   115    32    24    21    63    35   115   160    46    40    26    35   156    72     3    44    29   100     3   134     6    97   108   178   116   176   123    74   169     2   180    86    22    74    14   150    64   163   127   121   131   173    46    27    71   101   106   136   159   155    26   166    46     2   144    68    18   137    18   146    99   166   179   164    60   157   131    39    39    54    75   180   110   114    99    77   174    84   172   146   176    63   117   143    51   168   114   119   140    54   137    62    38    21    89    60   127    59    28   177    29    32    45    42     9   115    55    49    76    48    40    20   114    78    30    74   116   118   138    42    42   162    41     5   137   174   157     7   115   133    53    70    36    76   140   113    91   155   145   125   160    90    18   134   143    80    53    71   158    91    57    83   137    41   102   143    73   170   110    15    93   138   135    34   149   159   177    32   115    91   143   158   130     6    16   117    97    80   167    12    93   158   128    37    62   104    36   151    42   117    78    49   131   126   146   157   155    68   179     1   152    52   164   165    22    85    45   103   130   143    76    98   127    19    24   113   154    60   153    19    90   174    48   171    79    80   142    81   111    67    56   141    89    79   107   123    66    40    10    51    36    68   132   178    18   100    74    21    35    81    80    92    46    87   109    74    94   157    29   123   116   101    55   111 
  117   166    47   152    93   144   153    34    38   156   111    92    18    37    62   149    59    28   175    26   100   126    87    62   134   138    24   110    14   150     2   130   171   153   162   102   174    86   163    52    29    52   164    34    65   139    23   118   170    96   123   175    25   160    92    97    98    40    57   145   144    27    14   151   103   153   156   125    95    38    20   160   178    91    76   163   139    75    71    44   122    81    65    50    60    49   157   166   113   169    14   155   147    39   176    71   140    71    99    42    87   112   114   148    80    15    85    61   139    60    37   117    60   130    96   127    15   133    74    77    40    26    55   133   122   133   134   165   151     7    49    14    94    36    16    41    81   157    37    56   135    73    53   164    77    22    82   117    33    91    29   160     2   160   119   120   154    81   154    77    64   123   101   106   167   142    36    98   119    66    76    44   105   138   141    19    27    46    23    35   102   144   100   133   123   164    12   157     1    44    35    14   167   130   148    66    15   114   174    56   120    12     4    95    79    88    85   124    89   166    78   152    23   129    28    21    17   168   146    76   169    54   135   176    41    36   117   180    76   151   162   123     2   124     7     7    17   156     1   173   179   169   141   180   176   144   166   152    91   140   165   138    88    63    55   105    12    36    46    27    90     2   179    54    48   151   118    15   140    93    14   116    57    81    78    91    72    10   140   176   143    19    88    51    61   174    69     5   177    30   166   155    29    50     2   122    99   125    39   160    42    78   177    26    58   100   157   180    63    56    81    73    31    42    39    57    17   127    47   177     3    72    67    69   102    79   177   165   156   115   136   159   146    70   109    62    87    54    41    86   141   156   179    72   172   126   128     1    17    30     8    82    85    31     7    32   146    31   155    32    59   147    18   104    88    13    28    91    45    32    73    35    61   115     6   101    46   144    38   146   151   174   114    26    70   171     9   175   108   149    95    69   176    69   164    15   163    91    91   172    72   146   100    64   166    98     8   119    61   170    49   142    83    43   176   165   145   115   115   130   118    72   142   153   116    87    30    82    73   145   149   158   167    59   104    84   108    96   122   159    75   179     5   122    51   172   147     4    35    52    52    83    35   171   130   125    61   110    77   123    17   138    56   132   180   173   127    41   145    27     2   180   140   167     7   137    11    25    46    49   117   175    10    50   149   119   172   129    36    29    89   160   153   180    63   112     1     3    96    68   114   137   158    75   109   140   174   138    55    36   117   129   139    75    49    44   108   174    53   158    34   117   121   164   119     4     3   123    15     4     9    57    50   154    78   113   145   125    53   166   176     9    69    46    88   154   173   170   123    96   142   157   103   129   114   135   174    69   134    89   141    98   132   156    17    34    95   177    24    51   126    50    75   141    94     6   137   138    94   153   130    91   126    15    85     3    96    88    99   122   140    68    42   120    14   127   149   180    99    21     6   113   166    78    59    61   177   166     2   125    75   104     1   168    72    36   100    60   178   127    53   175   150    33    66    87    33    49   180   180   131    99    32    10    85   100    22   105    11   172    73    76    35   122    51    46   166   117    96   124    20    40   144   102    24    15   166   164    66     4    86    45    22     6   160    55    87    12     2   121   178   135    67    44   154   102    66     3   137    50   165   145   136   178   122   127    47   157     3    14    81   163   160   128   179    66   137    26    50    77    73    53   106   142    96   158   163    69    13    45    96    48    44   177   179    79    75    56   114    34 
   59   116    73    88    82     4   135     1    42    36    63    86   177   131   138    65    55    29    41   167    88    79   177   110    58    35    65    94    13    81    52   118   149    79    62     3    42   104   177   169     9   146   176     9   176    78    54   129    49     8   119    92   131   155    50    65   165   145   130   101   113    24   141   144   124    33   120   155    37    52    98   141    82    22    94   146   164    72   172   134    18    61    41    91    50   102     6    11    46     6   174    71     7   113   142    94     1    43    87   172   159    45    21   100   165   145   108    66   101   125    28   106   113    91    77    48   170   166    25    76   102    45   108   117    72   175    64   166   130   111     9   102    78   175    86   168   174   121   120   156    89   110    75    19    33     1    11    80    69   101    61   115   107    44    33   163   153    63   128    91   177    76    14    31   117   177    45    14    43    38    74   101   111   117   161    32    88    51    79    37    45     2   111     9    33   151    70    40   161    41    44   117    97    77   146    30   147    27   162   101    49    82    88   111   138    92    51     4    24   100   118     7    91    70    16    25    59   157    61   103   160    53    94   179   159   178   106     7   164    61   110    37    71    80    48    35    59    24   170   176   152    95   114    85    92   116   115   158    61    98    64   117   145   166   120   161   144    74   163    58   137   114    83   140    97   157    92    42    34    61    43   165   123   160    25   167    80   130   160    63   163   152    63   154     1    73   107    47   164   138   161    99     9   154    60    21   159     9   162    97    21   106    23    12   169    26    90   141    25   109    25    51     4    59   124    13    54    10    62     7    14    88   102   168   127   166   167    21   102   120   106   127   141    13   163   148    45    45   124    98   162    45    47   172   108    15     2    87   169   165   117    73   118   168    68    74    40    32    29    74    83    49   107   155    12    39    89   180   150    73   164   156    24   158   139   168   131   100    61   149    38    74    61     4   161   112    13   111    63    43   127   174    23    39    82    56   102   154    82    58   178   109   119    24    86   110   180    23   105     8   160    25   163   167   133    45    51    39    74    22    94    49   136    52    79    69    53   129   150   109    25   116    78   136    92    32   118    60   117   125    26    11   120   123   179    98    10    43   163   105    69     7   177    72   164     2    64    62    82    78    85   170    53    74   105    21    84    60    68   102   120    19   166    62   136   126   153   126    22   141    33   122    57    52    93    97   120    17    22    34    24    75   133    17   178    44   149    54    40   115    37   168   151   133    85    75    89    67   135   178   100    77    88    20   133    58   125     4    85    25     9    89    25    42   125   132   143    15   165   134   126    50   148    62     7   105    33    81   165    60     9   161   121    27    92    87    59    17    78    75    44   117   130   135    35    13    40    88   124    45   132    43   169   109    56    27    74    76   135    50   132    89    15   159   129     7   175   172    32    83    35    51    65   128    83    67    56   152    17   157   123     6    65   144    46   124    41    78    75   109    16     9   132   128    75    14    79    15    23    44    86   126    68    64   101     1   103   107   132    75   130   134   138   173    79   138    98   157   162     9    96    70   161   116    47   132   126   124    76   126    48     4    54   166    87   132    92    66   138    76    20   134   166    35    52   153   148   116    90     5   143    94    45   142   111    67     1   115   170   111    13    78   172   122   173   102    78     9   108    69   131     8    53    96   165   129   124    76   146    83   175   169    46    13   173   146    90    43    25   176    84   133     2   125   152    48    39   109    90   165   115   141    74   136    77   120   149    10     3    38 
   10   155   107   126    26    17   128    20    71    55    96     7    73   172    95   113     9   110   145    45    80   141    27    19    25   150    26    16   180    18    94   180   166    47    23    99   178   179    53   163    90    16   139   104    16   119    33    36    99   115     3   127    73   104   107    44   166   125   153   124   137    88    78   156    65    39   161   165   158   166     2     6   141   176   169    61    74   134    83   180     5   135    67   118   174    85   164    82    22   167    52   114    69     7   166    34    69   161   102   101    28   166    47    44   132    90   133    24   119    94    97   136    56   139    70   175    57    53    51   122     9   139   120    99   171    33   125   100    50   178     4    86   141   172    90    93   143    73    71    20    58    36    98    62   171   137   109   149    15     5    38    16    64   131    40   127    59   163   155    71   171    65    44   108   164   132   138    81   173   178    96    47   159    95    77   115    28     6    75    84     5    23    63    78    55    35   152    79   103   164    63    71   174   170    25    93   120    28    49    88    81   159   143     6    48   138    55   102    39     9   158    41   124   145   159    56   161   153    74    78   174    73   111    96    26   164   136   175    61    82   124    41   106   158    17    77   113    55   124   112    90   177   172     9    62   101    81   112    94   156    31   173    41   180    83     5     5    61   128   119     1    74   142   178   173   152   122     8    79   171    74    44    92   120    72    52    58     8   120    35    95     8     7    28   161   128    56   170    42    25   105     3   118   127   161    86    16   146   113    56   108    67    35   102    32    49    59   139    88    70   106     9    28   179    90    36    42   107   148   117   138   155    98   118   159   149    83    38    99   178   141    94    87    13    81    60   132   119   111   114    18   163    57    51    74    19   137    88    68   110   134   112    78   128     1    98   115   130   177    73    73   165     2   125    87   116    33    84    47    67   110    15   137   131     5    72    46    73    81   127   162    20    34   142    51   172   166   140    59   157   118    24    44    97   140   167   103    33   178   161   171    97    60    14   176    40   101     2     4    26    75   165    81   147   157   110   172   180   169    50   100   107    80   141    47   117    54     9   152   178   170   136    58    87   165    48    75    65    29   130    35     1    60    31    48   150   111     3    79    83   109    53   150    50    97   107    53    61   166    90   171   155   123    79    13    13    45   104    74   111    93    28    70    50   142    16   171    24     5    41   176    45    15   169   160    42    21   146   118    61    77   180   135   115   140     6     6   166     2    20     3   176   108   145   153   150    13    31   141    11    44    68    93   129   130    70   118    41    42    58   126    83   106   132   124   161   111    40   146   161   165     2    17    62   133    22   144    70   157    63   119   124    30   169   126     7   147   165    17   168    38    29    14    85    82    73   137   159    67    36    78     1     3    93    21   148   158     3   126     5   150    61    14   155   163   119   108    10   154    40   101    83   111   132   180     9    43   149    98     1    17    68   156    58   129   138   172    67   172     3   145   138   178    16    14    56    32    12   118   133    92   155    84    17   107   145    88   126   153   139    14   154    71    75   127    56    29    66    60    17   114    97    45   126    47    14    20    69    36   150    87    77    14   180    61   162    21   135    36   138   100    41   114   121    85    39   139   138   104    59    23    86    27    45    22   149    76   159   179    64    18   118   164   128   176    49   133   120    15   138    35    83    62   147    97   140   147    80    93    21   131   160    86   118   154    54    19     4   127    35    14    30     5    72    71   103    78   137    77    13     7   126    99    88    23   139    41   151    64   114 
   92    74   145    53   113    38   177    26    56     6     2   176    72   166   141    63   136    34    82   150    61   177    30   120   137   165    69   173   133   142   133   174    83    67    73   155    28    62    47   140   115   132   166     7    19    79   135   124   128    29   143    80    21     2   146    45   174    36   124    63   139   173   137    16    96   167    35    54   152   170    81   143   118   114   162    63   163    29   156   123    33     4    15   179    28   160   180    16    48   126    42    28    32    93   176   119    99   144   170    66     8    80   133   138   125    75   143    67   133    92    33     9   154   177    64   143    64    39    59    28    29    11   154   119    98   144   134    54    68    67    18   176   159   176   154   121   171   179    30   109   142   101    21   176    16    11   109    83   123    89   159    49    50   107   148   105    16    29    16   155    16   152   100    87    22   130   178   167   100   109   177     7    37    98    88   109   139   114    95    41    66    29    84   175    73    17   127    42   177    10    90     9   105    52   158    67    99   180   138   133    13   159    30   127    26     8    35    41    47    53    59    27    99   147    48   106    66   169   170   116    33    31    13    56    40    40   170    85   102   146   135   131   117    59    75    67    13   132    54   139    31   116   125   124   128   167    43    39   146   174    40   164   109   143   107   141    13    11   148   172   111    91    20   112   159    31    10   112    21   117   152    69     5   108   144   137   135    74   108   170    65    52    89   180   122   119    88   130    62    93    43     1    99   143   142    17   174    58   177   109   168     9   142     8   176   137   142    90   106   147   129   145    41    29   142     5   165   145   130    21   142     8   155   169   153    86    41    20    23    63    65   140   176    23    61   136    87    60   109    81    76   140   143   111    24   136    15    84   148    27   124   138   125   134    98   127   105   154    34    31    61     4   122   136   100    91   147    45   131    91   162    74   148    31   133    66    18   124    45   116   165   176    74   130    95    91   165   162    90   145    14    55   123    24    44   159    25   161   110    17    31    41     1    10   113    17   165   175   178    40   145   140    46    66   132   168    21    45    29    39    54   142   157    77    61   169    46    87   146    88     7    69    56    69    69   170    27   122    23    48    70    23    14   155   165    62   168    76   141   159     7    88    69    52    18   134    75    66    54    48   152    57    47   103    69   140    65   144   142   127    14    45   139   179   176   179    79   114   131   105   149    23    22    75   155    60    94   115    84    29   151   116    52    76   171   101    72     8    42    12    80    60    90    90   108    43    93    55    37    96     5    51    83    75    63   180    63    43   143    57    22    66   179   107    83   131   146   125   100     7   151   155    77   109     8   139    16   114   170     4    12   153   145   136    95   133   156   167   106   152    11    31    17    71    44    42   157   123    98    17   123   110    22   169   179   158    46     6    68    18   117     3   109   178     2    51    54    72    42    71    30    36   104   168   100   111   146    42     7    31   163    31    82   103    30   130    13   165   135   142   139    33    22    39    69    72   131    75    39   160    12   104    98   149   179    27    65   104     5    99    74   166    40    25    50    41   120   166   162    27    21    99    33   180    11    36    69   140   164    62    44    76    89    99   102    73   142    85   136   157    41    52   122    56   141   100    34   115    22    96    90   173   100    84     1    77   168   117    39   131    45    25    33   154    47    66   120   153    53    58   139   129   136   127   140    93    85    27    60   124    74    37    14    48   147    25     6   155   156    72     3   178   123   175    88    27   104    81    44   102   153    72   169   128    97    42   142   124     5   151 
  166   166    30   127   136    91    37    79    44    51   121     3    55    60    81   147    20    64    33   136   152    99   166     6   121    74   125    57    32    48    58    80    45    49   121   160    10    82   153   171    63    31   170    14    16    98    35    76    45    44    51    33   140    94   169   174   122    93    92   164   123   145   156    77   102    70   112   162    25   104   166   180    21    39   133    54    67   134   146    54   128    67   114    34   117   126    16   115   139   167   159    25   104    14   112    74   164   156   138   153    84    87   115   134    47   107   132    50    35   113    52    30   175    81    73    41    28    71    13   119   110    51   121   131    47   107   143    18    51   135   123    77   169   134   115   122    53   101    75   118   175   114   171   149   153   176   144    46    67    21   151   150    73   130    95   147    16    94    82    95   180   145    60   178    84    92   121   171    15    76     6   115    50   157   125   154   136    17   114   119   172   165   125    58   146    84    55   177   123    27   114    38    26   171    66   117     3   124   174    46   134   104   172    34   145    69    97    61    86   110   160   131    54   143    34   158    29   173   161   145    46   130    61    25   106    95    16     2   155   180    64    47   150   129     2    43   129    44    83    33     5    35    63   146   146   141    11    75     3    33    95    34    52    80    24   125    68    72    32    45   173    79   158     7    13   173    79   150    20    99   150   148    98   164    99   148   102    25    53   145   139   169    32     1   138     1   134   117    55    22    51   134    52   121   128    59   140    63    62    28   127    97    95     1    49   153    21   172    40    93   144   163    87   103    21    63   148   164    18    29   164    36    56    67    19     5    53    33    21    84    42     4    69   157    57   137   138    34    64    73   176    79    81    45    57   138    13   160    99   144    40   127    26   145    28    38    12    89     4    42    44   135   113    24    70    35    27    66    55   140    35    33    31   113   118   131   126    41    19    50    70   154    93    91   169   152    23    31    16    96   158    36   162   129    23    65   112   141    54    94   107    30   132    16    81   109    48    98    79     8   143   131    81   159    47    40   130    61    34   105    21   105    60    61    79   111    38    53   143     7     4   167   142    22    28    97     4   142    73    51   146   168    40    93    61   179   144   111   129   147    89   176    95    94    58   111   119   160   102    51    90    77   124   139   176    74    18   105    67   143   105    29    34   130   179    61    44   179   155    41    54    41   105    21    18    67   125   163    58    81   126    52    17   115    22    69    67   171     9   174    65   100   169   106   180    17    49    21   122    43   113    24    85    84    40    29   175   160    66   161    20   159   150   145    61   117    54    79   110    14    63   141   114   164    41    83    80    93   134   160    57   105    88   160   173     4   162   122   135    76    81   164    21    22   122    95    35    72     8    81   103    35    64     9     7   159    58     1   122   116   102    52    49   180    21    72    44   161    24    84    30     8   154   114    99    78    95   108   149   169    31   153   172   178     6    46    11    83    66    54    71   173    36   156    36    43    82   157   102    59   110    49    74   125    22    50   147   119    13   104   104   146    29   147   164    86    58    73    42   139   146    92    16    95   123    42    77    73    85   117    94   158   175   175    37    38    60    38   179   106   158    99   114   176   161   124   102    98    74    47   104    73   173    51    26   142   101    23    65    90     3     9     8    64   128    89     4    18   125    55    32     2    46    81   111     4   102    60   134   125   134    33   160    72   110     3   126   154    15   167   180   143   145    34    23   164    41    37    57    34    57   165   178   177    91    50   115   162    80    35 
  151   129   144    22   176    57    52    49   122   172    34    91    35   151   180    25    67   178   144   176    13   166    84    44    92   162    65    51   105   146    80    51    88    23    68   168    58   157    70   110   142    81     6   105    63   148   150   118   103    76   162   100   117    24   116    94   112   106   101    75     3    12   143   129   115    47   154   123    16    43    69    31   157   137    99   150   156    90   177    59   177    61    20    65   157   110   161   121   123   104   117   145   114   168    60   138   117   144   114   137   173    73    35   160     8    33   155    42    96    79   100    23    61    90    85   126   132   116    28     5    29    64    88    22    60    59   136    19    37    11    69   112   123   132   156   147    34    14    26   149   171    94   101    37   172    62   151    90   156   100   152   131   165   165   100    74   153   105   120    25    64   153   180    40     9   168   121    33   143    92   167   179   134   108    87   110   154   132    43   174   126   164    18   169   151   126    26   126    26   139   121   132    31    65    63   120   120   172    26    97    84    77    75   146   138   133    94   177   158    26    65    39    38    42     3   176    69    61    35   176   120    44    44    13   159     2    99    96    71   120   107    45   122   130    93    23   119   106    40     9   180   110    83   138    85    76     6   125   115   114    60   157   159   151    60    56    94    50   180    36   103    13   164    45   146   136    31    44    59   104    52    46   156    95   106   101   111    29   152    71    99   119   178   115    87   101    15   157    83    57    35    49   117    57    89   130   114    85    50    70    60   177   140     6   148    17    99   115    69   141   108    76   109   103   131   131    43    62   118    40    31    19   152     3   127    92   157    12    85   115   119    75   159    40   172   127    67    94    90   151    75    25    56   118   178   160    30    21   177    24   124    91    86   172    35    25   145   127    77   168    97    53   120   126    20    55    97   177    26   172   101   167   151    55   107   158   154    24   106    52    91    13   103   156   151    99     1   180   137    72    88    13   131    45    54    10   119    47    83   158   112    58   123    77    68     9   123    46   170   107    83   147   158   155   149     1    77   142    95    30    91    58    63    85   116   156    47    37     9   179   106   136    41   174    83   124   110    73   106    34   110   169    42    12    80     9    68    58   160    10   126    36   152    42     5    33   173   177    77   135    60     1    74   144   161   173   133   171   152    74    18   142    31    49    65   169   168    22    35   178    63    99    43     6     5    34   160    68    98   161   150   118    70    58    34    67   138    48    76    28   173   108    76    17    80    49    74   147    12    92   111    41    19   150   113    78    99   156    55   121   171    29   118    71    63    49   160    25   180    35   114    65   166    25    90   123   145   150   151    47   176    36    10    51    35   173   106    36   143    76   138   116    17    86    73   165    18    78     9   135   127    57   132    71    47    93     2    34    97    88   123   110    66   158   153    97    36    96    56    10   117    81   165   130   139   117    34   155    80    29   157    80    66   133    83   123   103    71    60   128    70    29   122   157   161    56   124   101   163    10   154    10   120    34    46    25    82    99    55   124    47    46    92    25   102    26    38   149    90    80   171    91    28   108    29   145   170   169    37    12   154    43   136    64   176    24    18   158    52   177   118   166    21     3   137   130    74    47   151    40   109    70   102   103    82   163   138   179     2     3    82   176    53   165    36    14     4    60   170   132   102    12   171    82   105     4   111   149   142    24    86    11    20     7     4   179   122    58    65    13   110   150    31   142    64   104   111    31   131   120   127    25    61    30   172   171    38    56    95    43 
   91    45   140    45   139    40   154    19    12   173    86   143   152    23    43   115   136    42    95   171     9    38   165    44    91    15   147   178   169   109    52    54   151    86   140    77   155   114    63    94   100    91    93   177    43   107    40   120   111   145   138    56    26   144    33   167    21   112    17    33   113   103   153   142    32   160     7   104    27    36    91    13    58   139   119   125    17   114   166   172    55     6    24   115    50    85   128   121    15    96   137   169    42    31    44    35   158    28    38    44    26   163   131   167    85   137   129    37   150   110   175    26   111   158    16   175    73    23   140    31   146    40    36   160   173    31   119    46    32    93    51   141    51    63   133   140   147    54   122    84   104   110   128    12   122   133   131   132    40    87   128   106    80    81   129    99   170    47    17   131   177    52    43    93     5   162    69    34   171    69    65    37   112    54   127   168   132    19    72    50   114   111   106    57   177   143    75    21    70    94   131   152   161    88   159    16    42    71    55   112   171    25   135   158    80   145   180    61    44    19   101   141    84    51    78    85    81     9    33   110   120    53    65    82    32    85   145   164   119   135    83   147    39   134    18    40   123   139   156   140   144   173    62    35   120    45   158    16   115     2    33    34    41    56   164    40    30    63   104   128   114    52    38   114    20   137    46    29   138    63    89   109   126    71    10    25    28    13    72    89   168    24    34    12   120    56    85    43    40    65   159   116   130   133    28    46     4     1    31   155     2   109    89   150    33    47   156     3    16    91    47    99    15   133   117   155    26    56   120    45   157   133   180   160   143   142   141   156    89   106    41    94   153   104   152    17   148   132   107    69    53   139   133    64   129   173     5    26     8    66   142   125   172    88    92   118    36   172    34    21   154    49    12    33   180    83   102   166   164    77    52    47   147    65   164    49    26   157    12   132    55    77   100    54    66   117   144   148   176    95    52   111   168   118    18   169     8    42    80    34    11    86   119   123    96   158   122   163    46   174     1   131   135    90    35   169    98    32   141    71    13    17    63   111   149   124     4    91   114    69   150   141   148    33    46    89   167    35    89   103   153   157    92   163   106   150    26   152    54     4    18   132    57    57   157    66   167    73     7    36    70    97   113   119    68    63   124    60    18   133   113   132   157   150    14    73    76    79    29    52    34   128    11   130   156   162   144   149   170    25    17   106     2   107   156   106   155   119    10    68    96    35   140   171    32    49    73   132    21    54    20   161    39   156   104   130   146   134   141     2    36   111   142   107    30    96   115   106    82   104    58    66    47   140    53    46   149    99    96    66    64    77   125    80    47   119    15     6   156    97   164    78    62    96   154    91   155    89    99   149   125    40    34    32   160    50   127    66    65   151   151   115    61   135    81   125   130    20   114    50   129    56   121    57    37   125   155    86   173     1   149    27   179   118   165   147   142   167     7   121    71    17    81   163   137   108    24    14   152   129   122    38    67    45    22    36    35    24    72   166    73   179    26   105    56    52    43   125   176   161    83   123   146    94   168   109   130   128    94    37    39    42   168    40   145   107    79   161    51    28   149    97    78    24    84    17    40    19   158    37    99   132   110   161   160    39   160   147    36    97    18    92    17   100    64     9   108   144    26   156    95    39   151   107    31   139    43   113   138   167    18     6    26   114    72   168   178   130    51    39    57    29    90   153    30    54    58    74   149    14    36    73     5    98    18    89   177   171   172    84 
   50     2    73    57    36   176    54   112    77    60    18   145    81    37   131    42    21   163    87   163   141    13   168   137   165   125    67   111   150   171   178    25   115    80    64    85    43    90    15    22    11   113   166   163   113    70    32    60   177   153    64    78    89    92    48    11    74    71   175    54   136   113    75    58    87     4   144   134   113   118   104    58   135     3    45    27    95    78    16    54    76   102    71   159    94    85   136   167    43    87     8   163   138   128   137   136     2   103   132   106   153   110    89    99    76    52    60    87   156    65    59    58   124    94    14    98    30   116   174    93    11   149    18   121    38    94    45   103   144    23     5     7    44   161    30    65   151    79   131   105   106   126   136   171    52    50    66   156    84     9    82    95    71   158    23    72    93   102   176   124    81   120    98   160   139    20    49   130    78     8    34   164    48   147    60    12    89    60    18   171    88     7    54    27    44     7    37    56    70    29    80    65   169    25   104    48   149    46   107   118    89    71    36   152    59    77    35    22   101    95    25    32    35   178     1    89    60     9   120    59   142    53    84   108   107   140    76     8   129   175    32    94   177   161    59    98   123    18   101   149   122    76   152     4   139    41    70    45   147    25    99    97   124   122    90   180    77    86   104   158    12    67   170   141   102   131    24    74   137   156   105    47   172    45    95   122   119   158   177    91    77   122    58    44    28    43   119   138   167   163    28   106    25    79    47   155    92    53   141   129   166   159    71   116    74    95   115    53    14   146    74    98    98    80   119   122   128   138   113    22   168    71     9    97    24    58     3   112    39    75    58   124   171    93    97    83   123   130    46    21    71   138   170    66   109    93    85   164    46    11    64   118    60   148   128    72    75     4    35    33   129   107    33    61    39    79    76   123    39    13    42   148    80    81    13   146   137   132    69   143   168    95     5   177   174   133    36   143   135   128    23     7   135    60    89   149   104    18    13    60   120   126   133   108    90    72    31   137   147   164   180   168    17   104    62   156   106    60    30    43    49    28    69   115    38    97    17   171   146   106   104   115   115   171   106   146   105    11   114   110   132   174   129     5    49   116   177    30    57     5    29   170    64   123   122     1   176    42   130   136   131     8   124   125    53    21     6    37    84    97   174    83    70   174    75   104    88    98   180     6   123    52     4    39    73    86    20    40    48     6    78    38   153   147    73   100   125   119    21    34   144    27    67    97   121   120   171   109    21   104    70    27   124   167   154   168   168   175   111   101     4    71    60   112    19    12   101    89    64     9   122   160    28    80    32   106    12    66    45   137    48   120   153   168   163   157    50   131    68    82    26    61    81   162   113    82   177   176    94   144   117    37    40    22     5    93   138   164     2    34    12    22   163    12   148    64    26   160    56    22   158    96    33    12    29    62    67   108    54   154    61   162    73   174    27   116    64   152    52   100   150    27    30    94   129    84    72    71    58   170    63   114   134   133   175    92   165    57    57    63   165     8    75     4     8   146   147    43   161    90   106   103   112    74   174   142    17    47    19   115    16   108    46   116    81    27   146   122   173    29    34   120   171    86   110   133    17    96    87    24    77   115    30   133   150    65   157    30   120    88    77   117    38   101    21    68   150     2    74   119   130   137    33    69    71    51   127    63    88   173    26    85    17    32    69   146    54    76    76   125   132    91   110   124   117   157    82   175   135   169    56    58    72    69   166   123    52    91   115    81 
   79    62    94   117    98   152    55    94    38    95    66   100    54   140   139   159    60    35   101    81    81   141   174    14    45    79   132   180   145    65    11    51   131   130    62    29   112   179   132    48   122    27   102    75    80   116    48    54    58    17    57   137     1    27   153     2   156    53   151    27   100   174    70   130    87    99   160    51    65    27   176   150     5    56    45    84    10    91   162   150   178    63   126    88    43     3    88   179    40    47    94   155    13   115   131   116   133     4   114   101    34   104    95    87   141   153   103    58   115     4    33    80    94    70    86     2    67    91   151    81   162    30    54    13    28   137    77   158   153     3    27     1   158   102   132    96   174   115    84    96    95   126    48    21   154     9    60    86     1   173   174    52   147    50   102   177    79    48   104   149    73    20   120   126   162    42   116   132   178    85    52   140   137    13    85   174     4   178    73    13   180   177    59   117   122   143    55   133     1   174    49    43   129    28    17    10   113    56    96    44   125   133   161   136    61    67   117    20    14    25   118    52   172   106    57    11   177    52    53   179   165   178    11    37   135    52    93    35    90    82   157    42    12   113    15    60    22   123    76   128   157    19   142   127    38   163   154   106   159   162    38   106   111    30    50   142   144    37    31    24   167   178     3    39    87   108    40   173    12     4    74    15    11   145   163    79   128   169    71   136    77   160   129   112   104   178   104   169    81    38    91   171    69   174    90    38    44   113    97   107   176    97    53   121   162   171   128   109   127   178   170    90   157   148   106     7   162    92    80    73   129   174    65    91   136   180    10   164    20   116    61    85   113    33    87   127   132    50   138     7    77    71    41   167   102    93    75   115    74    89   172    50   129    91   143    15   160    97    31   158    66   119    37   172    18   102    42    73   121   179   109    49   112    33    22   108   152    23    26   177    76    24    89    90   114    80   118    78   180    66   140    33   131   104    65    42   113   174   162    97    47    22    90   137    36    45   168   112    51    70   132   141   104   128   125   148   140   130    46   172   155    88   153    48    37    31   113   116   169   152    51   143    43   104   169    77   171    50    92    92    29    37    32   156    56    78   110   148    51    27    44    66     5    59   157    37   153    34   164   159   167    47   155   159    68     8   108    14   141    21    34   157   103   145    82   165    83   166     7    13    10    75   151    24    75    19    34   108   141   142    11    98   144    61    65     4    12    58     8   175    96   172    63    55   176   161   159    74   172     4   115    89   171   155   146   122    16    23    96    58    27    60   142    21   146    56    42   100   147    66    49    66    55   115   158    26    33    56    69    30   115   177   152    32   145   150    61     5    71    95   100    50    63    47    59    60    80    87    71    32   137   117   122   100   129     7   144   139    52   112    89    70   149    67    92   138    83     4   162    68    41    33    27   156    29   129   165    74    52    44    29    20   151    66   116    17    40    79    68    88    65   101    18    50    67   118    74   117    91    45     4   114   137    49   155   172   125   171    88    64    40   130    62    75   169    25    43   108    53    92    44    41    40    57    72    73    14   150    78    38   109    66    64    25   177   112    45   170   153    69    57    97    94   130   154   180   130    82    16   110    54    31   136    99    99    76   173    51    39    21    42    68    52    68    99   178   130   155     4    78    72    83    20    95   143   152    68   167    20    74   145   142    96    18    74    19    10   152    24   160    61    20   155    50   146    99    40    37   118    87   125    37    22   172   116    26   126   113   116   124 
  135   165   103   148   149   150   108    27    27   107   111   142    34   165    35   128    22    88    20    61   126   130     4   155   134    74    42    45    62     5    42    42     4   169    70   152    51   147    99   165    32   123   108    40   128   142   106   177    76    96    32   143    22   117   129    14    20    91    65    50    68   149   116    65   178    89    61    73   124    80   105    22    72   179    25    48    86     6   155    75    76    39   108   120    64   109   176    61   107   141    54    21   171    78    96   118    19   115    54    41    98   126    79   177    49    94    65    35   132    15   111    97    60    50   133   150    13    71    65   150   165    37    18    73   152    87    61    91   152    65   112    92    24   163    63   142   165    10   122   158   156   142   160    84    73    25    94    77    89   101    89    93    79   143    39    75   106   103    80   106    38    17   161    70   111    40    26    39     5    58    49    34   165    79    96   140   170     1   156    14    48   148    84    20   150    75    79   104    61    47    12    55   106   132   131   149   142   117    67    62    44    43    43   168    18   145   154   175    73    93   127   135    43   126   176    55    85   122   106   178    29    65    11   162   155   165   177    45    97   173    27    23   102    20    11    81    77   113   168    18   128   101   153   175    78   132    73   167    53   132    46    35    70   147    98    56   149   163   173    42    19    62   106    65    90   137   112    23    97   149   131    56   155   151    81   106   128    92    41    53    93    49   162    54   109   123   100    10    77    15   102   177    15   102    20   114   126   103    25    25    51    20   171    45    61    51    58    97     6    27    33    35    67   179    48   180    45    94   158    69   156   152    16   174    56   124   126   158     7    82   130   169     1    17   106    81   160    61   111   171   111    84    94     2    89    24    94   132    31    28   118    45    89   156     6    62    29    70   139    28    88   134   121    76    75     9   105     6   116   108    61   135    10    68     8    62    16   162   137   131    64   174   118   117   161    49   152   149    52    94   178   170   129   119    75   176    83     2   156    59    85   172   180    14   132   156   149    76    97    18    23    57    14   105   142    49   169   180   121    40    38    47    26   151   150   102   121    49     5   107    87   172    29    54   177    32    40   121    83   145    37    73    40    28   147    46    55    52   165   170    82   122   111    52    76   118    50    36    79    41   158    51   146   106    49    37   142   177   103   127   151   171    28   164     7    85    32   109    79   147     6    85     9    20    94   129    56    49   123   150   149   128    35   139   158    27     5   162   117    79    81    47    33     9    96     3    93   101     7    34    44   134   103    94    55    80   110    91   125   169   165    66   170   145   120    24    95    47    83    87   157    77    16   173    65   131   113    47   122    56   165   173   144   117    89   152   146   148    16   112   119    91   156   134    22   135    80   127   115    61   135    75    73    34    83   112    48    42   102   105    94    14    72    30   125    29    52    39    93    18    74     3   176   118    97    38    57    18    83   176   154   102    64    97   141     3   118   125   164   119    74    13     9    56   148   142   180   155   126   171    50   171    80    10    59   110    79    41    69   141    60    20    41   175    83   103   140    12   161    84    62   156    21   108    47    83   115    80    50   174    25    63   155   114    24   113   154   143   175    17   151   108    38    12   153    32    82    17    92   132   148    40   106    42    86    15    12   168   149   126    74    95     4   156    77   159    83   117   127    47    63   118   136    23    85     5    72    56   156   140    82   100    80     8    71    74   176     5   157    55   105    17    13   157   164   172    19   156   175     4    37    44    40    59    31    62     3    77   143   120 
  103     8   104    61   126    82    95    18   173    49   110    41    40    38   138   160    44    95   149    79    94    47   102    93    72   144    64    30    18     6    26    42    45    44    46   136   180   153    73   133   115    99    35    53    31   108    89   140   141     3   125   110    60   104   113   139    42    10    92   137   163   157   149    45    54    11   122    40     5    36   173   163   139    84    85    10   149   141    89    52    15    38   151    68   169    76     1   175   137    60   134     1    93    96   130    81   106    95     2    10   113    83    13    77    37   122   169   179   179    15   141     6   173   173    62   121    43    56   139   165   112   153    57   157    30    37    19    69    32    87   170   163   153    56   178    81   104   106   115    66    94    69   108    82   104    93    76   112   130    69   179   145    71   172    26    55   166    65    72    13   118   133    72   114    15    49    97   175   147   135   124     3    14    71    53   125    36   158   141    71   103   109    60    14    41    42   101   168    64   178    94    15   176    44   167   135    99    18   131    79    63   133    41   126    11   173   101    65    39    91   176   104    53   162   167    55    51   128    52   120   124    93    21     4   173    27    86    31   136    99   125    86   144    88    67    85    49    30    83    16   151   165   161    41    38   179   152    58   106   126    38    35    13     9    16    11   170    22   141    61   133   157    61   148    85    52    56   111   164    13   174    43   180    76    24    16    41    12    35   133    75    50   115   178   172     2   150    18   155   113    72   126    74   103   107   112    84    94    55    28    59    97    31   155    47    56     4   151    76   162    34    63    70   124    20    24   177    69    27    44   136    40    11    66    75    73    52    86    24    91   174   121    55   132     8    56   172   125    53   116    88    88    58    18     1   105   176    26    75   159   136   105     3    48   152    47   145    36   165   124   159    20   173    44    29    57   154   134     6    27   117    80    54   126   147   167   104    12   155    67    97    48    34    67    49    19   116   132    50    55    10    11   146    22   176    96    16    26   174   143    14   174    89   159    40   136   143   168    47   152   158    85    36    33   147   152   132   178    41   147   175   149     3   122   171    53   105     4   103    58   163    17     8     3   105    52    13    52   148   168   157    46    74    77     9   174   102   100     8    15   115   134    31   112   165   129    74   163    98   109   163   153   121   149     6   148    42    63    35    66   164   134    48   124     1    19    99   158    22   136    59     7   101   159   120   115    48    90   172   159     4   114   136    57   135    47     8    54   154     8   171   123   164    83   160   159    40    67   122   152   123   163   106    44   163    55    67    60   168   113   169   129   170   114   106    58    43   152    53   145    75   117   117   133   101    59    87    27    70   168   131    10   147     2   144   144   136   121   100   141    10   147   132   111   162   177    20   120   100    53   154   143    89   128   134    79   146   112    38   162    48   144   118   123    66    46    71   101   108    43     2   138    85    50    95    91    64    37   145   142    68    54   164    35   151   105   109   141   115   134    42   165    14    45    30    14   109    64   127   131   153    43    56   141   135   177   149    57    74    48    15    20    32   133    30    75    87   137   139   113    23   141     7    84   110    94    14    47    33    97   106   151    48    34   144   170    60   129   100   127    25    77    14    47   118   162   176     2   104   127    13   136    39   153    25    43    59   107    85    21   146    26    29   141   143    15     6   177    19    76   105   110   141   148    15   126    63    71   175   143   144    77     7    75    25   137   143    29    98    11    87    17   139   151   176    76    68    42   108    76   136   159    99    90    50   109    64    21   112    37 
 0.00  0.33  0.27  0.32  0.37  0.24 
 0.33  0.00  0.39  0.24  0.21  0.37 
 0.27  0.39  0.00  0.36  0.33  0.33 
 0.32  0.24  0.36  0.00  0.33  0.21 
 0.37  0.21  0.33  0.33  0.00  0.22 
 0.24  0.37  0.33  0.21  0.22  0.00 
