120 12
6
     36572
     37093
     37758
     36389
     34400
     38243
  4.1  37.9 515.4   1.5
  2.4  22.0  54.3   2.1
  3.6  12.4 478.9   2.3
  2.9  29.8 152.9   2.4
  4.1  31.3 848.8   1.7
  1.3  48.6 894.6   1.6
  2.6  48.7 759.0   2.3
  3.8  29.8 521.9   2.1
  1.0  46.7 565.9   1.5
  4.6  35.4 262.6   1.5
  2.0  28.3 218.3   2.1
  2.1  20.0 165.3   1.7
  2.2  49.3 679.2   2.0
  1.5  43.8  60.3   1.7
  1.1  46.8  82.2   2.4
  1.1  19.7 428.5   1.8
  1.8  16.6 177.4   1.5
  1.6  42.7 680.4   2.0
  2.9  22.8 312.1   2.4
  3.6  35.2 616.2   2.0
  3.7  39.9 210.5   2.1
  1.7  30.6 906.2   1.9
  2.1  37.6 143.6   2.0
  5.0  31.0 691.3   1.9
  2.6  41.2 266.7   1.7
  2.5  12.8 896.3   1.6
  2.5  49.1 598.8   2.2
  1.6  10.7 675.8   1.6
  3.8  31.9 719.3   2.3
  3.5  45.4 920.1   1.6
  4.0  38.0 592.7   2.2
  2.5  15.7  71.5   2.1
  4.4  14.5 430.8   1.8
  4.2  25.4 470.2   1.8
  2.5  46.4 369.7   1.6
  1.9  25.5 769.7   2.1
  4.0  23.5 942.1   1.7
  1.8  48.0 123.9   2.2
  4.9  45.2 869.4   1.7
  4.9  16.7 392.0   1.6
  1.4  25.7 940.5   1.9
  3.8  14.3 922.8   2.2
  1.5  27.7 102.5   1.5
  2.8  11.0 258.9   2.4
  4.6  33.7  60.0   2.4
  2.3  44.7 812.5   2.3
  4.9  24.1 485.1   1.9
  1.9  30.7 718.9   1.8
  4.7  31.2 620.2   2.3
  3.0  33.6 544.7   1.9
  1.6  31.8 899.5   2.2
  4.0  24.6 232.2   1.9
  1.6  32.8 468.1   2.0
  4.7  44.1 518.9   2.1
  5.0  35.9 737.2   2.1
  3.6  22.5 559.5   1.8
  1.9  30.5 804.0   2.2
  2.4  28.5 154.5   2.3
  1.2  21.8 809.8   1.7
  1.5  34.4 458.7   2.1
  3.7  12.8 161.5   2.0
  3.1  44.6 414.2   2.1
  2.7  43.1 734.3   2.3
  2.0  20.6 375.5   1.8
  1.3  20.7 615.6   1.9
  2.5  13.5 142.0   2.1
  4.5  25.2 198.2   1.5
  1.1  33.6 460.0   2.4
  1.5  29.0 290.0   1.6
  1.4  13.1  65.6   2.4
  2.2  40.3 213.1   2.0
  2.1  46.4 923.3   2.3
  3.9  33.7  75.3   1.6
  5.0  16.7 923.1   2.4
  4.2  33.2 663.8   1.5
  2.9  27.3 100.4   1.5
  3.4  28.4 411.7   2.3
  4.0  19.8 849.6   2.2
  4.5  25.7 531.5   2.0
  3.7  33.8 788.0   2.1
  1.8  10.0 127.5   2.2
  4.1  46.2 146.8   1.6
  1.7  28.4 179.4   1.7
  3.4  41.2  56.6   1.7
  2.4  28.5 726.7   1.9
  2.7  32.6 487.7   2.0
  3.6  27.5 324.4   1.8
  2.9  39.7 748.0   2.2
  1.3  41.0 465.9   2.3
  2.2  11.2 466.0   1.8
  4.8  49.6 264.6   1.7
  1.4  31.4 736.2   1.6
  3.5  43.5 391.9   1.7
  1.2  18.6 540.4   2.0
  2.4  35.7 192.3   2.2
  1.9  35.6 418.4   2.3
  2.3  40.8 136.5   2.4
  3.6  15.0 636.3   1.5
  2.7  29.8 123.1   1.5
  3.6  23.2 903.9   1.9
  3.5  31.9 126.6   1.9
  1.4  15.4 278.3   2.1
  4.9  49.1 214.4   2.2
  4.4  24.4 604.2   1.8
  1.4  42.8 885.1   1.7
  2.3  46.0 914.3   2.2
  4.8  14.4 936.7   1.7
  3.7  23.7 806.3   2.2
  2.8  21.7 247.3   2.4
  4.2  23.6 672.6   2.2
  4.0  12.7 263.7   2.4
  4.6  13.3 155.5   1.8
  4.0  13.7 348.5   2.0
  3.4  28.0 518.0   2.1
  3.6  13.8 149.2   2.4
  1.7  35.9 133.5   1.8
  1.9  13.4 418.6   2.3
  4.6  17.7 859.6   1.6
  3.3  23.8 745.1   2.0
  3.5  35.9 200.0   2.0
  2.6  14.6 271.6   2.2
  4.4  40.2 204.3   2.4
  3.3  21.4 583.8   1.6
  4.6  48.7 470.9   2.4
  2.4  24.1 603.5   1.5
  2.6  29.0 478.9   2.4
  4.6  32.5 343.5   1.7
  2.0  32.7 714.9   1.6
  3.7  44.9 481.5   2.3
  3.5  16.9 377.2   1.9
  4.2  49.5 356.7   2.4
  2.3  20.1 731.1   1.8
  1.6  10.2 349.4   1.6
  3.1  20.9 107.2   1.5
  3.9  25.0 658.2   2.2
  2.0  37.0 586.1   2.1
  2.3  11.4 145.1   2.3
  3.5  37.7 399.6   2.5
  4.5  11.5 863.0   2.1
  1.7  36.1  87.2   1.9
  3.3  14.3  67.3   1.9
  2.6  20.8 607.4   1.6
  4.9  27.3 518.3   2.1
  3.5  19.8 117.2   1.9
  3.8  33.2 186.8   1.8
  2.3  44.0 406.1   2.3
  3.5  22.0 659.1   2.2
  3.2  15.1 533.9   1.7
  4.7  47.5 688.0   1.6
  1.5  48.4 101.8   2.4
  3.1  28.5 894.1   1.7
  1.6  42.7 925.2   2.4
  2.4  49.6 603.8   2.0
  1.9  40.9  82.3   2.3
  1.1  16.0 892.7   2.3
  2.0  37.2 232.2   1.9
  1.4  28.0 926.6   1.9
  3.5  23.1 802.2   1.7
  3.7  29.8 408.5   2.3
  3.3  23.1 468.2   1.8
  3.5  21.3 297.5   1.6
  1.6  43.5 865.7   2.1
  2.1  28.2 798.4   2.2
  3.6  42.5 722.9   1.9
  1.0  41.4 626.2   1.7
  2.4  47.0 748.5   1.9
  4.3  47.0 213.3   2.4
  5.0  43.7 524.0   1.6
  2.3  44.2 602.0   2.3
  2.9  41.4 597.0   2.5
  3.5  44.6 648.1   1.5
  1.3  10.1 846.3   2.5
  3.8  43.4 244.5   2.0
  2.7  37.1 912.3   2.1
  1.3  23.6  71.8   1.5
  3.1  35.3 839.1   2.4
  1.8  27.1 409.8   1.6
  2.0  36.9 777.6   1.7
  3.8  34.4 634.6   2.1
  2.1  39.8 313.0   1.5
  4.4  37.8 418.5   1.5
  4.1  15.7 603.5   2.3
  2.5  19.0 230.3   1.6
  2.3  25.9 538.2   1.5
  1.0  48.6 631.5   2.1
  1.3  48.0 112.1   2.0
  1.7  16.0 206.9   1.9
  3.3  34.1 322.7   2.2
  3.6  38.7 871.3   1.7
  4.2  12.7 109.0   1.9
  3.3  23.9 755.4   2.5
  4.9  17.8 219.9   2.5
  4.1  20.7 679.9   1.9
  4.8  10.5 213.3   1.7
  3.6  19.7 842.2   2.0
  4.3  16.8 405.2   2.4
  1.8  10.5 258.8   1.7
  4.2  33.4 110.1   1.5
  4.4  46.9 932.7   2.0
  1.3  44.4 220.9   1.6
  2.9  26.5 426.3   1.9
  1.6  22.8 843.4   1.9
  3.7  39.1  72.1   1.5
  1.0  47.2 117.4   2.4
  1.2  33.0 232.5   2.1
  3.3  22.9 769.3   1.7
  3.0  23.4 616.2   2.1
  4.3  28.4 290.2   1.6
  1.1  45.3 402.6   1.8
  3.5  35.6 305.5   1.5
  3.7  32.5 565.9   2.0
  2.4  35.1 304.5   1.8
  3.8  10.6 266.0   2.3
  4.6  22.4 556.3   1.8
  4.4  46.9 640.4   2.4
  4.8  42.1 422.5   1.6
  5.0  38.9 757.7   1.7
  2.9  17.7 562.9   1.9
  4.7  11.6 112.1   2.3
  4.6  31.2 847.4   1.6
  2.2  35.3 100.1   2.3
  1.4  28.5 725.5   1.5
  1.8  25.1 240.3   1.7
  1.4  22.6 375.8   2.0
  1.1  21.8 680.9   1.7
  2.6  33.3 677.6   1.9
  1.6  43.2 815.8   2.0
  1.5  46.3 818.0   1.6
  2.8  33.8 856.8   1.5
  3.2  23.3 659.0   1.5
  4.5  34.0 293.9   2.2
  1.7  32.8 301.8   1.7
  4.5  41.5 264.7   2.3
  2.4  38.8 596.5   1.6
  4.8  46.7 628.0   1.7
  4.6  47.5 915.5   1.6
  2.2  35.2 871.8   1.5
  1.8  18.3 472.3   1.8
  1.7  49.9 417.1   2.3
  2.9  37.9 398.4   1.6
  1.6  22.1 141.9   2.4
  4.6  20.8 674.6   1.8
  3.7  36.2 458.9   2.1
  4.4  11.3 538.8   2.1
  1.9  45.4 475.0   2.1
  3.3  35.8 430.5   1.7
  4.0  17.1 755.6   2.2
  1.9  19.7  72.0   1.6
  1.1  35.8 728.5   2.3
  2.3  13.2 318.5   1.9
  3.6  47.6 791.9   1.6
  4.8  42.9  79.8   1.9
  2.4  14.2 126.7   2.5
  1.3  15.5 281.6   1.7
  4.7  10.6 287.9   1.7
  2.1  45.0 123.7   2.4
  2.4  47.1 172.4   2.2
  3.9  28.6 678.9   1.8
  4.4  34.6 581.8   2.0
  1.2  10.1  53.0   1.7
  1.9  26.5 511.2   1.6
  4.7  35.7 114.3   2.1
  4.4  48.7 632.1   1.7
  4.2  44.8 756.0   2.2
  2.0  39.3 405.2   1.7
  1.1  21.7 712.2   1.7
  2.9  42.7 484.2   1.8
  2.6  35.3  88.8   2.3
  4.7  49.2 721.9   1.7
  1.9  45.1  80.4   1.6
  3.0  47.1 676.6   2.3
  1.9  26.0 660.5   1.8
  1.3  24.9 116.4   2.0
  3.9  15.0 483.0   1.7
  3.9  23.0 493.7   1.7
  4.7  18.6 156.2   2.4
  4.1  32.5 131.1   2.0
  3.0  37.9 103.3   2.1
  1.9  10.1 574.5   1.9
  3.0  18.6  77.1   1.6
  3.1  46.0 816.7   2.0
  1.4  47.2 868.9   1.9
  3.3  28.4 327.7   2.1
  2.7  48.1 104.2   2.0
  2.3  19.3 283.3   2.0
  4.3  16.3 289.8   1.9
  3.1  11.6 685.4   1.6
  1.3  18.4  77.5   1.7
  2.3  35.2 605.2   2.1
  3.5  47.0 145.5   1.9
  1.2  43.8 887.5   2.0
  4.2  32.9 459.9   2.0
  1.2  14.9 171.1   2.3
  1.4  34.0 422.3   2.1
  1.6  28.2 569.4   1.8
  4.6  17.8 318.7   2.3
  1.6  16.7 335.4   1.8
  1.3  13.1 925.6   1.7
  5.0  22.4 915.4   1.7
  4.9  34.8 665.6   2.3
  2.7  12.8  98.2   1.9
  4.0  25.9 164.9   2.4
  2.9  13.6 658.1   1.9
  4.6  32.5 842.3   1.9
  3.0  25.9 202.0   1.8
  2.5  15.1 202.0   1.9
  4.8  40.9 519.1   2.3
  4.8  37.8 169.6   1.6
  4.5  12.2 848.9   2.1
  1.1  25.6  92.6   2.0
  3.1  14.6 385.4   2.3
  2.3  46.9 445.7   2.4
  1.6  11.3 674.3   2.4
  4.1  16.0 489.6   1.7
  3.4  24.7 933.4   2.2
  3.5  27.5 732.2   2.2
  1.2  15.0 278.6   1.9
  2.6  20.4 489.7   1.6
  2.5  11.5 782.5   2.2
  2.4  35.9 771.7   2.3
  3.2  42.4 545.5   1.8
  4.7  24.0 885.9   2.3
  4.2  29.9 751.6   2.4
  3.6  15.6 569.3   2.3
  3.1  13.2 682.8   1.8
  4.4  15.6 585.1   1.8
  2.7  22.0 231.9   2.4
  3.3  31.6 454.1   1.8
  4.8  44.2 486.4   1.9
  1.5  39.3 874.6   2.2
  3.3  44.5 709.6   1.9
  4.3  13.0 454.0   1.5
  3.3  39.2 304.5   2.1
  2.5  10.7 892.7   1.6
  3.4  19.0 897.2   2.5
  3.8  16.8  90.4   1.7
  3.1  34.7 267.3   2.0
  3.3  49.2 783.8   1.8
  4.0  42.8 655.6   1.6
  2.8  33.7 115.9   1.8
  2.6  20.4 716.4   2.3
  3.1  27.5 910.3   2.0
  3.7  35.2 806.7   1.6
  1.8  16.7 343.3   2.1
  2.0  36.8 672.5   1.7
  3.0  37.7 608.6   2.1
  3.6  27.1 265.1   1.6
  2.6  13.9 464.4   2.3
  3.6  42.9 395.0   2.1
  1.0  15.4 142.6   1.5
  2.2  12.0 724.7   1.9
  4.8  32.7 679.9   2.2
  3.6  39.6 575.1   2.2
  1.9  16.4 466.5   1.5
  1.6  38.3 399.8   1.6
  3.5  47.2 427.4   2.1
  2.9  40.6 786.6   1.7
  3.5  46.8 448.2   2.0
  2.1  19.3  97.9   2.1
  4.8  10.5 812.7   1.8
  1.9  35.0 337.1   1.6
  2.6  41.2 148.8   2.1
  3.5  23.4 341.9   1.6
  3.5  31.2 177.7   2.5
  4.6  13.2 876.5   2.0
  4.0  26.7 253.1   2.3
  4.7  28.3 559.8   1.8
  1.8  44.3 500.5   2.0
  1.8  16.6 784.9   1.8
  4.1  35.7 189.8   2.0
  1.6  47.6 572.5   2.4
  3.5  39.6 816.8   2.2
  2.3  14.5 563.5   1.6
  2.5  25.1 298.5   2.0
  1.4  34.2 307.3   1.6
  3.0  15.0 904.9   1.6
  3.5  15.1 190.0   2.2
  4.1  49.0 503.7   2.0
  2.3  29.1 538.4   1.7
  1.8  40.3 777.3   1.8
  1.8  49.9 204.5   1.7
  3.5  24.4 758.8   2.1
  4.3  33.0 332.8   2.2
  2.5  47.3 673.4   1.9
  3.1  28.3 897.8   1.8
  1.1  44.4 862.4   1.5
  1.2  19.6 909.4   2.0
  4.2  12.5 356.4   2.4
  1.4  32.7 770.7   1.7
  1.4  32.4 345.1   2.5
  4.4  14.2 930.9   2.4
  3.2  40.4 269.7   2.4
  2.1  41.9 146.3   2.3
  4.0  20.1 420.5   1.8
  4.9  36.6 745.4   1.8
  4.8  34.1  56.3   2.2
  4.6  26.8 101.3   2.3
  4.4  37.4 642.7   2.0
  3.0  14.4 450.8   1.6
  4.6  26.1 874.7   2.4
  2.5  40.7 239.0   1.5
  4.7  14.1 728.5   2.2
  4.4  10.4 311.2   2.5
  1.8  32.0 174.6   2.3
  2.2  29.2 425.3   2.1
  3.5  44.1 474.5   2.1
  1.9  34.6 777.4   2.0
  3.6  47.8 436.5   1.8
  1.4  38.3 181.8   1.9
  3.0  13.6 921.4   1.6
  3.7  30.8 375.9   2.2
  4.1  41.6 446.2   2.3
  1.3  25.7 398.6   1.6
  1.2  20.6 632.8   2.4
  5.0  24.4 401.4   2.1
  4.1  41.0 601.3   2.2
  4.4  12.4 200.1   1.7
  1.6  30.1 610.9   2.2
  2.6  17.1 674.8   2.1
  1.3  29.1 207.8   2.4
  1.4  11.9 929.6   1.8
  4.2  16.1 447.4   2.3
  4.8  16.7 188.4   1.9
  4.6  33.9 945.6   1.9
  1.9  44.0 691.6   2.4
  1.3  44.1 116.9   2.5
  2.0  26.2 697.1   2.2
  1.9  16.6 237.8   1.7
  4.9  31.5 646.2   1.9
  3.0  24.9 229.4   1.7
  4.0  10.9 814.1   1.5
  1.6  37.1 843.2   2.2
  2.2  32.3 861.8   2.1
  2.9  37.0 500.9   2.3
  2.2  46.8 631.0   2.1
  1.1  33.6 694.3   2.3
  1.1  27.1 765.8   1.7
  3.2  10.3 547.3   1.9
  1.3  37.7 364.5   1.7
  3.0  39.1  52.4   1.5
  1.8  27.7 417.6   1.8
  1.6  11.7 663.9   1.7
  4.0  31.9 340.0   2.0
  4.6  34.9 634.1   2.0
  5.0  48.0 512.9   1.8
  4.2  48.3 477.9   2.4
  4.6  24.7 693.6   1.6
  1.0  37.7 534.3   2.2
  1.9  37.2 365.5   2.5
  3.2  27.5 421.9   1.8
  4.7  11.7 573.5   2.0
  2.9  20.3 710.9   1.7
  1.0  20.9 866.3   1.8
  3.7  44.9 310.5   2.3
  1.4  13.0  50.4   2.1
  2.2  24.2 357.6   1.8
  1.1  17.7 117.1   2.5
  1.0  20.6 263.1   1.7
  3.0  46.9 809.3   2.0
  3.3  39.4 515.4   2.3
  3.2  18.5 321.2   1.8
  2.3  46.9 306.1   1.8
  3.3  35.9 355.5   2.4
  3.0  14.4 645.1   2.4
  2.8  24.8 472.2   2.3
  1.3  48.1 293.9   1.6
  3.3  50.0 146.7   2.2
  3.8  40.4 692.6   2.2
  1.4  20.8 926.0   1.9
  4.1  16.0 768.6   1.9
  2.8  24.3 242.9   1.6
  4.4  38.8 711.4   1.7
  3.7  48.6 547.3   2.3
  1.3  29.1 361.3   2.2
  4.8  22.7 501.4   2.2
  4.5  44.8 438.8   1.7
  1.9  38.9 601.2   1.8
  4.5  21.3 759.1   1.9
  1.0  49.4 580.0   2.3
  2.3  16.3 265.7   2.0
  1.7  41.1 873.0   1.8
  1.5  48.0 544.1   1.8
  1.6  20.4 938.2   2.5
  2.3  31.2 821.3   2.1
  3.0  12.2 477.7   2.0
  1.9  31.3 373.3   1.6
  4.8  27.9 587.1   1.5
  2.8  36.9 498.9   2.1
  3.5  19.5 100.4   2.1
  3.2  25.7 116.0   2.3
  3.9  41.2 300.1   2.1
  4.9  11.5 939.5   1.5
  1.0  18.1 774.3   2.4
  1.9  44.5  61.8   2.0
  3.6  47.5 214.7   2.1
  1.1  43.6 204.6   1.8
  5.0  25.4 838.2   1.5
  2.6  22.2 657.6   1.8
  1.3  38.7 585.3   2.2
  1.9  16.5 446.5   1.7
  2.3  10.3 141.1   1.6
  2.7  20.9 109.9   2.5
  1.8  47.3 792.5   2.3
  4.2  45.4 724.0   1.6
  2.3  40.1 104.2   1.5
  3.2  18.3 717.0   2.1
  1.5  19.9 684.7   2.5
  2.6  31.5 878.9   1.8
  3.0  41.3 216.9   1.8
  1.7  21.9 921.7   2.1
  2.8  40.6 851.6   2.2
  1.8  29.1 172.8   1.9
  1.0  14.4  71.1   2.1
  4.7  23.5 438.0   1.5
  1.4  35.1 846.1   2.1
  1.4  49.5 923.7   1.8
  2.8  26.5 675.5   1.9
  2.8  17.0 421.2   1.6
  3.8  31.9 254.1   2.1
  1.2  49.5 852.1   2.0
  1.7  37.9 874.3   1.6
  2.6  40.8 404.0   1.6
  1.0  47.1 563.2   1.8
  1.2  47.4 493.8   1.5
  2.4  44.6 202.2   2.2
  1.8  15.7 800.8   1.5
  1.6  33.1 502.0   2.2
  2.8  17.7 157.1   2.5
  3.6  27.0 275.2   2.2
  4.1  21.3 500.2   2.0
  1.8  30.5 297.4   1.7
  3.5  46.0  52.3   2.4
  4.5  45.8  87.8   1.9
  2.7  43.4 512.0   2.4
  2.6  24.7 919.8   2.3
  3.1  34.0 947.6   1.7
  3.3  49.6 174.4   2.4
  1.1  28.6 242.3   2.2
  3.0  30.6 547.1   1.9
  4.1  34.8 131.5   2.0
  5.0  43.5 863.5   2.3
  3.2  46.2 501.9   2.1
  2.4  13.4 669.5   1.5
  1.5  49.2 826.4   2.4
  1.3  43.1 290.5   2.0
  3.2  40.1 301.1   1.7
  2.3  17.6 568.2   1.7
  3.4  18.5 924.0   2.3
  4.9  14.8 220.3   2.2
  1.5  26.4 289.6   1.9
  2.0  18.5 875.0   2.2
  3.3  17.4 387.2   1.8
  1.3  41.4 341.5   2.4
  2.8  46.4 839.5   2.3
  1.1  31.9 220.1   1.7
  3.2  38.1 396.3   2.0
  4.7  11.8 834.6   1.9
  4.0  24.0 608.5   1.9
  3.9  42.9 390.3   1.7
  4.9  37.1 475.9   2.3
  4.7  18.9 691.7   1.7
  1.8  12.7 684.0   2.3
  2.5  38.6 517.6   2.2
  4.2  40.9  73.3   1.6
  4.1  18.9 819.6   2.1
  5.0  18.9 224.7   2.4
  2.7  45.1 386.7   2.4
  4.8  21.5 315.8   2.2
  3.0  42.2 865.7   2.1
  1.4  36.7 828.5   2.5
  1.4  29.1 847.6   2.3
  2.9  20.3 734.5   1.7
  1.8  35.6 351.2   1.6
  4.1  22.9 386.7   2.0
  1.0  25.7 730.0   2.5
  2.1  41.8 411.4   1.9
  3.4  35.3 215.7   1.6
  3.1  39.6 791.2   1.6
  1.3  35.8 662.4   1.5
  1.1  35.8 451.2   2.2
  4.3  12.4 360.7   2.1
  2.3  30.6 142.3   1.6
  2.3  38.4 805.4   1.7
  4.7  15.3 685.7   2.3
  2.4  38.8 318.7   1.8
  1.2  24.2 319.9   1.9
  3.7  18.1 210.4   1.5
  4.3  14.3 301.1   2.4
  3.8  11.3 434.7   1.6
  1.2  33.9 471.8   1.6
  3.4  20.2 929.6   2.0
  1.3  17.6 662.2   1.8
  2.0  39.9 453.6   2.5
  2.7  39.9 454.6   1.7
  2.0  36.7 763.1   2.5
  2.3  29.7 761.3   1.6
  4.8  24.4  97.0   1.7
  2.0  34.3 750.8   2.1
  3.8  37.7 923.2   1.9
  4.6  14.4 842.9   1.9
  1.7  13.8 510.3   2.3
  4.3  26.8 723.7   1.9
  4.9  14.2 455.1   2.0
  4.3  45.1 313.1   1.8
  4.2  39.3 699.9   2.2
  4.8  36.9 933.4   1.7
  3.1  44.0 724.6   1.7
  1.2  31.7 846.5   1.6
  2.1  36.8 470.6   2.2
  1.3  16.0  80.3   1.8
  3.6  26.0 551.2   2.1
  3.2  27.0 190.9   2.2
  3.6  26.4 674.1   2.0
  3.9  49.4 935.3   2.1
  2.2  18.1 512.8   1.5
  2.0  29.0 768.5   1.9
  3.0  18.4 353.4   2.3
  1.4  16.2 210.9   2.3
  4.8  14.1 456.0   1.8
  2.9  11.6 339.9   1.8
  3.7  26.7 920.6   1.6
  3.3  11.5 699.1   2.4
  2.0  15.6 529.8   1.8
  2.5  37.1 185.7   1.9
  1.7  31.2 377.9   2.1
  2.5  24.9 242.1   1.7
  3.4  24.0 738.0   2.0
  2.3  26.8  76.1   1.5
  3.8  17.5 182.9   1.9
  3.6  24.0 622.7   2.4
  3.2  13.3  99.8   1.7
  2.3  36.2 877.0   2.3
  4.8  24.4 461.3   1.8
  3.5  46.7 161.5   2.4
  2.2  16.8 479.0   1.6
  2.0  31.8 257.0   1.9
  1.7  40.6 122.8   1.6
  1.1  25.2 418.1   2.3
  3.8  49.9 275.7   2.2
  1.0  29.8  80.0   2.2
  4.7  22.6 728.8   2.2
  1.3  48.1 460.1   2.2
  4.5  20.5 388.7   2.0
  3.8  30.7 413.0   1.6
  4.8  41.9 662.8   1.8
  3.6  16.8 591.1   2.0
  3.8  46.8 251.0   1.8
  2.9  44.1 642.5   1.7
  3.7  34.6 688.8   1.9
  3.5  16.7 138.7   2.2
  4.1  16.7 898.6   1.9
  1.6  20.4 910.0   2.2
  3.3  45.4 141.1   2.3
  2.2  15.4 626.8   2.5
  2.5  10.0 624.1   1.7
  3.4  20.4 427.5   2.0
  4.2  33.5 881.5   2.1
  1.6  26.6 756.1   2.1
  4.5  10.3 706.9   2.2
  3.0  24.7 899.8   2.1
  4.1  24.9 479.6   2.0
  2.5  15.4 359.8   2.1
  4.5  23.6 106.6   2.2
  1.5  30.9 760.5   1.6
  4.8  24.4 685.6   1.6
  4.0  40.8 759.6   2.3
  4.6  42.5 754.4   2.0
  2.9  40.1 932.6   1.5
  3.8  27.9 285.2   1.6
  3.5  42.6 924.6   2.1
  4.5  32.1 563.3   1.8
  3.5  15.3 641.4   2.1
  3.9  15.8 908.2   1.6
  2.3  39.7 854.4   2.2
  4.4  16.8 856.9   1.9
  1.2  39.3 615.7   1.9
  3.3  21.1 141.7   1.7
  2.3  48.2 844.7   2.5
  1.2  23.2  76.1   2.0
  3.1  23.7 687.8   1.5
  4.3  49.4 317.0   1.8
  4.2  23.3 802.9   1.9
  2.7  20.0 594.9   2.1
  4.8  16.8 360.8   2.4
  2.4  17.0 246.8   2.0
  2.4  26.6 788.5   2.1
  3.1  44.4 925.1   1.8
  1.6  18.1 369.6   2.4
  1.1  27.6 439.0   1.7
  1.2  17.0 794.2   1.7
  4.9  23.5 426.4   2.3
  3.5  42.7 723.8   2.3
  2.2  42.4 851.6   2.4
  3.3  11.6 375.8   2.1
  3.2  46.5 173.7   2.1
  3.1  38.1 417.9   1.5
  1.7  40.0 341.0   1.6
  1.4  35.5 330.7   2.3
  2.5  38.3 484.4   2.1
  1.6  14.8 898.7   2.0
  4.0  41.6 207.7   2.0
  4.6  43.6 815.3   2.0
  4.5  12.9  52.3   2.4
  4.3  10.2 260.4   1.8
  4.6  17.6 105.4   2.2
  4.8  26.8 477.1   1.6
  3.4  11.7 857.0   2.5
  3.8  37.3 628.2   2.4
  1.8  29.7 663.6   2.5
  2.9  46.7 159.4   2.5
  3.4  31.4 218.3   1.8
  1.3  22.1 507.0   1.9
  3.3  18.3 335.5   2.0
  3.5  30.8 669.9   2.0
  3.1  10.2 437.7   2.3
  1.1  13.4 628.8   1.8
  2.7  14.8 809.1   2.4
  3.9  21.0 506.9   1.8
  3.4  14.8 775.7   2.5
  4.8  17.4 270.8   2.2
  0.2   0.4   0.3   0.2   0.2   0.3   0.3   0.3   0.3   0.4   0.3   0.3   0.4   0.4   0.2   0.4   0.4   0.3   0.3   0.4   0.3   0.3   0.3   0.4   0.3   0.3   0.3   0.3   0.3   0.4   0.3   0.3   0.3   0.3   0.4   0.4   0.3   0.4   0.2   0.4   0.3   0.3   0.2   0.3   0.3   0.3   0.4   0.2   0.4   0.3   0.2   0.3   0.3   0.4   0.2   0.4   0.2   0.4   0.4   0.2   0.4   0.4   0.2   0.4   0.2   0.3   0.4   0.2   0.3   0.4   0.3   0.4   0.3   0.4   0.4   0.3   0.3   0.3   0.4   0.3   0.3   0.2   0.4   0.3   0.2   0.4   0.2   0.3   0.4   0.4   0.3   0.3   0.3   0.3   0.3   0.3   0.2   0.3   0.3   0.3   0.2   0.2   0.2   0.2   0.3   0.4   0.3   0.3   0.4   0.3   0.3   0.3   0.3   0.4   0.4   0.4   0.2   0.4   0.4   0.3   0.3   0.3   0.3   0.4   0.3   0.3   0.2   0.3   0.2   0.2   0.2   0.3   0.4   0.3   0.3   0.3   0.4   0.3   0.3   0.3   0.4   0.3   0.3   0.2   0.4   0.3   0.3   0.2   0.4   0.2   0.3   0.2   0.3   0.3   0.4   0.4   0.3   0.3   0.3   0.4   0.2   0.4   0.2   0.4   0.3   0.3   0.2   0.3   0.3   0.3   0.3   0.3   0.4   0.2   0.3   0.4   0.3   0.3   0.3   0.3   0.4   0.3   0.3   0.3   0.3   0.4   0.3   0.3   0.2   0.4   0.3   0.3   0.3   0.2   0.3   0.3   0.4   0.3   0.4   0.3   0.3   0.3   0.3   0.3   0.3   0.4   0.2   0.2   0.3   0.4   0.2   0.3   0.2   0.3   0.3   0.2   0.4   0.2   0.3   0.2   0.4   0.4   0.2   0.2   0.2   0.2   0.3   0.3   0.2   0.4   0.2   0.3   0.4   0.2   0.3   0.3   0.2   0.3   0.3   0.3   0.4   0.4   0.4   0.3   0.3   0.3   0.3   0.3   0.3   0.3   0.3   0.3   0.2   0.2   0.4   0.3   0.4   0.2   0.3   0.3   0.3   0.2   0.4   0.3   0.2   0.4   0.3   0.3   0.2   0.4   0.3   0.3   0.3   0.3   0.2   0.3   0.3   0.3   0.3   0.4   0.4   0.4   0.4   0.4   0.3   0.2   0.4   0.4   0.3   0.3   0.4   0.2   0.4   0.2   0.4   0.4   0.4   0.2   0.3   0.3   0.4   0.3   0.2   0.3   0.3   0.3   0.2   0.3   0.3   0.3   0.3   0.3   0.3   0.2   0.3   0.3   0.4   0.4   0.3   0.3   0.3   0.3   0.2   0.3   0.3   0.3   0.2   0.2   0.4   0.2   0.4   0.4   0.4   0.2   0.3   0.3   0.3   0.4   0.3   0.3   0.2   0.2   0.2   0.4   0.3   0.2   0.2   0.2   0.4   0.4   0.3   0.3   0.3   0.3   0.2   0.4   0.3   0.3   0.2   0.4   0.2   0.3   0.3   0.4   0.4   0.3   0.2   0.2   0.3   0.3   0.4   0.4   0.4   0.3   0.3   0.3   0.4   0.3   0.3   0.3   0.3   0.3   0.3   0.3   0.4   0.4   0.2   0.3   0.3   0.2   0.3   0.3   0.3   0.3   0.3   0.4   0.4   0.2   0.3   0.2   0.3   0.4   0.3   0.3   0.3   0.2   0.3   0.3   0.3   0.4   0.2   0.4   0.2   0.2   0.3   0.4   0.3   0.2   0.3   0.3   0.4   0.3   0.3   0.3   0.4   0.4   0.3   0.2   0.3   0.3   0.3   0.2   0.4   0.3   0.3   0.3   0.4   0.3   0.2   0.3   0.4   0.2   0.3   0.3   0.3   0.4   0.3   0.3   0.4   0.3   0.3   0.3   0.4   0.2   0.2   0.2   0.4   0.4   0.3   0.3   0.2   0.4   0.3   0.3   0.2   0.2   0.4   0.3   0.3   0.3   0.2   0.3   0.3   0.2   0.4   0.3   0.3   0.4   0.2   0.2   0.3   0.3   0.4   0.3   0.3   0.3   0.3   0.2   0.3   0.3   0.4   0.3   0.3   0.3   0.4   0.3   0.3   0.4   0.2   0.4   0.3   0.3   0.2   0.4   0.2   0.3   0.3   0.2   0.3   0.4   0.4   0.2   0.2   0.3   0.4   0.4   0.3   0.4   0.3   0.2   0.4   0.3   0.3   0.2   0.3   0.2   0.2   0.2   0.3   0.2   0.3   0.2   0.4   0.4   0.4   0.2   0.3   0.3   0.3   0.2   0.3   0.3   0.3   0.2   0.2   0.3   0.3   0.2   0.3   0.3   0.3   0.3   0.2   0.2   0.3   0.3   0.2   0.3   0.3   0.4   0.4   0.2   0.2   0.2   0.3   0.3   0.3   0.4   0.4   0.2   0.3   0.3   0.4   0.3   0.4   0.3   0.3   0.3   0.3   0.3   0.4   0.2   0.3   0.3   0.2   0.4   0.4   0.3   0.4   0.4   0.3   0.2   0.3   0.2   0.4   0.3   0.4   0.3   0.3   0.4   0.3   0.4   0.2   0.3   0.3   0.3   0.3   0.3   0.3   0.3   0.3   0.2   0.3   0.2   0.3   0.3   0.3   0.3   0.3   0.4   0.2   0.2   0.2   0.4   0.3   0.3   0.3   0.3   0.3   0.3   0.3   0.4   0.2   0.3   0.3   0.3   0.3   0.4   0.3   0.2   0.4   0.3   0.2   0.3   0.3   0.3   0.4   0.3   0.4   0.3   0.4   0.2   0.3   0.3   0.3   0.3   0.2   0.3   0.3   0.2   0.3   0.3   0.3   0.3   0.4   0.4   0.4   0.3   0.3   0.4   0.4   0.4   0.2   0.2   0.3   0.3   0.3   0.3   0.3   0.3   0.4   0.4   0.3   0.4   0.3   0.2   0.2   0.4   0.3   0.3   0.2   0.3   0.3   0.2   0.2   0.3   0.4   0.2   0.2   0.2   0.4   0.3   0.4   0.4   0.3   0.3   0.3   0.4   0.4   0.3   0.3   0.3   0.3   0.2   0.4   0.3   0.3   0.3   0.4   0.4 
  106   178   112     4   155    89   139    24   119    61    28    90   125   166   134   114    11   159    66   128   164    61    15   165    72    11    87   164   155    29    51    64    25   127    54   170   147    39   150   167    28    16    68   112    46    86   160    84    56   158    98   159   179    63   132    94    88    80    84   144    92    53   158    57   131   114     6    29    82     8    46    67    46   104   138   109    20    94   145   179    24   136   168   100   131   145    22   157   176    78   113    70   142    18    96   132   148   129    20    75   169    39    41   115   127   145    38   133     5   170    47   110    27    52    80   169    20    98    55   174     6    85   104   119    41    41   110   107    99    66    69    74    72     6    98   118   159   142   141    55   119   175    60    37   133   127   145    39    29   135    85    56    26    89   176    30    50    58    75    18   119    47   132   155   177   113    13    68   128   132    97    33   154    65    65   144    22    91    23   147     3    57   133    20   134   139    62     3    27   143    31     3    55    18    59   138   165   145    17   171   133    87   154    65   118    23    72   159   102   163    30     3    33   170    38   152    66   174    63    37    62   126   103    68    20   150    14    90    87    85    85   119   133    70    40   174    94    34   141   151    48   171    98   115    79    28     8    31   105    31   143   175    98   125   178   128   148   120    29    97   141   174    88   162    36    46    26   105    73    59    60    21    91    54   131   176   177    85    81   114    81    57    93    94    41   144   155   161    25    97    55    12    29   102    46   133   173    25     6   139    74    59   139    84   160   138   125    70   141    72    37   171    28   156    41   109   159   130    12   113    30    86   104    65   142    10   157   162     7    13   101   166   124   113    40   109    85    15    33   106    88   101    22     4     1    96    68    74   107   171   108    33    96   174    36    87   101   115   150   142    38   132    63    39   104    55   133   118     9   118   178    58   118    69    74    19   133    91    17   120   100   146   157   113    61   150    80   132    40   178   136    26   113    24    16   126   104    60   165   110    58   120     6   177   169    98    64    11   122    95   106   105    43    21   117   147   118   147    34    76    61     6    64    58   177   157   128   171    43    33   118   129     9    83    56   133    19    63    56   121   120    88    86    45   102    20     4   165    68   121   174    63   169    92    13   156   122     8   124    39   124    70   157   130   125    30   105   145    34   113    93    74   165     2   122   121   165    19   125    30   117     8   111   163   130    35   142    29   113    33    75    28    99   116   156    25   168    95     1    36   121   101    71    84     8    86    57    86    35    24    83   153    70    70    38    19    13   107    60    84   158     4   115    17    48    37    49   170    81    24   160   165   141   147   134    73    88    80    36   170    97   152   143    40   114     9    65    23   117   149    16   140    15   115   148   127    78   156   153    90    25   145   143   134    23   148   148   148   126    40    19    52    11   119    64    76    40   102    33    77    24   157   114   117    23    69    91    18    33   104    69   108   155   102    66    48   142    51    85    67   150   180   165   179   143    23   104    44   162    79    73    54     2    58    44   151    14    77   179    49   121     5   103    18    12   148   118    22    53    23   137    52   118    14   135    47    63     9    90   160   164   131     9    56   142    48    87   166     7    82    66   162   172    75   165    68    16   167    10    33   154    64   143     8   177    69   129   152    86    64    30    79   160   123   111   115   122   112    21   145    47    33   175   178    86    33   110    55   148   107   117    32   104    75   132   176     8   159    11    25    26    25    39   180   116    76   143    70    90   106   105    11    36   178   144    12   140   150    63   149 
   87   165   141   119   105    12    81    19   165   145    97    61   108    24   133   118    27    41   160    66    41   150    60     2     6    40    55    30    93    14   122   167   125   131   139    69    57     4     1   164   143   156   158   106    92    31    73   133   107   126    57    15   149   104    30    10    26   161    87     1   118   107   162    90   113    89   100    56    98   145    87     3   128   104   134    78   131   173    39   116   133   109    17    44    81   128    25    36   100   131   169    40   109    53   136     2   132    12   147   139   170    23    40    87   161   118   104   119    62    90    56    48   174   115    25    24     8    68   139   153    18    69   125    69   163    93   141   138    62    64   170   136    54   166    73    68    95   162   128    62    71    18    95    38   172   108   162   135    77    94    19   176   111   145   130    51    70    69    58   134    79    11    59    57   116    44   151   123    42    52   146    75    75    24    95    33   135    98   171   160    31    51   171   177    21    73     6    85    16   137    49     7    48   136    43     7   139    13   141    90    59   175   107   144   117   177   111    69    28    24   109   132   132    52    34   114   132   166   180   155   112    95   149    97   162    69    44    28   126   142   141   106    46    96   142   153   163    76   170     2    87    86   140   156   150    44    17    51    53   127   179    42     3   162    44    44   154   162    70     4    53    83    53   164   160   172    31    30     7     4     5     6    17    12   146   180   115    59    84     9    86    75     3    49   147   129    54    56    90    29    44    40   121   160   141   151    32   168   151   122   131   166   103   147   108    10    56    42    51    61   137   139    97    29   171   177    69     3   120    88    74   113    41   121    14   109    29   112   114    13    51     3   149   118    13   148    28    77   167   121   121   109   113     1    29    67   144   159    51    77   175    69   103   144   100    63   163    16    49     7     9   124    91   176    62   162    89    86    20    86   178    85    52    62   124   161   111   102    15   123     3    63   137   169    93   176    88   155    62   120   109   132    94   179    61    75   114    69    70   126   159   170   154    50    43   162    29   161    86    98     8   154   103   129    79   126   110    79   118   136   144   126    56    16    27   125   155     6    59    52     8   164   117    43    29   167    25    87   113   120   102   166   154   111    85     7   152   158     8    69   159    74    93    49   123   142    42    71     2    53   121   138    56   142    53    19   100    92   140     7    96   150    48   158    48   142    34   139    72    98    91   108   174   167    81    53   166   160    18   165    62    92   180   147   180    51    58    14   115    83    22   136    19    41    39   176   163   139   137    24    78     4    98    44   108   165    75   151   108    76     2   160   106    26     8   108    53    90    86    95   101    55   150   167    72   143    33    44    28    73   161   164    39    12    26    37   145   102    30   157    11    16    18    53    15     8   136   151     1    14    54   124    29    12    78   113    40   121    16   126    42   130    28   117   141    81   130    94    24   169   173   176   179   107   115    36   156   127    29   135    81   149    81    70   101    87   154   103   148    83   144    15    38     6    52    46    13    98   114   169    18   172    29   138   155   152    97    66   150    75   106   126    36    21    89   126     5   101    90   154   167    30    57   117   171   116   146    38   166    69    76    60    30    19   148    43    95   162    83    24    81   168    12   126   139   107   121   114   165   135    80   166    14   148    90    18    55    75   170   176   143   117   141    11   110     9   148   179   160    40   169    87     4     8    89   115     1     5    47    34    15    89    34     7    32   106   124    11   104    50    87   140    58   118   173    93   101   117    39     6    23   115   156    51   151   124    18    27   118   139 
  164    15   136   127    95    77    46   103   178    32   133    98   101    61    71   128   133     8    92   172    14   107    21   135    25    24    22   163   139    30   133   156    35     5   128    80    69    36   124   104    24   148    50   177    66    83   114    45   113    71   150    83    91   105    21   154   129    52    70   170   155    36    62   118   171    32    45    43   135   117    27    72    46   174    39    47    76   130    20    76    12   162    68    15     9   162   116    89    55     7   135    92   170    31   109   111   153   103    30    74    66   152   123   162    57   150    79   167   114    84   177    36   146    27    73   109    30    18    59   108   116    14    61    43   173   163   143   118   130   100   155   125    40    91    34    19   168   107   107   175     6    74   132   161    88    31   136    73   131    47    20   159   102   100   151   139    87   107   126    66    97    28    59   149    69   179    90   110     4   137   124   157    38    12    78    32   123   129   176   140   145   134   160     7    20   130    11   105    78   109    71   133   121    14    67     5    15    25   116    15    33   169   114    77   114    91     9    81    66    30   163   146     4    37    83   139   104    41   105    11     1   151    12    33    68   172    83    47     3    61   139   179   101   154    76    43   119    73    46    77    36    71    21    12   153    76    17    74    90    35     5   158    91    56    48   137   139   127    19    68   156   142    98   117   145   140   165    88    61    19   134   173    11    77    16    83   177   159    46   135    46   133   137    92   129   123    83    99   116   114    22    40    99    60    18   170   173     8    56   109   146    21    39   103    97    26   123   139   152     3    93   127    95   105    52    71    37   112    21    35    94    62   159    78   144   157   174   136    71    71    46    19    23    13   148   112    47   138   145   116    77    48    59    29    43   151     8    23    20   174   155    27    88   133    55   117    91   119   105    66   180   164    66   125   154   113    83    16    32   169    76    26    85    72   164    69    14   100   147     1     3    23   103    16    37   161    30    25    51    73    14   144   158     9    15    95    49   156   165    22   133    58    17    50    51   123    80    79   117    51   152   163    74    87   114    16    89    32   133   148    26   160     4   170    64   143    69   144   156    83    61    21   134    80    48   137    30    28   127   149   152   171    96    25    74    10    48   156   143    67    92   175    70   167    11   128   117   106    84   153   112   100   180   109   161   177    73   148    88    53    79   131    50   161   118     1   139    48     2   177    56    38    99    56    25    29   137    56   104    19   160    88    35     4    81   144   114    94   165    39    57    11    99    32    72    94    36   160    85    51   170   143   180    80   177    22    70    18    86   138   144   113   152   139     4    31   147    38   142    19     6    38   142   163     9    90   119    91    73     6   177    48    38    19    37    87    51   142     6     4    27   149    61   141   101   175     6    98   178   119    45   176   104    64    23    31    22    73   170    98    59   151    69    21    89    49    27   177    59    65   170   126    45    26   104    41   136   141   134   117    86    90    56    33   113   113   107   158     9   131   176   162    59    76     7   137    23   142   140    57   110    34   124   154   170   131   133   126   166    18    68    98   180    96   162   103   137    62   124   100    74    25   116    35     5   152   103   106    76    30    63   136   173    63    73   124    33   141   136    35   178    24    85    20   108    64     2    30    94    59    22    67    61   134    85   161    65   178   162    35   158    65   141    88    27   162   144    43    64   173     8    92    81     9     8   103    54   179   160   101   109    10    88   148    11   134    55    29   107    49    90    95    60    71    34   168   140   177   141   168   142   104   121   122     9    27    57   124   106   104 
   56     3    97    59    58    37   112   170   122   143   111   102     6   144   142    70     6   160    43    95   178   144   168   107   132   131    76    35   102   153   121   116   179    71   147   114   153    56    30   180    15    27     2   171   134    44    67    52   174   172   162    36    33    76    34   100    62   116   103    45     8   175    89   100   121    93   150   143    31    42    72    76   137    31   128   127    72    99   127    85   158   169    51    86   153   122   138   104    61     2   124   180   166    63   160    13   118   152    88   174   110   140    53   150   124   127   148    59    67   170    27    31   169     1   166    84    45   107   136   174   138   119     5    71     2    37    15    50    32   180   126   180   121    37   105    51    54    83   142   135    87    22   120    93   104    88    43    39    18    54   122   175    12    14   150   114    30   106    68    23   134    10   133   113   165   131   127   112    42    20   153   163    59   174   116    74    15   167    26    44    19    12   113   167   105   165   169    17   124    48    99   107    97   105    17   177    60    64   168   122   168    78    27    26    83     8    45    38   158   121    24   101   141    85   113   149   157   121   124   111    69    66   151   169   136   128   107    24   146    85   138   149    83   159   126   123   138   148    13    42   179   153    52   158    82   129   111   131    73   160    39    36     1   145    17    17   129   152    52   111   157   150    20   135    52    13    12   151   140    59    33    29   180   154   148   167    14   131    48     1    77     5   154   123    75   118    53   122   112    62   169   118     5    59   170   159   163    62   136    93   141   170    82   176   124   140   158    85    61    68   131    68    70    67   132   122   129   120   108    75   124   167    59   116    85   175   164    55    92    63    33    66    97    50     4     6    33     1   175   142    12    26   141    71    63   127   160    87   103   147   166    95   118   158    92    36    57    16    95   178    31    66     1    79   156    98    25    46    51    58   118   150    90   150   105    80   176    78    86    29   172    15   135   166   119   165   160    49   176   133   118    61   165    11   122    57     8   161    69   173   169    71   156    82    71    44    20    30    24    17    50    63   151    84   159    94    61   171    69   169   150    17    42   164    44   139    30   100     8    84    66    84    92   100   139    19   125    90    24    22    76   180   107    74   148    38   172    88     3   169   125   128    17   150   108   179    37   172    60   166    59     1    91    66    43    55    94   170   131    17    24   115   145    24   128   173   107    34    52    13    97   157   124   171    29    43   105   138   129   129    47    50    32    67   142   134     5   148     7    11    65   167   156   103    34   156    75    83   178    17   161    26    94    23    33   178   148    74   142   107   121   163   168    98   168     6    50   108   149   177    93   110    55    45   122   104    82   133   170   149   133     7    33    66    58   100   103    46    28     8    83    70    75    83    79    10    16    86    16   164    51   117   126    73   115   177   170    96    25    50    36    77    72    47    33   166   102    74   134    85   128    46    50   129    56     2    25    74   149    30   137    86   120   100   104    26   168   126   146   106   106   161    42    27    42   127   146    59   163   130    76    67    95    96     9    50   117   165    25   157    30    61   150   119    19   124    15    30   180    82   104   151   166    26   174   112   138   140    43   133   137   118   143    83    99    99    26    15   139    84   174    72   178    71     9    10     1    16    95    42   160    44   119    87    67    85    17    41   154    34    73   134    23    53   113   133   114   148   177   125   134   101   162   166   109    68   176    87   172   139   101    13    33     6   169    69   149   112   133    98    70    92    22    57   170    63    44   150   104    42   176   103    76   169   105   138   108     6    51   119 
  123   107    13    75   141    48   154    58    97    31   123    85    64    35   117   122    54    97   173   113   170   126   131   158    27    32   179    33    41   175   150   152    68    75    87   123   143     7    54    82    20    60   160     1    62    57    77    49    20    11     2   127     9    36   162    97    79    68   173   170   174   116   164    40    16    29   180   149    30    69   145   135    67   160   151   120   175   117    29   146   133    53    52   166    82   114   152     2   154   131    62   170    27   127    21   103   117     5    57    90    54   135    25     9    67    84   114   137   180   150   113    34    96     6   129   160    99   119   158    22    90   170    71   158   168    35    33   105   142   142   124   115   132    32   179     6    50    24   150   180    69   136   118    59   128    30   174   169    24   135     7   130   106   148   173   164     1   108    39    74    10    45   127   107    91   162   167   149    55    77   145    77   104    83   118   152   145    61   176    45    29    51    94     9    66     5   139    66    26   108    12   129   124   171    26   138     4   164   117   102    92   139    50    94     5   147    25    26    85   163   111   166   124   109    89   110   135   166   104    40    20   114   134    54    56    30    42   153    93   100   155   111   151     4   142   170    92   169    18   154    66    66    77    54    12    87   179   104   117   162   122    92    76   169   169    33   116    21    69    41    78    24    88    55   128   143   162   134    98    25    65   158   133    58   178    88   155   102    77   137   107    39     8   105    69   140   140    33   153   108     1   156    95   132   166    47    54   120   107    11   150    51   157   143   144    70    60    29   173   127    46    61    21    45    62   135   110    62    91    70    71    62   116    23   121    40   106    33   129   177   100   155   119    85    29    95    69   175    36    53   180    51   150   164   128   104    99    97    68    41    86    13   114   125    57    54   103   177    58    41    21   167   139    92   180    52   127   121   120    54    24    95   165    58   119    31   173    63    43   125    88   138    75    67   135    47   173    24   171   141    26    68   130    18     3   150    34    98     4   154   158    29    98    24    89   149    87   135   121    24    75    38    42   120    31    65    94    27    20    26   145   168    81     5    46    80    87   138   173    72    76    87   157    89    19   122    70    28    21   144    88    58    29   175     6   157   115   111    29     1    79   102   159    30   115    54   175    85   100   128    14   171    91    91    13    57   125    77    65   109   139    31    43    63    26    96    30    58   167    47   162   105    33    18     5    94   121    92    54    59   114    93    68    99    35    29   167    40    19    38   175    91    24   126   108   163    43    12   172    63    24    87   165   121    79    55    31     7    66   152   145    59   158    47    56    81   164    27    31   111    47    56   180   129    43   137   156   114   162   132   169    79   102   103    97   155   115    87   139    50   130    86    19    68    92   153    44    81    49    53    88    66   157   158     8   167   141   153   130    23   137    36    71   166    93   132   171    36    63    53   156   160    60    24   163    48   111   104   128    36    75    72    68   123    45   124    90    56   179   166    80   116    99   110    46    97    35    91    24   166    45    84    86    42     9    61   125    42   167   116    95    88    66   160   148    65   156   107    75   154    45   144    27     7     3   142   179   153   110     2   140   141    37   162    74    54   167    38    86   135    15    55   111     3    24    76    17    70    10    96    61    41    62    25    74   107   133   159    57    89   122   116   120    69   110    94   112    27    19   138    16   109    86    61    73    88     5    31   117   132   162   111    29    49   151    95    84   131    94    21   106   156   106    29   173   115    81    65   101   131    75    51    59   150    84    21    52    70   175     4 
   10   152    39   111   101   101   104    47   124   172    36    45   159   139    35    56   105    88   158   103   118   119   120    56   106    81   114    48    24    71    57   150   159   144   117   156   174    84    31    96   113   178    86     4    31   134   123    69     4    79     1    17    91   116   161   146   155    60    99   117   121   106    27   159    92    81    17   104   175   139   150    27    24    41    93   149   175     4    97   135    29    21    77    36   127    65    59   163   106   108   153   113   109   147    65   129     8    99   121   168    47   111    39   132   179    42     8    62   127    39    95   166   147   133    80    53    76   173   116    26    65    14    43    71    11    68    64   170    95   147   156    72   122    41    71   100   148   145   156   158    30    27   159    11    20   121   134     8   172   123   138    80    24    63   165   136    49    22   154    43    34   116     7    20    85   112    16    13    29    99    71    75   141   105   165    32    68    93   140   125   116    33    40     7    61   102   127    10     5   131   166   122   123    52    98   139   129   136    20   159    89   139   175   140   150   179   131    19   135    93   165   141   146   115   117   131    99    22    27   169    68    47    58   107   143    36   158   137    53   156   130    30   101   124    74   115   177   180   100   125   176    15    86    60   122   169   105   154   179   114   105   125   161    79    10   148    23     8   171   140    98    62   139   128    73    90    54    40    46   171   101    94   151   147   144   138   169   105    47     5    23    19   112    36    45   100     8    30    72   111    38    94    88   172   149   161    83     7   128    18    92   147     8   154    19   107    32    83     5   117    44    74   108   108    90   174   126    44   163    51   126    15   173    58   108   116    35    61    96   153    76    96   130   130   133    83   105    11   169    36   122   104   170   107   102    23   138    89   132   167    16   145    65    75    42    82   147    66    85    46   174    63    42    73    58   141   125   159   132   149    14    69   168   103    33   121   178    24   172    53    16    53   153   105   140    57    92    46   100   165    53    97     3    26    42   159    82    54   116    17    19    20    62   149     8   134    42   123   125   120    31   143   174    60   139   124   172   170   160    38     2     8   166    37   119   109   111   150   157    13   153   111    43   160    30    24    48   117    67    50   145   151    73   160    40   138   103   104   128    21    76   180   114    19    39    73   153     8    65    84     3   168   131     8   109    58    72   145    16   167   180     4   156    50   159    70    42    65    21    48    86   104    45     6   110    55   165   122   178    75    58   123    31    97   113     5    96    85   160    38   107    47   147    98   116    21    31   123   174   122   143   166    37    68    93    98    52   151   156    88    63    12   160    97    86   139   180   107   177    12    18    45    41   101    39    68   110    76   135    26    52    38    31   111    70    50   143   121   116    28   180   141    65   118    21    40    60     9    88    46   154   170   115   165   108    33   171    31    83   167    65    35   132   162   130   118   156   178    72    52    84   127   168    79   125   149    89   144   139    66   165   154    12    26    54    67    42     6   167   147    99    54    81    47   165   154   178   103   138   144   139   141    74     4    51    35   126    30    15   167   101    74    90    44     6    13   139    60    16   101    43   114    80    42   145    42   144    70    78    74    27    21   101   147    45   118   125    25    47   137   103    35    82   102    43   162    84    60    24    25   100   103    10    80    53    57   176   116   151   134    57    81     7   147    27    51   180    10   178    38   122   108    14    25    72   176    46   119   172    85     1   124   107    63    91    32    26   177   173    75   137   142    65   102    75    60    24    75   118    41    27     7   104    56    47    45   139   161   104   174 
  107   104    77     3   135   174    28   176    15   127    68     7    91    78    97    16    45   170   132    97   113   180   147    48    21    12    71    82   150     6   143   151     2   127   100   168    27   171    72   120   158   170   159    68   119   176    88   144    49    11    32    68    93   131   132    89   157   112   147    61   172   141   158    42    53    92    66   149   118   171   142    15   127    64   136    67   150    45    52    69    47   110    74   104   159   117    95   100    64    69   130    94   114   169   122   167    44    91   134    23   169   104   121    58   166   122   177    48    41     5   172    14    14   120    40   153    30   145    36   148   115   116     7    66   107    84   153    72   109     5   119   151   114    72    28    25    81    17   162   169   178   110    52   111   141    89    83    46   101   118   139   105    17    61   115   161   151    20   150   108   129   150   136   145    65    47   160    59     3    68    59    79   102    67    15    37    63   107   147   105    63   155   129    15    44    24    15   106    44   116   164   113    79   105   102    85   140   163    33   162    58   131    93    66    44    68   155    20    49   161    22    36    96   139   143   141    30   119   150    64   118   149    35   112    94    56    97    47    97   155    13   104   150   144    42    97   158    69    35   169   117   159    58   158   117   134    95   134    98   142    89   121    41    38    22    69    54   139   162    31   102   146   145   137   107    71    96    78    79   177    10   129    57    40   157     1    11    15   116    64     5    56     3    59    12    77    91   109   139    68   101   129   143     7   166   177   174    92    23   152     1    12    25    73     9   138    76    82    66   101   148    84    45   142    43   137   169    24   134   121   125    51    67   157    18   167    65   133    49   163   154    18    24    72   131   177   147   137   153   136   156   132    78   138   129   111   110   140   134   142   162   131   156    56   117   150   180   100     4   103    80   166    60   147    68    83   138   168    99    23   108   121   175    25   147   150    64    76   141   115   125    31    43    32    47   101   133    19    19    95    67   141    70    97   144     4    22   161   110    91   158   159   167    23   165   156   176   168   162   135    19    87    71   133    18   177   119   180    87   131    76    74   147     7   120    60   129   133   161   107    82   156    88    61    88   174    78   104   122    93   107   180   145    90    60    41    82    56   151   111    87   167    78   129    22     8    79     2    75   176   169   147   109   104     9   116    56   109   177   129    42   127    45    53   134    99    20   116   149   110    45     7    20     7    61   138   175   162    59   150   134   174    84   160     6   127   107     7    85    23   165    44    62    22     9    82   131    38   126    66   145   145    91   107   149    92   106    76    15   133    62   113    36   157    63   120    67    43   162   177   132    20     8    31     3   131    27   145    32   157   159   103   151   133    20   117   139    80   149   157    95    42    57   125     8    27   117    43    49    21    76    25    96   160    88   139   160    67     1   119   180    60    13    17   137   133   163    36    44    97   143    39   123    18   144    88   116   179    87   146   143    28    86   165   126    67    13    99   159   110   102   175    90   144    97   148   175    81    80    60    12    76   144   167   171   148    66   128    63   142    74    92   139   169    61   148   126    18    37    41    83    70    92   150   140    25    34    20     1   128   123    71    22   175   113    84   173   120   147   124   167    65   137   109     7    59    24   122    60   113     8   136   147   106   112    45     1   154   175    17   111    87   105    75    57    31    68    14    36    52   146   160    85    13    84    62    35     4   116     5     3    58   106    64    15   163    70   161   110    36    51    31    72   150   159   121    18    17   100    88    56    32    35    81    54    38    41    23    94    67 
  156   157   124    95   134    72   154   141   165   132   134    25   143   113    86    23    16   123   177    62    22   102    84   169   143   149   153   113   176    19    56   130    79   114   130   130    20   155    15   140    46   139    14    64   123   161   140   133   122   168   149    48     4   115    95    38    92   143   103   177    26   119    82    15    18    81    79    35   158    97   105   177   179    72   145   126     1   115    50   108    57   147   101    14     3    26    32   147    74    12    68    76   178   137    83   159    78    59    21    17   157   141    49     2    68    78    42   101     7   120   172     8   122    10   151   162    31   107   161   156   125   147   100   111    54    21    29    73     9   174   170   178   118   118   104    24    89   131   134    73    58    98   115    26    62    71    81    73    80   142    76    36   169    52     9    23   180    44     7    24   132     4   167    96   100     5   133   101   134   144   146    16   136   153   170   171    54     3   148    55   121   175    64   148    83    93   160   170   166    80    55    11   168     6    41   130    74   119    52    31   137    75   102    77   130    69   129    70    59    29    34   150    17    88   123   135   128    45    16   169   112   169    13    67   161    31    82    55   158    56    71    81   122    71    62   155   104   137   133   175    76    56   121   161    47   153   109    54   119    99    65   125    38   156   129    40    80    58    76    15    44   161    13    29   127   104   130   133   130    51    70    41    83    32    28    25   158    99    51   109    48    69    85    91    62    80   106    72   167    24     6    39    83    31   118    96    30   116   125    75     3   118     4   156    36   128     2    64   114   151     6     9    40   102    26   147    79   179    71   114    86    11    64   154    42   157   108   147    65    96    54    56    50   160    62    43   161    43    11    55   163    30     2   150    21   130   171   104    47    94    30   112    79    82    53    98   132   144   160   111   125   137    36    27   176   132   148    71   142   165    98   101   154    81   155    79    95   117    62    47    79    45    40    41   106    78    60   113    21   151   108   177   136   167   140   166   164    98    56    22   153   130     1    40    43   162    36   135    96    79    75    13   178   108   130    93   164    27    78    61   173   103   140    93    89   156   101    89    92    62    98    44   125    90   165   118   155    38    52     1   155   131     5     2   165   146    87   143   105   166   174    65   111   155    19   140    42   147   149   165   154   139    31   115    79   127    25     8    60   100   128   124   150    67    37   126   158   114   165    27    49    78    99   109   150   115   117    75   152   154   129    99    96   116    46   124   173   169   153    34    82   147   176   174    39   125    75   106    12    22    68     4     8    61    76   101    34    97    12    53    60   141   133    74    78   141    43    83    78   131    72   150   140   124    95   158   108   159   143   156    51    71   163    14    57   134   114     4   106   103   151    78   124    87    86   146    40    75   104    59    50   151    86    10   152   106    74   132    64   125   149    59     5    66    60    17   130   156   149    63     4    44   100    59   180   156    75   169   137    14   179    26    42    69    29     2   170    30   176   145    42    49   135   174    43    95   158    46   143    75   177   139    24    95    23   157    50    49   131   176    30    50    28    29    29    25    59   153    47   111   128   117    15   120   134   128   124   142   149    10    95    93    53    24   152    30     6    54    55    90    31    80    40    73    92   171    53   102    22    66    69   118   126   113    46   112   160   136    23   122     4   159    97    91    37   159   150   165   124   148   135   136     5    31    28   131   174    48    82     5   146    42    74    48    15   111   134    33    39   150   157    31    45    54    12    67   149     1   142   164    11   162   150     4   164    49   158   110   177    55 
  167    92     1   103    21    16   175    23    20    28    66   130    39    92   129   131   119   101   179     2    42   141   128    84   159    62   104    19    73    68   163    75   164   110   157   131   140    62     8   104   108    12   123   145   155    87   114    85   103   108   172    94    88    39   173   118   176   123    34   175    98   137    98   119    67   114    95   168     9    44    43   115     9   117   117    43    89    34    21   120   127    43     2   140   172    72    78   150   128    86    54    62    37     2   169    85    59   170   158   114    56     4    26   149   109    48   141   132   154   164    27   142   140   176   104   122    31    57    46    75   108   146    84   160   141     8   175   150   158   129    13   112    99   153    62    79    74    72    66   113    84   103    38   128    96    63    67   178    74   159    12   157    80    61    22   114   152   133    61    78    81   166    20    83   159    50    28    29   142    97    51   120   140    19    75   143    43    64    57   122    80   118    22    76   146    96    34    31   129   129    81   104    72   178   160   109    87    51    80    99    21     5   137   118   119   123   103    72    60    89   177   127    61   170    94    59    17   115   177   123     4    40    39   138    61     8   162    57    28    95   135   121    66   117   164    47   171    32    32   138    42   174    85   127    53    65   131    32    59    74    32   129    21   168   113   130    30    90    38   152   159    72    76    49    19   137   178    32   134   125    79   106    27   151    66     7   152   177   158    14    24    65    87   106    55   133    45   148   112   179    40    74   122   150   139   125   169     2   161   160     9    72   131   128   167    97    71    49   106    71    70    90     9    35    75   176   170    97    71    28   118    90   159    47    25    11    40   114   149    25   129    36    80    11    43    86    89    62    36    77    86    23   129    26    36   127   121    55   110    94    57    67   139   110    93   149    25    46    30    60   130    51    48    29    52    52    78   109   151   122   140   159     4    77    62   138    31    32   139   163    98    24    20   158   112    13    54   149    74    95    64   115    87    38    34    82    56    43    86    16   102    66   120    73    87   101   165   137   134   141   150   120   170    33    78   112    23   125   169     5    54    36    65    78   113     3   179    13    70   124    90    90    37    96     8    90   133     9    70   171   162     6   173   149    75     1    88     1   168    34   101   159   164   137   156    71    53    77   156   174    14    43   180   165   170   151    80   159   102   117    87   155   156    83    69   140   115   126     9   175   103   150    55    66   137    19   157   169   177   118   159    62   133   168    71   149     6    66   145    29    36   148    54     9    66   169   176   115    68   173    28    57    96    32    57    69   168    21   139    83   107   156   114   151    48   171    76   130    70   172    88     8   135   117   174    68   112   141    49   146    63   122    28   135   145    72    77   143    59    12    99    15    54    70   130    66    56   155   124    76    61   124    28    32   144   146    55    40   132   126    19    79   107    38    78   106    79   176    28    20   108    34   146   141    70   135    20   146    40   151    52    96   162   125    40   157    24   146    33   151    52     2    38   153   113   122   125   177    68     3    12    15   124    59    41    61    94   114   128   134    47    42   149    21   158   122   102    57    30    79    14   149   142    58   179    31   154    21   124   170   150    91    45    11    55    13   168   150    23    36    81    82   122   106    91   177   149    73   113    54   149   140    95   137   166    28     5   125     8     9   101   124    62    29    60    63    53   172   137    97   121    80    57    63   147   141     3   167    94    93    60    28    35    95    32    49    68   180   175   116    22   101   179     3   179    29   136   113    95   159   114   151   141   167   148    70   141    73    62   145 
   16   164   166    26   105    57   108   179     9   121     2    15    72    15   133    59    93   160    73   120    23    97    74    32   106    47    78    31   137   111   109    64   138   176   113    30    58    77    40   135    81    38   168    88   171   102    64    90    29   142   138    27   116    27    15   114    59     2   119   115   144    17   166   177   109    32    59    80   157    18   112    62   177   160    85   155     8    44   164    27   165   106    85    28   161   176    27   161    99   125   103    18    26   148   156    90    67   138   141   100    56   113   159    72   128    80   136    83   162   100    87     6    52    58    99     8   114    24   107   133    97    52   101   128   120    10   127    87    12    17    83    22    52   174   158    80    86   132    94    70   104    78   170   180    78    41    42    55    93   111    25    75   179   140    84    15   104   159   157   160   106   100    55   134    25    40    97    28    84   132    50    35    92   136   170    64   150    28    49    10    53    56   109   108    86   144    49    36   140    98   123   135    34   158     8    42    68    79   115    55    88   113    18   151    32    18   164    80   134    36   146    37   144    49   109   138   123   148    11    43   148   135   149    66    70    76   173    17   119    71   178   142   159   145     2   155    55   128   126   139    38    12    26   172    21   104    33   170   122   113   137    50    66    97   114    55   140   153   119   176   175   168     7   101   157   173   100    70    41    98    47    94    75   104   137    69    28    39     6    98    86    21   166    88     6    54    38   128    31   157    40   147    31   176    44   155   136    63   125   159    87   166     2   164    94   179   174    46   105   168   161    53   154   173   133   163    69    48    32   176    29    24    31   152    81    58    46   177   138    15   158    57     2    21    68   130   103     6    44   157   160   125    57    76   151    37     3    86   128   133     2   168    46    79   156   112    47   173    29   105   137    48    92    46    61    92    64    97    81   160    23   104    62   162   173     9   135   148   144    68    73    70   111    38   153    14    14   100   131   151    85   166    53    65    67    12   101   158   120   174   158   152   146   177    22    46    92    80   154    23   126    25   152    18    73   146   139   163   116   138   113   128   166   122    13   164    94    57   177    39    55    20   174    37   119    73   141    65     8   173   165    23    16    44   142    76    65    61    17     8   138   117   168    11    41    43   126   176    18    22   104   166    79    96   120   102   175   175   141   180   178    42   136   105   171   161    49   128    96   176     3    11    86   116    15    47   150    38    83   135     7   176    17    52    80    68    13   103    90    29   125     6     7    85    14     1     4    27   158    86     4    22    97   168    27    96   144    37    95   123    62    44   169    80    53     2   155    65   156   166   169    11    46   180   104   119    24    60   150    40   125   136   106   153    94    53   122   173   166    82   144    62   122    15    15    54   137    34    53    80    74     5    75   164   113    80    86    37    40   170   175    81    72    45    56   122    68    24   171    93   131     5   172    86    81   117   169    60    25    38   121   145    23   109    18   115   129    72    95    53    11   132    61    68    17    75   125   164    71   117    27     2    48    20     3   111    22    26   176   180    62   102    13   148    50     7   164   148   120    75    41   100    99   173   170   133    39    32   128   178    95    89    93   161    88     2    45     3    55    50   149     1    61    44    69   165     7    19   180    64    32   137    60    61   147   142    71   179   115   175   130    29   107    52    19    75   115   154   153   164   169   139    44   134    49   123   122     5   103    60    15    35   176    83    83    13    41    86   178   164   132    15     9    40    40   111   135    21   114    94   152   179    84    60   164    85    28    69   123    56 
   88   151    20    40   137    60   120    93   156   108   126    41   171   122   150    32    78   163    90   103    23    89   167   144    38   153   108    74    91    48   168    64   110    48   115   163   172    33   115   110   175    30    51    65    27    39    51    53    23    75   152   153    22   149    35   174    49    41    48    30    13    56     7   112    64    26   138    59    96   124    62   160   172    57    18   169    26     4   160    62     6    17    68   133   126   127    55    44    24    48    30   122   123    73   114    57    70   147   111    98    15    89    25   149   160    61   160    31   164   127    67     1    59    59    32    11   135    21   180   107   114   176   169   139    31   115   138   145    27    98    57   140     8   114    79   142    52   158   100   134    92    27    36   121    56     8   143   101    15    74    94   121    41    89   156   101   107    95    41    60   144    45   123   125   121    93   179    34    41    62   166    99    38   141    21   125   150    63   166    18   119    76    26    43    94   149   142   126   135    47   176    69    93   171   150    59    51    68   167    79    50    56   146   173    24    77     2   167    87    80   136    34    67    16   112    41   104   102   154   132    81    61   180   156    26   122    23   171   149   139   116    77   119   107    97   151    90    34    29    27   139     2   128   177   152    83    43    93   123   132   102    45   175    24    87    71    38   132     9    76     8    28    78    47    97    22    66   175   149   142    18   136    14   133    63    29    20    11   142    19   128    68    42   107   157    29     5   132   101   116    54    81   151   116    42    44    30    44   128    89    91    63    11    44    40    40    87    57    59     4    24   113    47    13     2   173   123   107   176   155    23     7     6   144   177     7    53    72   123    92    13    82    64    71   121   157   139   121   174    71   156    67    39    10   108   168    43    23    41   110    44   162    69     1   153   176    20    40    97     6    45    18   123   131   169   146    31    49   128   139    93    15    14    39   136    16    70    34     1    60   103    51    67   103   111    73   124     3    86   140   113    11    89   130   142    87    41    86    57    56    93    61    81    50   168    35    40    27    91   149    24   153   177    49   102   176   147   154   169    97   124    81   132   106    64    57   159    93    73   130    91     9    67    31   174   137    63   162    59    62    47   158    82   119   175    30    22    78   120    39   130   163   100   174    99    48   115    23    82    98    52   167    91     3    96   152    43   144    58    50   163   106     4   118   101   121   155   136    44   115    90    86    90   113    66   106   158   115   166   120    43    18    69   110   120    60   117   139    77     4    86    84     6   155   119     4   105    13     9    34   171   173   104   103    87   113     6    30    97    89    15   162   110   109   174   131    27    41    89    92    99    79     2   175    45   103    87   156   133   154    98    50   128    25   158   106    84    79   117   176   164   101     8   101   124   158    86    52   135    82    87   118    85   173   149   104    12   115    85    83   130    10    97   178    42    38    73   123   146   154   169    28     7   125   115     4    36    57    35    40   151   178   103    28    58   148   124   104   161    94    84   157   170    23   134    96    49    79   179    60   150    51    19    68   106   151    39    19    33    30    90   174   145    61   148    98   170    42    94    73    31    27   123   164   131    63   103   157    56   112   141   126   172   100   130    87   144    11   142    61   161    42   105    69    92    15   125    42   143    10   124   170    35    64    69   147   101   165   132   127   130   139    34    96    29   140   160   136    65    40    14    40   144    75     6   141    39    58    59    83   134    57   113     3   137   169     6   101   104   124   115     5   115   169   159   123    66   163   163   110    86   176   126    69    13    31     3   113    14    81 
   46   117    75   172     9    34   103   169    46    80   166   111   140   127    17   174   127    57   136    57   178    14   153    22    12    59    61    15   113    50   164   145   123   177   129   163    76   116    37    79    95    53    87    34   161   131    72    68   173   172   110    54    67    47   132    34   128   152    63   152    69    64     1    90   139    83    89   127    52    63   174    64    60     8   143   161   102    62   122   125   154    51   132    59   132    61    66     6   134    74   124   132    77    76   127    63    81   115     9    70    89    58   108   119   180    19    60    10   119    17    92    94    89    54    43   169    48    68   143    77   134   155   171   170   120   150   147    66    94    68   115   104   141   112   177     5   146   157    91   158   158   164   146    54     3    10   179    49    80    40    11   155   135    93    98    65    94   124   101    46    30   116   113    23   159    28    39   115   143   171   104   177     9    12   140    88    42    55   129   148   138   126    58    30    15    81   173   177   114   162   135   100   130    44    48    38    48   114    50    92   168    36   156    57    17    99    49   146   120   161    11    93   168   146    65    43    53    65   146   127    80    61   168    90    69   136    63    60   119   138   112   157    83    58   154    54   143    20   170     2   171    95    64    85   129   112   143    23   143   139   140    94    23     9   162    81    43   103   172     6    50   121   116    59    74    75    55    90   144   131    48    47    73     9    40   177   171   141    98   179   132   148    11    67   120     4    44   115    67    87    68    76   157     7   162   143    70   137    79    66     9    36    96    50    29   116    40   117    83    18     6    44   119   148   133   154    96    60   179   112    51   113    37   137    35   142   121   167   119   139    61    99   114   121   123    55    83    44    92   127    68    59     3   180    94    42    81    98    16    86   177   124    42   168   144    66     4   125   157   110    24   155   131    69    93   179    33    16   115   115   103   137   120   106    70    89    86    91   178    78   109   137   157   102   173   145    85    63   105    61    30    92   131    28     3    36   153    92   120    97   100    50    48    99   102    18   167   136   146   166   120   151   164     2   176   146     6   151    98    47   142    96    67    81   144   128    67    59    43    57   132   159    74    56   150   107   100   109   115   151   164   127    64   173   112   173   136    87   108    43    24   160    62    35   121    28   155    88   109   169     9    56   148    51    17    73    13   162    36   178    12    18   103    49    39    10   178    16    85   106   135   120     9    90   129    63   118    79   122     1    93   115    89    41    22   151     6   102    29   137    13   120   158    75    96   113   160    19   127    23   108   179    23    38    72   138    50   103   122   145    58    17   154    17   136   174   174   138   145    22    18    87   136   152     5   119    97   157    47     1    55    53   167    48    16     5   151    19    29   178   170   104    98   131    17   147    52   168   173   129   112   142   113   126   170   117    15   142   127   163    74    28   170    68    77   103   161   100   151   120   140    71    42    65    95   121   136     2   101    61    16    82   149   124    72    51    91    44   104   114   127   154    14    17   171   143    77    61    10   107   136    34   175   111    47   104   140    82    98    96    76     9   174   113    92    52   176    72    59    50    76    70    14    90    94   179    58   111   174    94   148   101   164    19     2   149    11   160    16    98   144   143    54   167    27   178    56    87     3    84    44    36    36   123   106   168    66    95    78    37   119    53    32    70   122     3    84    10   158     2    26   124   177   152    39   107    91    96   107   177    34   155   125    13    54    12   159    11    70   134    78   168   179    71    48   103   167    14   155    82   123   142    31    97   132   103    48   108   166   172 
 0.00  0.25  0.37  0.37  0.38  0.38 
 0.25  0.00  0.26  0.39  0.21  0.23 
 0.37  0.26  0.00  0.26  0.27  0.33 
 0.37  0.39  0.26  0.00  0.21  0.28 
 0.38  0.21  0.27  0.21  0.00  0.24 
 0.38  0.23  0.33  0.28  0.24  0.00 
