60 12
4
     19368
     18764
     17403
     19935
  1.4  29.4 320.9   1.7
  3.3  43.0 798.4   2.2
  4.0  27.9 592.7   1.5
  1.4  28.6  53.6   2.4
  3.8  18.1 154.7   1.9
  2.7  16.1 941.7   1.5
  2.6  27.1 922.4   1.9
  4.9  35.4 147.7   2.3
  1.4  15.8 753.2   2.1
  4.9  23.6 210.4   2.5
  3.3  29.8 845.5   2.5
  2.9  17.7 572.4   1.6
  3.6  35.9 829.2   1.8
  3.8  29.5 748.6   1.8
  4.1  31.1 607.7   2.2
  4.0  14.4 656.0   1.9
  2.3  37.2 101.3   2.1
  2.7  33.9 806.7   2.3
  4.6  30.5 585.7   2.1
  3.6  24.5 516.9   2.3
  2.8  12.6 174.3   1.9
  3.6  39.9 898.0   2.0
  2.0  17.6 494.6   1.6
  1.1  42.4 430.7   2.4
  5.0  20.4 791.9   2.0
  3.9  15.3 844.8   1.9
  4.2  35.2 589.9   2.1
  3.2  48.7 745.2   1.8
  4.2  30.5  64.7   1.5
  2.5  46.2 340.1   1.5
  2.4  10.0 628.5   2.4
  3.5  42.8 639.9   1.7
  2.8  22.3 384.1   1.8
  3.6  31.6 451.8   2.2
  2.9  15.4 624.7   2.0
  1.2  31.2 487.2   2.0
  4.0  34.2 107.0   2.0
  2.5  37.6 850.0   1.7
  4.6  49.3 709.3   1.7
  1.2  26.3  59.5   2.3
  4.6  28.4 162.6   2.4
  4.9  32.0 718.5   2.1
  4.6  42.1  95.0   1.7
  1.5  41.1 172.0   1.9
  1.1  16.2 651.6   1.5
  2.0  25.3 297.7   2.2
  2.0  38.9 281.3   1.6
  4.4  20.2 747.0   2.3
  3.7  47.5 886.1   1.9
  4.2  36.8 386.9   1.9
  1.8  30.1 923.8   1.6
  2.8  44.5 521.0   1.9
  3.3  16.8 780.2   2.2
  1.9  30.6 140.9   2.1
  4.3  44.5 363.8   1.9
  1.5  18.6 118.0   2.1
  4.1  15.9  76.6   2.1
  2.9  22.0 636.2   1.8
  2.9  20.3 456.8   2.3
  1.4  49.2 565.6   2.4
  4.9  25.9 824.1   2.2
  4.4  11.7 399.5   2.2
  4.9  38.6 909.4   2.3
  1.7  15.2 839.4   2.3
  4.3  11.9 541.7   1.9
  3.4  10.7  67.3   2.1
  3.6  45.4 255.8   2.5
  1.2  21.1 489.5   2.5
  1.8  30.3 137.6   1.8
  3.8  22.9 615.2   1.5
  2.8  22.1 642.2   1.7
  2.7  35.1 112.4   1.6
  4.4  25.6 212.3   1.9
  1.9  33.8 929.0   1.9
  3.8  25.6 238.0   1.7
  3.1  15.0 902.8   2.3
  3.5  25.4 263.7   1.6
  2.4  19.2 562.5   1.5
  2.4  19.5 632.1   1.9
  1.9  38.3 805.6   2.1
  2.8  45.1  85.4   1.8
  2.0  28.5 533.7   1.7
  1.7  20.5 483.8   2.4
  1.8  16.9 795.8   2.2
  1.6  35.0 785.0   1.6
  4.8  29.8 584.4   2.4
  3.8  33.8 749.2   1.9
  3.2  40.1 443.5   1.8
  1.6  44.7 859.5   2.2
  2.7  39.8 680.7   2.2
  1.1  47.0 778.5   2.3
  4.9  37.2 147.4   1.6
  3.7  26.1 923.9   2.4
  1.6  19.5 560.9   2.5
  2.4  35.3 270.1   2.0
  4.0  44.8 675.4   2.2
  3.0  31.6 475.7   2.1
  1.8  39.7 656.3   2.3
  4.5  17.9 204.8   1.9
  3.6  12.4 377.6   1.8
  2.0  39.6 267.2   2.4
  4.2  49.4 463.6   1.6
  3.5  48.3 781.0   2.4
  4.8  44.6 143.0   2.4
  4.8  11.2 132.7   2.5
  4.5  38.5 141.3   1.6
  2.7  42.5 733.9   1.7
  3.3  36.2 431.7   2.2
  3.0  25.7 523.6   2.0
  1.3  49.1 246.9   1.5
  3.2  25.9 286.0   2.3
  2.4  29.9 153.2   2.5
  4.5  48.1 201.9   1.7
  3.9  42.6 638.6   1.8
  2.2  16.8 373.7   2.2
  3.1  36.2 721.6   1.6
  2.5  31.1 432.9   2.4
  2.5  37.0 581.3   2.3
  1.3  26.6 237.0   1.6
  4.6  43.8 791.3   1.9
  1.7  27.2 522.9   2.2
  3.6  11.2 912.0   1.6
  1.8  48.7 374.0   1.7
  2.3  26.1 536.1   2.1
  3.3  22.4 433.1   2.1
  5.0  21.7 631.5   1.5
  1.3  21.4 194.4   2.4
  4.6  44.8 329.3   1.7
  1.3  22.2 680.6   2.0
  3.2  46.3 937.2   1.6
  3.3  27.0 892.5   2.0
  1.4  22.9 447.5   2.1
  3.5  44.7 346.0   2.3
  1.0  46.2 881.0   2.1
  1.1  23.4  95.9   2.2
  1.2  26.7  68.7   2.3
  2.9  41.8 720.3   2.1
  1.2  15.0 829.5   1.7
  1.6  27.5 232.9   1.8
  2.9  13.7 597.9   2.4
  3.7  14.3 767.5   1.9
  3.8  31.1 253.4   2.0
  1.0  21.6 667.9   2.4
  3.2  20.6 694.7   2.0
  1.0  30.2 175.4   2.1
  1.5  25.3 125.0   2.1
  3.9  45.9 314.5   2.5
  4.9  13.2 766.0   2.4
  1.9  43.1 817.8   1.9
  1.8  47.3 946.8   1.9
  1.8  48.3 716.8   2.1
  3.2  10.1 172.9   2.5
  3.2  22.9 857.9   1.8
  3.3  42.0 413.7   2.1
  1.8  47.6 788.9   1.7
  1.1  15.1 257.6   2.0
  3.5  36.5 769.6   2.5
  4.9  47.9 751.0   2.0
  2.8  18.2 895.4   1.9
  4.8  32.4 730.3   2.0
  1.2  46.9 925.7   2.2
  4.4  39.7 289.0   1.6
  2.1  28.3 163.0   2.1
  4.5  24.2 113.3   1.8
  1.9  33.3 762.3   1.9
  2.1  24.7 689.5   1.6
  4.0  38.3 187.2   1.8
  3.2  45.5 756.8   1.8
  4.7  45.2 204.0   2.3
  3.6  30.6 669.4   2.1
  3.2  23.2 434.1   1.5
  3.4  32.6 142.2   2.5
  3.6  14.9 940.6   2.4
  4.0  38.1 770.1   2.1
  2.6  38.5  92.9   1.9
  3.5  41.5 658.2   2.0
  2.6  24.2 158.1   1.6
  4.4  10.7 404.8   1.8
  1.9  30.5 138.6   1.9
  2.9  27.2 147.4   2.2
  1.5  10.2 812.8   2.1
  2.0  28.5 353.7   2.4
  2.9  29.8  69.8   1.8
  4.8  35.5 430.3   2.0
  2.7  37.4 602.3   2.0
  4.5  49.1 486.7   1.7
  2.7  18.1 882.9   1.7
  4.4  22.2 789.4   1.7
  2.5  47.6 765.0   1.7
  4.3  37.4 170.4   2.0
  4.5  46.7 428.7   1.9
  2.4  44.5 116.0   2.0
  3.2  28.7 148.7   2.0
  3.3  10.1 334.0   1.6
  2.4  32.2 188.6   2.0
  5.0  43.2 533.4   1.8
  4.0  30.6 431.0   1.5
  1.2  15.8 151.0   1.9
  4.4  21.1 553.2   1.6
  4.8  40.3 613.8   1.7
  3.6  23.9 170.7   1.9
  3.1  30.1 522.9   2.5
  4.7  40.3 275.1   2.2
  2.3  29.0 412.3   1.9
  1.2  16.9 721.6   2.5
  1.1  31.9 694.3   2.2
  3.5  49.1  53.5   1.6
  1.9  26.7 563.8   1.6
  4.0  48.8 752.8   2.3
  1.5  41.6 877.3   2.1
  3.1  30.6 258.6   2.0
  4.0  20.9 100.6   2.4
  4.8  29.3 156.2   1.8
  4.8  31.2 776.0   1.8
  5.0  15.2 415.0   2.4
  1.4  46.8 214.2   2.2
  3.0  19.3 103.3   2.1
  2.4  12.1 219.7   1.7
  4.8  33.1 145.8   2.2
  2.9  18.4 521.1   1.8
  2.5  24.3 366.1   2.2
  4.5  16.2 514.5   1.5
  2.7  17.6 831.7   2.1
  1.0  24.0 151.7   2.4
  1.8  14.0 875.2   1.8
  1.4  17.6 391.8   2.4
  3.7  48.7 723.7   2.0
  3.6  18.9 753.7   1.5
  2.4  41.0 130.3   2.2
  4.9  17.0 130.7   2.1
  1.5  47.6 313.4   2.4
  4.7  44.1 288.3   2.4
  4.3  24.7 416.3   2.4
  1.9  29.7 290.8   1.7
  3.8  32.3 865.4   2.3
  1.5  10.2 435.2   1.8
  2.6  44.7 419.6   2.1
  4.8  38.5 601.5   2.5
  4.7  45.9  96.5   2.1
  2.6  13.4 795.3   2.3
  0.2   0.3   0.3   0.4   0.2   0.3   0.4   0.3   0.3   0.4   0.4   0.4   0.4   0.4   0.2   0.4   0.4   0.3   0.4   0.4   0.2   0.4   0.3   0.2   0.4   0.3   0.3   0.3   0.4   0.3   0.2   0.3   0.3   0.4   0.3   0.3   0.3   0.3   0.3   0.3   0.3   0.3   0.3   0.3   0.3   0.3   0.3   0.4   0.3   0.3   0.3   0.4   0.2   0.3   0.3   0.4   0.4   0.3   0.3   0.4   0.2   0.3   0.4   0.3   0.3   0.2   0.4   0.4   0.3   0.4   0.2   0.4   0.2   0.3   0.3   0.2   0.4   0.4   0.2   0.2   0.4   0.3   0.3   0.4   0.3   0.3   0.4   0.3   0.4   0.3   0.3   0.2   0.3   0.2   0.4   0.2   0.3   0.3   0.2   0.2   0.3   0.3   0.4   0.4   0.4   0.3   0.3   0.3   0.3   0.4   0.2   0.4   0.3   0.3   0.4   0.3   0.3   0.3   0.3   0.3   0.3   0.3   0.3   0.3   0.3   0.4   0.3   0.3   0.3   0.3   0.3   0.3   0.3   0.2   0.4   0.2   0.2   0.4   0.3   0.3   0.3   0.3   0.3   0.4   0.3   0.4   0.3   0.4   0.2   0.4   0.2   0.3   0.3   0.3   0.3   0.2   0.2   0.4   0.3   0.3   0.2   0.3   0.2   0.3   0.4   0.3   0.2   0.3   0.4   0.3   0.4   0.3   0.3   0.4   0.2   0.3   0.4   0.3   0.3   0.4   0.3   0.3   0.4   0.4   0.3   0.2   0.3   0.4   0.4   0.2   0.3   0.3   0.3   0.4   0.2   0.2   0.4   0.2   0.3   0.2   0.4   0.2   0.3   0.4   0.3   0.4   0.3   0.3   0.2   0.2   0.3   0.2   0.3   0.4   0.3   0.3   0.3   0.3   0.2   0.2   0.3   0.4   0.3   0.2   0.2   0.4   0.3   0.4   0.3   0.3   0.2   0.3   0.4   0.3   0.3   0.3   0.4   0.3   0.2   0.3 
    8    50    99   167   127    20   115   129   157   150   143   151    20    61   166    21    69    56   135   106   126    97     4    89    72   121    64    58   172    56   166    28    73   159   164    75   141    22    61   100   128    33    14   136   149    40    53     7     2   148   119    41     4    67     7   141   164   102    24    18    31    25    93    25   143    22   153     7    39   104    90    75    87   128   170    61    52    74   116   134    31    49    77    77    49    13   107    95   172   152   158    24     1   113     9   180   167    25    29   165    32   172     3    56    98   125   180    85    51   110   180    61    45   176   146    12   146    32   163     6    33   145    56    61    16   111    44   124    37    86    81     7   153   167   174    74    30   175   101   127    77   138   165   124    64    34   118   126   121    92    86   166   113   110    24   137   108   171   149    62   146    87   121   100    77   177    95    18    48    98     3   159    38   179    66     4   133    41   140    63   119    46    46   139    11   179     9    87   114   153   146    33     7   117    44   152   179    54   113    22    41    13    74    60    31    65   102    96   148     3    27   171    16    64    67   150   178    89   161    80    89    19     3    61    54    60    46    49   113   116   106   143    39    86    60    49    42   170   112    72 
   98   177   155   161   166   136   127   122   133    82   161   153   161   162   180    11    32    39   170    17    47   140    39    74    32    80   108    29   167   107   150    27   129   160    58     3    47    87    76    91    71   157   159   162    27    88    15    97   100   152    55   174    26     9   112   115   112    73    69   175    89    47   166    61    45    51    64   117   154   110   161    72   120   140    29   125    79    28   180   159    79   109    49    88    14    86    95    38   128    73   169    34    44    53    30    10   143    52   146    53    50    50     1   136   146   143   106   123    76     2    29    94    15   168    40    74    10   154   124    10    98    54   173   108   161    44   155    14    10   102    42    71    44   110    81   144    96    38    46   121    62   122   178   137    93    45   113   155   113    10   148    61    14    57   139   158    10     4   129     5   100    49    86   108    70    90   116     9    74    48    64   102   180   124   126   156    66    32   129   122   130    66   153   142    60    48    29   111   117   154    86   111    85   112   121   156    74   145    35   124   120    32   172    42   138   107    90   171   103     7    15     1   152   109    52   122   174   104   128   152   162    62    73   144    21    69   139    21    16    62    25   127   162    21    17    61   107    46   125    67 
   71    24    82   114   110   160   160   141    86   147   171   150    95   154   178   177   173   167   175    42    78    44    26     3   149   106   110    20    70     1    59   157   178   157    80    76    95   160    80   131   128    74   118    82   142    35     8     9   126    43    16    97    64    49   178    72   169    38   159   135   164    20    54   102    68    53    47     9   151    42    80    81   101    74    22   152    62   178   172    66    76    72   159    44   163    60    98    64    72   175    51   110   129   178   141    51    20    99   120    46     8    72    76    38   110    79   129    46    74    48    68   164    79    16    19    24    10    86    21    19   175    81    82   166    30    90    87   125   170    52    66   118   158   140    57   180    38    99    27   115    23    87    77     7   168    56   114    15   138   124   172     2   118    16    72    75    43   167   152   178   118   115    24    16    46    45    24   139   161    59   155    59   117    76    25    60     4    97     8   112     7    43   117   180   139    44   139   144    59   105    51    21    89    13     1    76    24   177    46   162   151    59   126    55    35   156    24     9    37    19   141    52    80   100    46    18    51    61     2    38   151    28   161    79    83   160    62    35    36    44   115    67    13     3    42    19   103    60   172    55 
   35    85   153    93    58    26    30   165    31   126   145   152   163   104    54   175    43   122   173    91    27    61   117   107   105    65   112   154    30   144   108    60    69   162   105     1    89   117    10   121    53    82   127   131    21   147    53    39   161    47    76   168    39    43   143    32    52     2    25    83    33   179   173   127   101   132    51    56    84   152   164    26    43   131    80   129   110   115    64   132   104    84   116   141    11    54    65    90    80    63    94   132    50    35   165     1   102   130   163     6   105   166     2   149    99    69    82    81    81   114   169   146   132   141   145    70    13   110    78    25    56    92    24    92    97    81    74    10     3   154   177   146   122    93    99    26    28    67   166   133    41    33    27    86    77    77    69    71    19   127   111    85    78   125   175   126   173    94    88   170    86   112    71    32   160     2   109   119    36    60   120    58    14    75    91    62    33   100    49    84   125    31     3   133   106    80    99   147   110   119    72    30   117     6   174    90   151    71   101    62    99   162    30    77   107    53   178    76   144    73   151   141    48    54   126   121    78   135    22   130   164    42   109    52   130    73   139    38    27   126    94   138    43    63    70   112    82   117   118   155 
   14    80    71    78   159    74    46   172   105   179    60   166    87   150    34   159    85    85    83   104    40    45   160    88     4    30     7    93    46    12    11   141    65   145    20    60    85   149   141    31    44    82    74    33   151    99   103   138    18    94   115   119    79   119    47   165     8    11    21     6    27   168   137    86   155   155    79   129    92   177   164    92   131   107   103   156   120   137    97    85   176   149    20   129   142    91   116   142   129   167   104     1   112   180    86   143    76    80    66    48   177   115   101    64   163    77    79    47   135   113    87     8   163   164   133    68   149   161    36   105   150    15    12    86   152    82    79    97    68   108    32    95    86   167    20    61    66    36    59    99    26   145    71   150    64    30   139     1   148    66   175    77   114    55    17    84    64    71    54   133   163   149    88   161    46   166   160    85   158   142   133   168    34   114   177   114     7   153    39    86    64   159    22    97   151    99   170    81     5    62   102    36   111    82    34    82     5   113   113    44    37    98   133   149   167    53     4    42   151   116   156    43     4    15   167    28   137    62   115    73   139   128    97    73   158    79   116    72    80   100    81    59   116   116    69    86    89   175   171    35 
   17    10   143    68   169   167   124   164    91    20   165   160   168    28    54   113    51    76    91   111   148    12    44   120    31     3   103   159    51   103   130   154   142    89   145    37   146   179     8   142    11   175    70    70    90    48   176    76    25    59    67   170   144    57    75    29    33    18    78    35    96    18     3   100    12   139    66    70    48   120    43   145    29   146    29   152   143    22    73   103   135   132   140     1   171   100    75   109    47    53   124   164   149    29    38   121     2    10   180   167   112     3   167   101    84   180   159   114    17    97    50    85    30   152   173    49    59    71    14    69   160    69    49    70   128    97   174   114    70    72    56     5   149     5    52    42    31    34   153    79    24     8     6    61   150    68    44    95   177   148     6   120    55    33   146    33    91    54   172    35   134   111   159    89   155   126    95   120   141   134   169    15     3    59    27    25   168   148   129    85    82    76   177   102   157   140    48    19   122    85   156    98     3    77    74    10   123    40    73   106    74    83   108   178    35   134   116    93    59    60   137   147    86    21   176    17    90    76    93   117    74    11   178    64   150    54   159    44   139     8    88    11   170    26    58   132    11   160    85   139 
  150    65   147   100   146   179   159   127    97    96    62   101    58   125    88    12    61    98    27    72    41   151    90   116    80   146    56    77    34    51   116   169    83    73   108    92    77   152   172    96    24    23   111   120   173   171    87    83   178    36   105   106    85   142    80    59   164   138   178   144    74    24   151    19    31   146    15    10    92   139   165    38    22   104    76    32    96    89    53   154   122    27    34   141    45   160   130   149    49   126     9    30     9    48    26   100    74   109   128    68    90   180    82     1   105   150   152    89    83    56   115   172    39    58    73   103   123    50   149   118    53    98    73    53   144    31    66   119    14     9    28    54    57    67    78    77   132   176    65   165    40   121   157    91    43    10    53    40    22    15    91    66    16   147   156   123   109   148   165    24   101    33   168   132    47    37    25   159    21   164   111   169    25    99   178    18    94   152   133    31   104   156   172   128   147   170   124    99    37    47   106    46    66   167   143    58    17    58     5   149    70    34    85   166     1   155   172    67   129    27    72   152   179   141   148    81    21    21   157    73    14   156   155   154    56    56    97   166     2   111    11    35   139   166   106    53    28    62    59    23 
  150    57   122   175    58    27   135    50    24    68    53    70   166    89   175   127    85   142    90    46     9   146    22   102   107   110    40    13   101    72    63   122   157   124   164    83    74    89    69    59    31   158   144    39   128    79   145   179   101    78   175    47     9   152   125   155    67   144   150     4   157   106   118    70   157    77    17    80   126     7    74   171   158    32    82    68    77   108    27    30     1    98    65    40     7   175     2    76    55   158   122    18   122    79   124   109   144   139     6   138    26    62   101   114    92   123   171   117   118   117    40    45   162   135   147    67    76     6   118   141   130    15   103   165   153   111    55   161    85   136    91    34   147    48    80    53   174    89    26    54    82     7    81   129   150   138   120     8    89   175     4   174   171    74    38   135     1    22   128    80   128   132   165   162     7   123   177    72   116   143    79   168    34    68    94   112    10   146   150     4     4   162    47    87   125   156    81   118   144   100    87    70   173   118   154    30    74    14   151   162   137   123    68    26    64    27    67    28    53    55   150    22   147    61   112    91    53    32   170    78    38   119    68   132   157    15   178   121   162   105    65   122    10    91    81    56   102    12   164   179 
   10    99   176    65    34    69    60   150    57    36   166    51    51    75   120   158    39   128   145   116   126    76    34   177   154    12    52    95   102    55    62    57    60   160   142    68   114   141   160    58    18    35    75     6    76    92   132    94   115   163     4   161    86   171    63   131   153   105    60    98   152   136   167   151    33   160    85    10    70    90   170     3    55    52   148   179   178   139   115    78    50   128   159   178   130   179   138   125   168   170    97     7     4    71   102   166    43    93    15    48   137    16   173   132   104    25     7   125    76   120   163   179    69   129    82   145   118    34     5   106    49    11    49    73    21    39   112    89     2   100   139    29    32    44   103   131    35    66    60    50   111   108   116   102    21    66   179   132    42   138    32    42    30   140   151   108   132    86    80   114   148    43    14   177    85   161   121   156    55    16   174   163   171   132    70    65    39    50    73   168   106   120    70   157    18   169    74   117    64    56   102     1    28    51   114   173    61    26    84     3   177   172    22    16   161    33    82    64   148    52    53   124    46   153    20   122   171    91   152    27    30    18    51    77   121   122   163   141    70    19    30    84   172   173    35    21   148   111   152    44 
   22   180   174   117    87    78   151   103    28   110   156   137    45    32   177   138   166    31    56    65   103    12    82    11   166    68    68   101   103    54   157   173    48   157    92   165     8    14    69    11    96   150   175    60    52   119    49    48     4    96   162    83   107   100    77    19    83   109   123    54    74     1   158   128    35    74    71   127   100    94    46   136    19     1   146   114   153    88    54    75    12   170    87    87    68     6    15     9    26    32   136   125    51    45   140    81    25    87   146   172    31   179    36   139     6   172    20    99   110    17   122   106    91   140    60   117   160    91   138   165   136   116    97   100   173    42   151   110    61   107    21   149    70   179   139    97    35   132    45    94   156     8    97   118    14    52   114   116   112   133    52   176   132   100   141   128    57    45   120    93   133   167    84    62   134    52   131   178    88     5    63     6   143    27   174    75    63   129    58    53    67    68    35   133    34    10    12    37     4    97   125    19    84   102    30     8   123   147     4   165   151    76   144    41    65     1    11    12   121   179    51     2    38    34    23    65   100    95    14     3   110    88   158    43   128   105    88   180    69    10   119   130   137    57   162    38    32   108   152    96 
   84   152   152   168   134    26   163   135    14    27    52    89    36   127    82    52   174   131   111   177   105   143   111   161    33    12   168     1   120    67   128    89    25   126    91    87    71    25    63    97   178   166   142    21   139    11   170   129     5    39   174   160   113     8   127    29    91   180   173    72    33   164   158   179    44    25   131    15    52   125    44   137    14   165    92    76     8    97    43    47   134   143   163   159   153    88     8    10    39    89    55   162   163     9    29    71    41    52    10   113   157    80    30    87   135   114   146    19   130    31    85    83   151    43    44    18   104    64   124    93    75   121   171    30    32    43   124   135    14   113   148   116    53   160    39   116    70   162   115   132    40    67   142   156   163   178    86   166    38   169   119    46    66    43    73   110    82   168   112    14   107   150   133    98    66   179   152   134   176   157   154   125    73   101   101    73    89    14    11   103   153    55     8   152   166   125    38    52    42    86   149     9    91   147   126    74    27   144     2   149    27    91    90    29   128   147    11   136   168    89    79    82    40   110    74    19    89   175   148   108   150    19    77   161    73   101     3    80    67    60    16    45    15   137     1   155   115   158   113   179 
  150    41    52   178    67     1    80    11    57   125    65   136    57    60   160    88    36    20    74    59   136   127   131    21   179    15    30   130    81    31    96   157   114   101   167   126    74    43   125    28    45    96   126   117    47   154    60    61   150    64   155    30    17    52    61    58    11    54    14   101   122   155    29    58    70   119     6    40   106    71    32   117   146   177    55   138    13    88    27    61   110    12   139    23   148   156    72    75    97    56   178   132    12    54    63   107    45    16   135    97     7   119   166   179    87   133     2   172    85   125    84   127    47   154   174    69   139   173    92   131    62    84    81    16   123    74   112   156   167   178   138   117    51     9    68   150   174    62   180    92    46   140    39    21     1   165    40   109    65    37    66   153   122    99   176     1    34     3     9    64    24   172   154    45   151   158    35    64    47    95    44   124   102   131    12    91    73    67   134    35   104    44   175   151    58   108   120   103    18    34    62   151    13   129    36    28    60   112    41   180    39   101    33   124    41   130    28    84    10   128   113    63    60   105    77    78   115    32    24    21    63    35   115   160    46    40    26    35   156    72     3    44    29   100     3   134     6    97   108   178 
 0.00  0.33  0.40  0.28 
 0.33  0.00  0.34  0.39 
 0.40  0.34  0.00  0.20 
 0.28  0.39  0.20  0.00 
