90 12
6
     26731
     25044
     27043
     27752
     25100
     28822
  1.0  12.2 445.9   2.1
  4.4  26.1  71.9   1.6
  3.6  45.5 480.9   1.8
  3.2  31.4 583.1   2.1
  3.5  42.8 763.3   2.4
  3.8  13.4 854.3   2.1
  1.5  14.3 129.5   2.2
  1.8  15.8 651.2   1.8
  1.6  10.3 739.5   1.9
  2.4  40.1 363.3   2.3
  3.0  29.5 405.2   1.8
  2.2  22.2 192.9   1.7
  3.9  41.0 142.3   2.1
  4.3  28.5 198.8   2.3
  2.1  28.5 658.1   2.4
  1.6  19.5 515.4   1.5
  1.4  40.5  54.3   2.1
  1.6  25.2 478.9   2.3
  3.2  31.8 152.9   2.4
  3.8  16.3 848.8   1.7
  4.2  26.4 894.6   1.6
  4.4  13.8 759.0   2.3
  1.2  36.1 521.9   2.1
  1.1  13.3 565.9   1.5
  2.6  48.0 262.6   1.5
  2.6  13.4 218.3   2.1
  3.5  20.1 165.3   1.7
  4.0  17.3 679.2   2.0
  2.3  34.6  60.3   1.7
  2.0  47.1  82.2   2.4
  3.9  48.4 428.5   1.8
  1.8  49.4 177.4   1.5
  3.6  43.6 680.4   2.0
  4.6  18.8 312.1   2.4
  3.9  37.7 616.2   2.0
  4.7  19.5 210.5   2.1
  2.3  14.7 906.2   1.9
  3.1  23.3 143.6   2.0
  3.3  30.8 691.3   1.9
  4.5  14.4 266.7   1.7
  2.3  13.7 896.3   1.6
  4.1  26.4 598.8   2.2
  1.6  46.0 675.8   1.6
  3.0  40.9 719.3   2.3
  3.0  16.7 920.1   1.6
  4.1  37.9 592.7   2.2
  2.4  22.0  71.5   2.1
  3.6  12.4 430.8   1.8
  2.9  29.8 470.2   1.8
  4.1  31.3 369.7   1.6
  1.3  48.6 769.7   2.1
  2.6  48.7 942.1   1.7
  3.8  29.8 123.9   2.2
  1.0  46.7 869.4   1.7
  4.6  35.4 392.0   1.6
  2.0  28.3 940.5   1.9
  2.1  20.0 922.8   2.2
  2.2  49.3 102.5   1.5
  1.5  43.8 258.9   2.4
  1.1  46.8  60.0   2.4
  1.1  19.7 812.5   2.3
  1.8  16.6 485.1   1.9
  1.6  42.7 718.9   1.8
  2.9  22.8 620.2   2.3
  3.6  35.2 544.7   1.9
  3.7  39.9 899.5   2.2
  1.7  30.6 232.2   1.9
  2.1  37.6 468.1   2.0
  5.0  31.0 518.9   2.1
  2.6  41.2 737.2   2.1
  2.5  12.8 559.5   1.8
  2.5  49.1 804.0   2.2
  1.6  10.7 154.5   2.3
  3.8  31.9 809.8   1.7
  3.5  45.4 458.7   2.1
  4.0  38.0 161.5   2.0
  2.5  15.7 414.2   2.1
  4.4  14.5 734.3   2.3
  4.2  25.4 375.5   1.8
  2.5  46.4 615.6   1.9
  1.9  25.5 142.0   2.1
  4.0  23.5 198.2   1.5
  1.8  48.0 460.0   2.4
  4.9  45.2 290.0   1.6
  4.9  16.7  65.6   2.4
  1.4  25.7 213.1   2.0
  3.8  14.3 923.3   2.3
  1.5  27.7  75.3   1.6
  2.8  11.0 923.1   2.4
  4.6  33.7 663.8   1.5
  4.6  25.8 247.0   2.1
  2.0  19.3 428.1   2.1
  1.0  12.7 818.3   2.0
  3.2  49.2 405.3   1.8
  1.2  17.6 154.8   2.1
  2.5  26.7 384.9   1.7
  2.7  45.3 458.8   1.9
  1.0  11.0 559.5   1.9
  4.4  13.0 144.2   2.1
  3.5  18.1 174.9   2.3
  1.6  42.0 711.4   2.0
  3.4  35.2 390.9   1.8
  1.2  20.7 866.7   1.6
  2.2  25.7  98.7   1.6
  1.1  21.4 528.3   1.8
  3.0  32.9 271.6   2.2
  2.0  21.3 204.3   2.4
  4.1  19.6 583.8   1.6
  2.4  32.5 470.9   2.4
  4.7  36.2 603.5   1.5
  1.3  26.6 478.9   2.4
  1.9  41.5 343.5   1.7
  2.5  32.8 714.9   1.6
  4.3  12.8 481.5   2.3
  1.3  45.4 377.2   1.9
  4.3  12.2 356.7   2.4
  1.0  40.0 731.1   1.8
  1.9  18.5 349.4   1.6
  3.1  24.5 107.2   1.5
  1.9  38.0 658.2   2.2
  2.4  37.9 586.1   2.1
  3.0  44.0 145.1   2.3
  1.5  44.1 399.6   2.5
  1.0  45.9 863.0   2.1
  1.1  37.1  87.2   1.9
  3.7  20.8  67.3   1.9
  1.6  21.2 607.4   1.6
  4.1  19.5 518.3   2.1
  1.4  34.3 117.2   1.9
  1.9  35.7 186.8   1.8
  1.6  48.5 406.1   2.3
  1.2  46.5 659.1   2.2
  2.4  28.8 533.9   1.7
  4.2  26.3 688.0   1.6
  1.4  25.5 101.8   2.4
  2.6  14.6 894.1   1.7
  4.4  40.2 925.2   2.4
  3.3  21.4 603.8   2.0
  4.6  48.7  82.3   2.3
  2.4  24.1 892.7   2.3
  2.6  29.0 232.2   1.9
  4.6  32.5 926.6   1.9
  2.0  32.7 802.2   1.7
  3.7  44.9 408.5   2.3
  3.5  16.9 468.2   1.8
  4.2  49.5 297.5   1.6
  2.3  20.1 865.7   2.1
  1.6  10.2 798.4   2.2
  3.1  20.9 722.9   1.9
  3.9  25.0 626.2   1.7
  2.0  37.0 748.5   1.9
  2.3  11.4 213.3   2.4
  3.5  37.7 524.0   1.6
  4.5  11.5 602.0   2.3
  1.7  36.1 597.0   2.5
  3.3  14.3 648.1   1.5
  2.6  20.8 846.3   2.5
  4.9  27.3 244.5   2.0
  3.5  19.8 912.3   2.1
  3.8  33.2  71.8   1.5
  2.3  44.0 839.1   2.4
  3.5  22.0 409.8   1.6
  3.2  15.1 777.6   1.7
  4.7  47.5 634.6   2.1
  1.5  48.4 313.0   1.5
  3.1  28.5 418.5   1.5
  1.6  42.7 603.5   2.3
  2.4  49.6 230.3   1.6
  1.9  40.9 538.2   1.5
  1.1  16.0 631.5   2.1
  2.0  37.2 112.1   2.0
  1.4  28.0 206.9   1.9
  3.5  23.1 322.7   2.2
  3.7  29.8 871.3   1.7
  3.3  23.1 109.0   1.9
  3.5  21.3 755.4   2.5
  1.6  43.5 219.9   2.5
  2.1  28.2 679.9   1.9
  3.6  42.5 213.3   1.7
  1.0  41.4 842.2   2.0
  3.8  40.3 376.1   1.6
  2.6  20.2 582.1   1.6
  1.3  29.5 134.3   2.4
  3.9  42.6 181.0   2.5
  4.2  42.1 205.1   1.8
  2.4  32.0 355.1   2.2
  4.3  47.2 487.8   2.2
  4.7  41.2 390.3   2.0
  4.3  33.1 296.7   2.5
  2.1  38.1 446.9   2.2
  2.3  33.8 893.3   2.3
  4.7  18.1 349.3   2.1
  2.1  28.0 368.1   2.2
  2.7  29.4 555.0   2.3
  3.7  46.6 181.1   2.0
  2.5  39.3 141.9   2.4
  1.2  28.0 674.6   1.8
  3.3  21.3 458.9   2.1
  1.2  47.5 538.8   2.1
  4.9  47.7 475.0   2.1
  1.7  11.8 430.5   1.7
  2.8  19.7 755.6   2.2
  2.2  42.6  72.0   1.6
  1.3  36.9 728.5   2.3
  2.4  12.9 318.5   1.9
  4.0  39.6 791.9   1.6
  3.1  48.2  79.8   1.9
  1.5  43.6 126.7   2.5
  3.5  23.0 281.6   1.7
  1.9  37.7 287.9   1.7
  3.3  34.8 123.7   2.4
  1.4  19.6 172.4   2.2
  4.3  28.4 678.9   1.8
  3.5  25.3 581.8   2.0
  1.1  14.1  53.0   1.7
  2.8  40.0 511.2   1.6
  3.9  38.0 114.3   2.1
  4.0  33.3 632.1   1.7
  1.2  28.5 756.0   2.2
  1.5  25.5 405.2   1.7
  3.5  26.8 712.2   1.7
  1.7  42.7 484.2   1.8
  3.0  27.7  88.8   2.3
  3.4  12.1 721.9   1.7
  2.2  43.9  80.4   1.6
  1.6  22.1 676.6   2.3
  4.6  20.8 660.5   1.8
  3.7  36.2 116.4   2.0
  4.4  11.3 483.0   1.7
  1.9  45.4 493.7   1.7
  3.3  35.8 156.2   2.4
  4.0  17.1 131.1   2.0
  1.9  19.7 103.3   2.1
  1.1  35.8 574.5   1.9
  2.3  13.2  77.1   1.6
  3.6  47.6 816.7   2.0
  4.8  42.9 868.9   1.9
  2.4  14.2 327.7   2.1
  1.3  15.5 104.2   2.0
  4.7  10.6 283.3   2.0
  2.1  45.0 289.8   1.9
  2.4  47.1 685.4   1.6
  3.9  28.6  77.5   1.7
  4.4  34.6 605.2   2.1
  1.2  10.1 145.5   1.9
  1.9  26.5 887.5   2.0
  4.7  35.7 459.9   2.0
  4.4  48.7 171.1   2.3
  4.2  44.8 422.3   2.1
  2.0  39.3 569.4   1.8
  1.1  21.7 318.7   2.3
  2.9  42.7 335.4   1.8
  2.6  35.3 925.6   1.7
  4.7  49.2 915.4   1.7
  1.9  45.1 665.6   2.3
  3.0  47.1  98.2   1.9
  1.9  26.0 164.9   2.4
  1.3  24.9 658.1   1.9
  3.9  15.0 842.3   1.9
  3.9  23.0 202.0   1.8
  4.7  18.6 202.0   1.9
  4.1  32.5 519.1   2.3
  3.0  37.9 169.6   1.6
  1.9  10.1 848.9   2.1
  3.0  18.6  92.6   2.0
  3.1  46.0 385.4   2.3
  1.4  47.2 445.7   2.4
  3.3  28.4 674.3   2.4
  2.7  48.1 489.6   1.7
  2.3  19.3 933.4   2.2
  4.2  38.6 200.5   1.8
  1.7  41.8 833.3   2.0
  2.8  32.1 406.3   1.8
  1.6  24.0 687.5   2.2
  1.2  10.1 440.8   2.3
  2.3  26.3 286.4   1.9
  1.8  37.3 791.0   1.9
  3.1  22.9 752.2   1.8
  3.0  36.0 578.4   1.7
  2.3  30.6 684.1   2.0
  4.8  29.0 424.9   2.4
  1.5  38.6 413.7   1.8
  3.7  31.5 709.9   1.5
  5.0  24.0 881.3   2.4
  2.4  26.5 321.8   2.4
  3.2  33.3 337.1   1.6
  1.9  39.4 148.8   2.1
  2.1  46.3 341.9   1.6
  4.4  21.6 177.7   2.5
  3.5  10.0 876.5   2.0
  2.1  23.7 253.1   2.3
  4.9  13.0 559.8   1.8
  1.8  19.5 500.5   2.0
  3.0  43.7 784.9   1.8
  4.4  30.7 189.8   2.0
  2.3  22.1 572.5   2.4
  2.3  21.4 816.8   2.2
  4.4  23.6 563.5   1.6
  4.6  36.5 298.5   2.0
  4.0  28.8 307.3   1.6
  1.3  20.8 904.9   1.6
  3.9  14.3 190.0   2.2
  3.9  38.6 503.7   2.0
  2.4  48.9 538.4   1.7
  2.7  41.9 777.3   1.8
  1.4  18.6 204.5   1.7
  1.8  39.4 758.8   2.1
  4.0  32.1 332.8   2.2
  3.6  23.8 673.4   1.9
  3.9  30.1 897.8   1.8
  1.7  27.3 862.4   1.5
  2.2  34.5 909.4   2.0
  2.5  41.5 356.4   2.4
  4.3  33.6 770.7   1.7
  2.9  19.6 345.1   2.5
  1.9  35.0 930.9   2.4
  2.6  41.2 269.7   2.4
  3.5  23.4 146.3   2.3
  3.5  31.2 420.5   1.8
  4.6  13.2 745.4   1.8
  4.0  26.7  56.3   2.2
  4.7  28.3 101.3   2.3
  1.8  44.3 642.7   2.0
  1.8  16.6 450.8   1.6
  4.1  35.7 874.7   2.4
  1.6  47.6 239.0   1.5
  3.5  39.6 728.5   2.2
  2.3  14.5 311.2   2.5
  2.5  25.1 174.6   2.3
  1.4  34.2 425.3   2.1
  3.0  15.0 474.5   2.1
  3.5  15.1 777.4   2.0
  4.1  49.0 436.5   1.8
  2.3  29.1 181.8   1.9
  1.8  40.3 921.4   1.6
  1.8  49.9 375.9   2.2
  3.5  24.4 446.2   2.3
  4.3  33.0 398.6   1.6
  2.5  47.3 632.8   2.4
  3.1  28.3 401.4   2.1
  1.1  44.4 601.3   2.2
  1.2  19.6 200.1   1.7
  4.2  12.5 610.9   2.2
  1.4  32.7 674.8   2.1
  1.4  32.4 207.8   2.4
  4.4  14.2 929.6   1.8
  3.2  40.4 447.4   2.3
  2.1  41.9 188.4   1.9
  4.0  20.1 945.6   1.9
  4.9  36.6 691.6   2.4
  4.8  34.1 116.9   2.5
  4.6  26.8 697.1   2.2
  4.4  37.4 237.8   1.7
  3.0  14.4 646.2   1.9
  4.6  26.1 229.4   1.7
  2.5  40.7 814.1   1.5
  4.7  14.1 843.2   2.2
  4.4  10.4 861.8   2.1
  1.8  32.0 500.9   2.3
  2.2  29.2 631.0   2.1
  3.0  25.4 556.0   2.2
  2.4  44.9 159.8   2.4
  2.7  34.8 391.0   2.4
  1.7  25.1 864.4   1.7
  4.3  28.9 334.1   2.3
  1.7  38.5 450.3   1.9
  4.1  38.2 200.3   1.5
  3.9  30.8 362.3   1.5
  1.3  11.0 280.2   1.9
  3.4  44.2 661.1   1.6
  4.8  17.8 758.2   2.1
  4.8  25.0 785.6   2.3
  3.9  21.8 161.3   2.2
  3.3  46.3 632.6   1.9
  4.8  44.6 401.3   1.9
  4.2  45.4 873.0   1.8
  1.7  40.4 544.1   1.8
  1.4  23.4 938.2   2.5
  2.9  25.0 821.3   2.1
  4.9  40.2 477.7   2.0
  2.6  26.1 373.3   1.6
  1.5  17.4 587.1   1.5
  1.5  42.9 498.9   2.1
  1.0  37.2 100.4   2.1
  3.7  27.8 116.0   2.3
  3.3  23.8 300.1   2.1
  1.6  14.1 939.5   1.5
  1.8  43.6 774.3   2.4
  4.4  38.3  61.8   2.0
  2.2  21.9 214.7   2.1
  2.7  22.0 204.6   1.8
  1.0  17.1 838.2   1.5
  4.7  21.2 657.6   1.8
  1.4  27.1 585.3   2.2
  1.6  28.7 446.5   1.7
  3.0  49.1 141.1   1.6
  2.2  37.2 109.9   2.5
  5.0  27.9 792.5   2.3
  1.9  28.0 724.0   1.6
  4.8  41.7 104.2   1.5
  1.2  41.6 717.0   2.1
  1.6  12.1 684.7   2.5
  3.2  41.1 878.9   1.8
  2.6  48.8 216.9   1.8
  2.5  45.2 921.7   2.1
  1.7  41.1 851.6   2.2
  1.5  48.0 172.8   1.9
  1.6  20.4  71.1   2.1
  2.3  31.2 438.0   1.5
  3.0  12.2 846.1   2.1
  1.9  31.3 923.7   1.8
  4.8  27.9 675.5   1.9
  2.8  36.9 421.2   1.6
  3.5  19.5 254.1   2.1
  3.2  25.7 852.1   2.0
  3.9  41.2 874.3   1.6
  4.9  11.5 404.0   1.6
  1.0  18.1 563.2   1.8
  1.9  44.5 493.8   1.5
  3.6  47.5 202.2   2.2
  1.1  43.6 800.8   1.5
  5.0  25.4 502.0   2.2
  2.6  22.2 157.1   2.5
  1.3  38.7 275.2   2.2
  1.9  16.5 500.2   2.0
  2.3  10.3 297.4   1.7
  2.7  20.9  52.3   2.4
  1.8  47.3  87.8   1.9
  4.2  45.4 512.0   2.4
  2.3  40.1 919.8   2.3
  3.2  18.3 947.6   1.7
  1.5  19.9 174.4   2.4
  2.6  31.5 242.3   2.2
  3.0  41.3 547.1   1.9
  1.7  21.9 131.5   2.0
  2.8  40.6 863.5   2.3
  1.8  29.1 501.9   2.1
  1.0  14.4 669.5   1.5
  4.7  23.5 826.4   2.4
  1.4  35.1 290.5   2.0
  1.4  49.5 301.1   1.7
  2.8  26.5 568.2   1.7
  2.8  17.0 924.0   2.3
  3.8  31.9 220.3   2.2
  1.2  49.5 289.6   1.9
  1.7  37.9 875.0   2.2
  2.6  40.8 387.2   1.8
  1.0  47.1 341.5   2.4
  1.2  47.4 839.5   2.3
  2.4  44.6 220.1   1.7
  2.5  35.1 328.8   1.9
  1.9  14.1 211.2   1.6
  4.9  45.3 605.8   2.5
  2.8  11.2 672.1   2.3
  1.1  38.3 879.6   2.0
  2.2  21.9 222.1   1.8
  2.7  43.5 763.7   1.5
  3.3  34.2 684.5   2.0
  4.5  23.8 457.2   2.4
  3.1  18.7 203.4   2.1
  3.3  42.8 730.0   2.4
  2.0  48.9 907.4   2.1
  4.8  24.2 568.9   1.5
  1.8  27.3 934.4   1.8
  1.9  43.1 949.8   2.5
  4.2  26.7 510.3   2.3
  4.3  39.9 723.7   1.9
  4.5  45.6 455.1   2.0
  3.3  24.5 313.1   1.8
  3.4  15.5 699.9   2.2
  1.2  26.3 933.4   1.7
  1.3  22.9 724.6   1.7
  4.4  22.5 846.5   1.6
  3.5  29.3 470.6   2.2
  3.1  47.7  80.3   1.8
  3.0  17.0 551.2   2.1
  3.0  44.0 190.9   2.2
  4.6  10.1 674.1   2.0
  2.1  19.3 935.3   2.1
  3.7  12.5 512.8   1.5
  1.5  29.0 768.5   1.9
  4.8  45.9 353.4   2.3
  4.4  35.7 210.9   2.3
  4.9  37.3 456.0   1.8
  5.0  14.9 339.9   1.8
  2.1  17.5 920.6   1.6
  2.5  30.3 699.1   2.4
  3.1  22.7 529.8   1.8
  2.9  37.6 185.7   1.9
  4.3  27.2 377.9   2.1
  2.2  35.7 242.1   1.7
  4.7  43.7 738.0   2.0
  2.1  30.3  76.1   1.5
  4.9  42.3 182.9   1.9
  3.6  19.8 622.7   2.4
  1.7  13.8  99.8   1.7
  4.3  26.8 877.0   2.3
  4.9  14.2 461.3   1.8
  4.3  45.1 161.5   2.4
  4.2  39.3 479.0   1.6
  4.8  36.9 257.0   1.9
  3.1  44.0 122.8   1.6
  1.2  31.7 418.1   2.3
  2.1  36.8 275.7   2.2
  1.3  16.0  80.0   2.2
  3.6  26.0 728.8   2.2
  3.2  27.0 460.1   2.2
  3.6  26.4 388.7   2.0
  3.9  49.4 413.0   1.6
  2.2  18.1 662.8   1.8
  2.0  29.0 591.1   2.0
  3.0  18.4 251.0   1.8
  1.4  16.2 642.5   1.7
  4.8  14.1 688.8   1.9
  2.9  11.6 138.7   2.2
  3.7  26.7 898.6   1.9
  3.3  11.5 910.0   2.2
  2.0  15.6 141.1   2.3
  2.5  37.1 626.8   2.5
  1.7  31.2 624.1   1.7
  2.5  24.9 427.5   2.0
  3.4  24.0 881.5   2.1
  2.3  26.8 756.1   2.1
  3.8  17.5 706.9   2.2
  3.6  24.0 899.8   2.1
  3.2  13.3 479.6   2.0
  2.3  36.2 359.8   2.1
  4.8  24.4 106.6   2.2
  3.5  46.7 760.5   1.6
  2.2  16.8 685.6   1.6
  2.0  31.8 759.6   2.3
  1.7  40.6 754.4   2.0
  1.1  25.2 932.6   1.5
  3.8  49.9 285.2   1.6
  1.0  29.8 924.6   2.1
  4.7  22.6 563.3   1.8
  1.3  48.1 641.4   2.1
  4.5  20.5 908.2   1.6
  3.8  30.7 854.4   2.2
  4.8  41.9 856.9   1.9
  0.2   0.4   0.3   0.2   0.2   0.3   0.3   0.3   0.3   0.4   0.3   0.3   0.4   0.4   0.2   0.4   0.4   0.3   0.3   0.4   0.3   0.3   0.3   0.4   0.3   0.3   0.3   0.3   0.3   0.4   0.3   0.3   0.3   0.3   0.4   0.4   0.3   0.4   0.2   0.4   0.3   0.3   0.2   0.3   0.3   0.3   0.4   0.2   0.4   0.3   0.2   0.3   0.3   0.4   0.2   0.4   0.2   0.4   0.4   0.2   0.4   0.4   0.2   0.4   0.2   0.3   0.4   0.2   0.3   0.4   0.3   0.4   0.3   0.4   0.4   0.3   0.3   0.3   0.4   0.3   0.3   0.2   0.4   0.3   0.2   0.4   0.2   0.3   0.4   0.4   0.3   0.3   0.3   0.3   0.3   0.3   0.2   0.3   0.3   0.3   0.2   0.2   0.2   0.2   0.3   0.4   0.3   0.3   0.4   0.3   0.3   0.3   0.3   0.4   0.4   0.4   0.2   0.4   0.4   0.3   0.3   0.3   0.3   0.4   0.3   0.3   0.2   0.3   0.2   0.2   0.2   0.3   0.4   0.3   0.3   0.3   0.4   0.3   0.3   0.3   0.4   0.3   0.3   0.2   0.4   0.3   0.3   0.2   0.4   0.2   0.3   0.2   0.3   0.3   0.4   0.4   0.3   0.3   0.3   0.4   0.2   0.4   0.2   0.4   0.3   0.3   0.2   0.3   0.3   0.3   0.3   0.3   0.4   0.2   0.3   0.4   0.3   0.3   0.3   0.3   0.4   0.3   0.3   0.3   0.3   0.4   0.3   0.3   0.2   0.4   0.3   0.3   0.3   0.2   0.3   0.3   0.4   0.3   0.4   0.3   0.3   0.3   0.3   0.3   0.3   0.4   0.2   0.2   0.3   0.4   0.2   0.3   0.2   0.3   0.3   0.2   0.4   0.2   0.3   0.2   0.4   0.4   0.2   0.2   0.2   0.2   0.3   0.3   0.2   0.4   0.2   0.3   0.4   0.2   0.3   0.3   0.2   0.3   0.3   0.3   0.4   0.4   0.4   0.3   0.3   0.3   0.3   0.3   0.3   0.3   0.3   0.3   0.2   0.2   0.4   0.3   0.4   0.2   0.3   0.3   0.3   0.2   0.4   0.3   0.2   0.4   0.3   0.3   0.2   0.4   0.3   0.3   0.3   0.3   0.2   0.3   0.3   0.3   0.3   0.4   0.4   0.4   0.4   0.4   0.3   0.2   0.4   0.4   0.3   0.3   0.4   0.2   0.4   0.2   0.4   0.4   0.4   0.2   0.3   0.3   0.4   0.3   0.2   0.3   0.3   0.3   0.2   0.3   0.3   0.3   0.3   0.3   0.3   0.2   0.3   0.3   0.4   0.4   0.3   0.3   0.3   0.3   0.2   0.3   0.3   0.3   0.2   0.2   0.4   0.2   0.4   0.4   0.4   0.2   0.3   0.3   0.3   0.4   0.3   0.3   0.2   0.2   0.2   0.4   0.3   0.2   0.2   0.2   0.4   0.4   0.3   0.3   0.3   0.3   0.2   0.4   0.3   0.3   0.2   0.4   0.2   0.3   0.3   0.4   0.4   0.3   0.2   0.2   0.3   0.3   0.4   0.4   0.4   0.3   0.3   0.3   0.4   0.3   0.3   0.3   0.3   0.3   0.3   0.3   0.4   0.4   0.2   0.3   0.3   0.2   0.3   0.3   0.3   0.3   0.3   0.4   0.4   0.2   0.3   0.2   0.3   0.4   0.3   0.3   0.3   0.2   0.3   0.3   0.3   0.4   0.2   0.4   0.2   0.2   0.3   0.4   0.3   0.2   0.3   0.3   0.4   0.3   0.3   0.3   0.4   0.4   0.3   0.2   0.3   0.3   0.3   0.2   0.4   0.3   0.3   0.3   0.4   0.3   0.2   0.3   0.4   0.2   0.3   0.3   0.3   0.4   0.3   0.3   0.4   0.3   0.3   0.3   0.4   0.2   0.2   0.2   0.4   0.4   0.3   0.3   0.2   0.4   0.3   0.3   0.2   0.2   0.4   0.3   0.3   0.3   0.2   0.3   0.3   0.2   0.4   0.3   0.3   0.4   0.2   0.2   0.3   0.3   0.4   0.3   0.3   0.3   0.3   0.2   0.3   0.3   0.4   0.3   0.3   0.3   0.4   0.3   0.3   0.4   0.2   0.4   0.3   0.3   0.2   0.4   0.2   0.3   0.3   0.2   0.3   0.4   0.4   0.2   0.2   0.3   0.4   0.4   0.3   0.4   0.3   0.2   0.4   0.3   0.3   0.2   0.3   0.2   0.2   0.2   0.3   0.2   0.3   0.2   0.4   0.4   0.4   0.2   0.3   0.3   0.3   0.2 
   57   157    62   167   148    29   114   154    39    26   118    31   174    64   150   167    95     8    41   111    27   104   129   166    40    93   180   152    13    38   118   170    82    35    86   154   168    96    60   154    59   114    18   128   119    77   120   111    90   107    85   142   113   167    90    17   142    51   113    31    26    98   114   156    10   153   120    94    36    93   142    31   136    66    13     1   145   103   138   143   112   163    29    47    28   103   127   151    10    23    14    71   160   162   104   160   169   154    78   122    19   109    11    48    75   151    55    25   180   117    14    62    27    82   180    65    74    67    69     1   115    57    97   114   161    35   139   140    97   108   108    47    39    93    38    78    28    31   154    11   105   179   144   106    63    84    44   122    12    14    27    91     6    84    29    75     9    54   124   111   179    56    71    33    91    93   159     2    22   110    49   135   176   112    15    87   138   112    93    67   121    13   152   126    79    13    19     9   180   151   139    67    97   156   140    26   134    72   146    28    98   163    67    25    78   149    70    41    84    17   171    31    62    16   159    62    44    48    59    72   161   102   162   108    25   177    22    94    13    49     1   174    92    72    40   153    15   149   172    65    66    16    15   171    68    24    16   154    98   136   135   139   159    69    34    27   170   139    47    73    60    35   162   147     4   107   104   109   170   126    42    30   108    39    84   136    25    86   116   130   159    10   175    97   177    22   125    81    19    14   145    13     4    71    91    68    25    74   113   147    53   137   106    63    95    21   134     5    47    39   157   100    51   164   174    35    58   167    29   122   104    34   114    24   133   107   138    49    28     6    57   101    13   142   129    26   180    31   170     3   140    27    86   122    81   164    61   134   145   105   116    44   107    66    53   166     7    99   153    31    87    78   147    31   115    79     5   107   101   127     9   133   108    83    39     3     8    23     7    77   165     9   105    51   135    44   146   106    71    47   100     2   137    63    60   173   157    71   155   167    70     7    12   125   129   148    11    60   120   108    14   155    62   117    93   132   178   123    94    62    37     1    88    75   100   146    36    80   167    41   147   178   141   164    29    58   168    64    29     8    37    12   143    60    33    83   123   131   143    90   135    99    70   129    77    46   108   141     1   168   118    26   164   113   146   140   171    31    65    84    10   104    93    15   179   171   142    40    65    32    76   102   106    59   154    26   142   173   179    41    64    75   115    79    88    61    79    55   162    67    76   158    97   155    84   134   149    83   104    98     1   125   172    52    25    37    12   140     3   159   170   155    40   123    93   145     4    80    53     6   111   116    23   133    99    79    20   120     9    32 
  172   179   122   102   103   156   169     8    21    87   178    61    19    97    65   114   147    14    86    47    84    47   114   148   115   151   128     3   103   132     1    50    36   116    53   146    11    39   160    56    67     3   123   158   139    58   106     8    66   116   155   167   109    41    20    14     2    71   101   165    39   116   171   145   128    31    55    64    49   144    97   127    60   139   179   130    95   112     3    35   106   114    31   136   115    23    86    35   104   177     3    48    96   134    18   115    76    90   165     8   137   148    93   166    13   117    68   128   116    60   162    96    83   107   102   133     7   116    26    22   115    99    57   114    73    47    98    39   148    11   136   142    18    25    18    84    96    79    60   167    57    93   163   152   178   176    37    69   124   114   102   117    58   128   157    14   153    65    18    57    38    31    91    20   166    24   149     1    16   148     7    53    44   121    80    67    64   130   161    35    58   163    72   105    89   125    15   172    12    64   172    76   171    20    29   150   118    78   104   180   123    37   109     8   122    62    21   164    74    18   125   137   150    20   125   123    83    53    84   108   119   149    19    49   127     6    37    89   144    62    99    61     2    25   140    28     9   108    86   166   134    13   157   109    57    10    82    65   110    46   108    97   160    15    33   103   171   103   153   130    15    35    15    55   137    17   157   142   119   134   120   174    45   135   105    38   106    82    62   130    42    29    16    86    78   135   114    94   118    18   170   166    27   128   173    57    46   121    93     1    34   117   160   169   114   168   157   157    57    89     7    16    42    16    53   114    87   138    39   131   173    66    79    22   163    35    36    38   115   166   158    51    47   110   130    50   102    62    32   180    49    42     1   178   129   125   110    22   111   117    86   126   173     3    61    29   164    20   173    34   106   178   112     4   155    89   139    24   119    61    28    90   125   166   134   114    11   159    66   128   164    61    15   165    72    11    87   164   155    29    51    64    25   127    54   170   147    39   150   167    28    16    68   112    46    86   160    84    56   158    98   159   179    63   132    94    88    80    84   144    92    53   158    57   131   114     6    29    82     8    46    67    46   104   138   109    20    94   145   179    24   136   168   100   131   145    22   157   176    78   113    70   142    18    96   132   148   129    20    75   169    39    41   115   127   145    38   133     5   170    47   110    27    52    80   169    20    98    55   174     6    85   104   119    41    41   110   107    99    66    69    74    72     6    98   118   159   142   141    55   119   175    60    37   133   127   145    39    29   135    85    56    26    89   176    30    50    58    75    18   119    47   132   155   177   113    13    68   128   132    97    33   154    65    65   144    22    91    23   147 
    3    57   133    20   134   139    62     3    27   143    31     3    55    18    59   138   165   145    17   171   133    87   154    65   118    23    72   159   102   163    30     3    33   170    38   152    66   174    63    37    62   126   103    68    20   150    14    90    87    85    85   119   133    70    40   174    94    34   141   151    48   171    98   115    79    28     8    31   105    31   143   175    98   125   178   128   148   120    29    97   141   174    88   162    36    46    26   105    73    59    60    21    91    54   131   176   177    85    81   114    81    57    93    94    41   144   155   161    25    97    55    12    29   102    46   133   173    25     6   139    74    59   139    84   160   138   125    70   141    72    37   171    28   156    41   109   159   130    12   113    30    86   104    65   142    10   157   162     7    13   101   166   124   113    40   109    85    15    33   106    88   101    22     4     1    96    68    74   107   171   108    33    96   174    36    87   101   115   150   142    38   132    63    39   104    55   133   118     9   118   178    58   118    69    74    19   133    91    17   120   100   146   157   113    61   150    80   132    40   178   136    26   113    24    16   126   104    60   165   110    58   120     6   177   169    98    64    11   122    95   106   105    43    21   117   147   118   147    34    76    61     6    64    58   177   157   128   171    43    33   118   129     9    83    56   133    19    63    56   121   120    88    86    45   102    20     4   165    68   121   174    63   169    92    13   156   122     8   124    39   124    70   157   130   125    30   105   145    34   113    93    74   165     2   122   121   165    19   125    30   117     8   111   163   130    35   142    29   113    33    75    28    99   116   156    25   168    95     1    36   121   101    71    84     8    86    57    86    35    24    83   153    70    70    38    19    13   107    60    84   158     4   115    17    48    37    49   170    81    24   160   165   141   147   134    73    88    80    36   170    97   152   143    40   114     9    65    23   117   149    16   140    15   115   148   127    78   156   153    90    25   145   143   134    23   148   148   148   126    40    19    52    11   119    64    76    40   102    33    77    24   157   114   117    23    69    91    18    33   104    69   108   155   102    66    48   142    51    85    67   150   180   165   179   143    23   104    44   162    79    73    54     2    58    44   151    14    77   179    49   121     5   103    18    12   148   118    22    53    23   137    52   118    14   135    47    63     9    90   160   164   131     9    56   142    48    87   166     7    82    66   162   172    75   165    68    16   167    10    33   154    64   143     8   177    69   129   152    86    64    30    79   160   123   111   115   122   112    21   145    47    33   175   178    86    33   110    55   148   107   117    32   104    75   132   176     8   159    11    25    26    25    39   180   116    76   143    70    90   106   105    11    36   178   144    12   140   150    63   149 
   87   165   141   119   105    12    81    19   165   145    97    61   108    24   133   118    27    41   160    66    41   150    60     2     6    40    55    30    93    14   122   167   125   131   139    69    57     4     1   164   143   156   158   106    92    31    73   133   107   126    57    15   149   104    30    10    26   161    87     1   118   107   162    90   113    89   100    56    98   145    87     3   128   104   134    78   131   173    39   116   133   109    17    44    81   128    25    36   100   131   169    40   109    53   136     2   132    12   147   139   170    23    40    87   161   118   104   119    62    90    56    48   174   115    25    24     8    68   139   153    18    69   125    69   163    93   141   138    62    64   170   136    54   166    73    68    95   162   128    62    71    18    95    38   172   108   162   135    77    94    19   176   111   145   130    51    70    69    58   134    79    11    59    57   116    44   151   123    42    52   146    75    75    24    95    33   135    98   171   160    31    51   171   177    21    73     6    85    16   137    49     7    48   136    43     7   139    13   141    90    59   175   107   144   117   177   111    69    28    24   109   132   132    52    34   114   132   166   180   155   112    95   149    97   162    69    44    28   126   142   141   106    46    96   142   153   163    76   170     2    87    86   140   156   150    44    17    51    53   127   179    42     3   162    44    44   154   162    70     4    53    83    53   164   160   172    31    30     7     4     5     6    17    12   146   180   115    59    84     9    86    75     3    49   147   129    54    56    90    29    44    40   121   160   141   151    32   168   151   122   131   166   103   147   108    10    56    42    51    61   137   139    97    29   171   177    69     3   120    88    74   113    41   121    14   109    29   112   114    13    51     3   149   118    13   148    28    77   167   121   121   109   113     1    29    67   144   159    51    77   175    69   103   144   100    63   163    16    49     7     9   124    91   176    62   162    89    86    20    86   178    85    52    62   124   161   111   102    15   123     3    63   137   169    93   176    88   155    62   120   109   132    94   179    61    75   114    69    70   126   159   170   154    50    43   162    29   161    86    98     8   154   103   129    79   126   110    79   118   136   144   126    56    16    27   125   155     6    59    52     8   164   117    43    29   167    25    87   113   120   102   166   154   111    85     7   152   158     8    69   159    74    93    49   123   142    42    71     2    53   121   138    56   142    53    19   100    92   140     7    96   150    48   158    48   142    34   139    72    98    91   108   174   167    81    53   166   160    18   165    62    92   180   147   180    51    58    14   115    83    22   136    19    41    39   176   163   139   137    24    78     4    98    44   108   165    75   151   108    76     2   160   106    26     8   108    53    90    86    95   101    55   150   167    72   143    33    44    28    73 
  161   164    39    12    26    37   145   102    30   157    11    16    18    53    15     8   136   151     1    14    54   124    29    12    78   113    40   121    16   126    42   130    28   117   141    81   130    94    24   169   173   176   179   107   115    36   156   127    29   135    81   149    81    70   101    87   154   103   148    83   144    15    38     6    52    46    13    98   114   169    18   172    29   138   155   152    97    66   150    75   106   126    36    21    89   126     5   101    90   154   167    30    57   117   171   116   146    38   166    69    76    60    30    19   148    43    95   162    83    24    81   168    12   126   139   107   121   114   165   135    80   166    14   148    90    18    55    75   170   176   143   117   141    11   110     9   148   179   160    40   169    87     4     8    89   115     1     5    47    34    15    89    34     7    32   106   124    11   104    50    87   140    58   118   173    93   101   117    39     6    23   115   156    51   151   124    18    27   118   139   164    15   136   127    95    77    46   103   178    32   133    98   101    61    71   128   133     8    92   172    14   107    21   135    25    24    22   163   139    30   133   156    35     5   128    80    69    36   124   104    24   148    50   177    66    83   114    45   113    71   150    83    91   105    21   154   129    52    70   170   155    36    62   118   171    32    45    43   135   117    27    72    46   174    39    47    76   130    20    76    12   162    68    15     9   162   116    89    55     7   135    92   170    31   109   111   153   103    30    74    66   152   123   162    57   150    79   167   114    84   177    36   146    27    73   109    30    18    59   108   116    14    61    43   173   163   143   118   130   100   155   125    40    91    34    19   168   107   107   175     6    74   132   161    88    31   136    73   131    47    20   159   102   100   151   139    87   107   126    66    97    28    59   149    69   179    90   110     4   137   124   157    38    12    78    32   123   129   176   140   145   134   160     7    20   130    11   105    78   109    71   133   121    14    67     5    15    25   116    15    33   169   114    77   114    91     9    81    66    30   163   146     4    37    83   139   104    41   105    11     1   151    12    33    68   172    83    47     3    61   139   179   101   154    76    43   119    73    46    77    36    71    21    12   153    76    17    74    90    35     5   158    91    56    48   137   139   127    19    68   156   142    98   117   145   140   165    88    61    19   134   173    11    77    16    83   177   159    46   135    46   133   137    92   129   123    83    99   116   114    22    40    99    60    18   170   173     8    56   109   146    21    39   103    97    26   123   139   152     3    93   127    95   105    52    71    37   112    21    35    94    62   159    78   144   157   174   136    71    71    46    19    23    13   148   112    47   138   145   116    77    48    59    29    43   151     8    23    20   174   155    27    88   133    55   117    91   119   105    66 
  180   164    66   125   154   113    83    16    32   169    76    26    85    72   164    69    14   100   147     1     3    23   103    16    37   161    30    25    51    73    14   144   158     9    15    95    49   156   165    22   133    58    17    50    51   123    80    79   117    51   152   163    74    87   114    16    89    32   133   148    26   160     4   170    64   143    69   144   156    83    61    21   134    80    48   137    30    28   127   149   152   171    96    25    74    10    48   156   143    67    92   175    70   167    11   128   117   106    84   153   112   100   180   109   161   177    73   148    88    53    79   131    50   161   118     1   139    48     2   177    56    38    99    56    25    29   137    56   104    19   160    88    35     4    81   144   114    94   165    39    57    11    99    32    72    94    36   160    85    51   170   143   180    80   177    22    70    18    86   138   144   113   152   139     4    31   147    38   142    19     6    38   142   163     9    90   119    91    73     6   177    48    38    19    37    87    51   142     6     4    27   149    61   141   101   175     6    98   178   119    45   176   104    64    23    31    22    73   170    98    59   151    69    21    89    49    27   177    59    65   170   126    45    26   104    41   136   141   134   117    86    90    56    33   113   113   107   158     9   131   176   162    59    76     7   137    23   142   140    57   110    34   124   154   170   131   133   126   166    18    68    98   180    96   162   103   137    62   124   100    74    25   116    35     5   152   103   106    76    30    63   136   173    63    73   124    33   141   136    35   178    24    85    20   108    64     2    30    94    59    22    67    61   134    85   161    65   178   162    35   158    65   141    88    27   162   144    43    64   173     8    92    81     9     8   103    54   179   160   101   109    10    88   148    11   134    55    29   107    49    90    95    60    71    34   168   140   177   141   168   142   104   121   122     9    27    57   124   106   104    56     3    97    59    58    37   112   170   122   143   111   102     6   144   142    70     6   160    43    95   178   144   168   107   132   131    76    35   102   153   121   116   179    71   147   114   153    56    30   180    15    27     2   171   134    44    67    52   174   172   162    36    33    76    34   100    62   116   103    45     8   175    89   100   121    93   150   143    31    42    72    76   137    31   128   127    72    99   127    85   158   169    51    86   153   122   138   104    61     2   124   180   166    63   160    13   118   152    88   174   110   140    53   150   124   127   148    59    67   170    27    31   169     1   166    84    45   107   136   174   138   119     5    71     2    37    15    50    32   180   126   180   121    37   105    51    54    83   142   135    87    22   120    93   104    88    43    39    18    54   122   175    12    14   150   114    30   106    68    23   134    10   133   113   165   131   127   112    42    20   153   163    59   174   116    74    15   167    26    44 
   19    12   113   167   105   165   169    17   124    48    99   107    97   105    17   177    60    64   168   122   168    78    27    26    83     8    45    38   158   121    24   101   141    85   113   149   157   121   124   111    69    66   151   169   136   128   107    24   146    85   138   149    83   159   126   123   138   148    13    42   179   153    52   158    82   129   111   131    73   160    39    36     1   145    17    17   129   152    52   111   157   150    20   135    52    13    12   151   140    59    33    29   180   154   148   167    14   131    48     1    77     5   154   123    75   118    53   122   112    62   169   118     5    59   170   159   163    62   136    93   141   170    82   176   124   140   158    85    61    68   131    68    70    67   132   122   129   120   108    75   124   167    59   116    85   175   164    55    92    63    33    66    97    50     4     6    33     1   175   142    12    26   141    71    63   127   160    87   103   147   166    95   118   158    92    36    57    16    95   178    31    66     1    79   156    98    25    46    51    58   118   150    90   150   105    80   176    78    86    29   172    15   135   166   119   165   160    49   176   133   118    61   165    11   122    57     8   161    69   173   169    71   156    82    71    44    20    30    24    17    50    63   151    84   159    94    61   171    69   169   150    17    42   164    44   139    30   100     8    84    66    84    92   100   139    19   125    90    24    22    76   180   107    74   148    38   172    88     3   169   125   128    17   150   108   179    37   172    60   166    59     1    91    66    43    55    94   170   131    17    24   115   145    24   128   173   107    34    52    13    97   157   124   171    29    43   105   138   129   129    47    50    32    67   142   134     5   148     7    11    65   167   156   103    34   156    75    83   178    17   161    26    94    23    33   178   148    74   142   107   121   163   168    98   168     6    50   108   149   177    93   110    55    45   122   104    82   133   170   149   133     7    33    66    58   100   103    46    28     8    83    70    75    83    79    10    16    86    16   164    51   117   126    73   115   177   170    96    25    50    36    77    72    47    33   166   102    74   134    85   128    46    50   129    56     2    25    74   149    30   137    86   120   100   104    26   168   126   146   106   106   161    42    27    42   127   146    59   163   130    76    67    95    96     9    50   117   165    25   157    30    61   150   119    19   124    15    30   180    82   104   151   166    26   174   112   138   140    43   133   137   118   143    83    99    99    26    15   139    84   174    72   178    71     9    10     1    16    95    42   160    44   119    87    67    85    17    41   154    34    73   134    23    53   113   133   114   148   177   125   134   101   162   166   109    68   176    87   172   139   101    13    33     6   169    69   149   112   133    98    70    92    22    57   170    63    44   150   104    42   176   103    76   169   105   138   108     6    51   119 
  123   107    13    75   141    48   154    58    97    31   123    85    64    35   117   122    54    97   173   113   170   126   131   158    27    32   179    33    41   175   150   152    68    75    87   123   143     7    54    82    20    60   160     1    62    57    77    49    20    11     2   127     9    36   162    97    79    68   173   170   174   116   164    40    16    29   180   149    30    69   145   135    67   160   151   120   175   117    29   146   133    53    52   166    82   114   152     2   154   131    62   170    27   127    21   103   117     5    57    90    54   135    25     9    67    84   114   137   180   150   113    34    96     6   129   160    99   119   158    22    90   170    71   158   168    35    33   105   142   142   124   115   132    32   179     6    50    24   150   180    69   136   118    59   128    30   174   169    24   135     7   130   106   148   173   164     1   108    39    74    10    45   127   107    91   162   167   149    55    77   145    77   104    83   118   152   145    61   176    45    29    51    94     9    66     5   139    66    26   108    12   129   124   171    26   138     4   164   117   102    92   139    50    94     5   147    25    26    85   163   111   166   124   109    89   110   135   166   104    40    20   114   134    54    56    30    42   153    93   100   155   111   151     4   142   170    92   169    18   154    66    66    77    54    12    87   179   104   117   162   122    92    76   169   169    33   116    21    69    41    78    24    88    55   128   143   162   134    98    25    65   158   133    58   178    88   155   102    77   137   107    39     8   105    69   140   140    33   153   108     1   156    95   132   166    47    54   120   107    11   150    51   157   143   144    70    60    29   173   127    46    61    21    45    62   135   110    62    91    70    71    62   116    23   121    40   106    33   129   177   100   155   119    85    29    95    69   175    36    53   180    51   150   164   128   104    99    97    68    41    86    13   114   125    57    54   103   177    58    41    21   167   139    92   180    52   127   121   120    54    24    95   165    58   119    31   173    63    43   125    88   138    75    67   135    47   173    24   171   141    26    68   130    18     3   150    34    98     4   154   158    29    98    24    89   149    87   135   121    24    75    38    42   120    31    65    94    27    20    26   145   168    81     5    46    80    87   138   173    72    76    87   157    89    19   122    70    28    21   144    88    58    29   175     6   157   115   111    29     1    79   102   159    30   115    54   175    85   100   128    14   171    91    91    13    57   125    77    65   109   139    31    43    63    26    96    30    58   167    47   162   105    33    18     5    94   121    92    54    59   114    93    68    99    35    29   167    40    19    38   175    91    24   126   108   163    43    12   172    63    24    87   165   121    79    55    31     7    66   152   145    59   158    47    56    81   164    27    31   111    47    56   180   129    43   137   156   114   162   132 
  169    79   102   103    97   155   115    87   139    50   130    86    19    68    92   153    44    81    49    53    88    66   157   158     8   167   141   153   130    23   137    36    71   166    93   132   171    36    63    53   156   160    60    24   163    48   111   104   128    36    75    72    68   123    45   124    90    56   179   166    80   116    99   110    46    97    35    91    24   166    45    84    86    42     9    61   125    42   167   116    95    88    66   160   148    65   156   107    75   154    45   144    27     7     3   142   179   153   110     2   140   141    37   162    74    54   167    38    86   135    15    55   111     3    24    76    17    70    10    96    61    41    62    25    74   107   133   159    57    89   122   116   120    69   110    94   112    27    19   138    16   109    86    61    73    88     5    31   117   132   162   111    29    49   151    95    84   131    94    21   106   156   106    29   173   115    81    65   101   131    75    51    59   150    84    21    52    70   175     4    10   152    39   111   101   101   104    47   124   172    36    45   159   139    35    56   105    88   158   103   118   119   120    56   106    81   114    48    24    71    57   150   159   144   117   156   174    84    31    96   113   178    86     4    31   134   123    69     4    79     1    17    91   116   161   146   155    60    99   117   121   106    27   159    92    81    17   104   175   139   150    27    24    41    93   149   175     4    97   135    29    21    77    36   127    65    59   163   106   108   153   113   109   147    65   129     8    99   121   168    47   111    39   132   179    42     8    62   127    39    95   166   147   133    80    53    76   173   116    26    65    14    43    71    11    68    64   170    95   147   156    72   122    41    71   100   148   145   156   158    30    27   159    11    20   121   134     8   172   123   138    80    24    63   165   136    49    22   154    43    34   116     7    20    85   112    16    13    29    99    71    75   141   105   165    32    68    93   140   125   116    33    40     7    61   102   127    10     5   131   166   122   123    52    98   139   129   136    20   159    89   139   175   140   150   179   131    19   135    93   165   141   146   115   117   131    99    22    27   169    68    47    58   107   143    36   158   137    53   156   130    30   101   124    74   115   177   180   100   125   176    15    86    60   122   169   105   154   179   114   105   125   161    79    10   148    23     8   171   140    98    62   139   128    73    90    54    40    46   171   101    94   151   147   144   138   169   105    47     5    23    19   112    36    45   100     8    30    72   111    38    94    88   172   149   161    83     7   128    18    92   147     8   154    19   107    32    83     5   117    44    74   108   108    90   174   126    44   163    51   126    15   173    58   108   116    35    61    96   153    76    96   130   130   133    83   105    11   169    36   122   104   170   107   102    23   138    89   132   167    16   145    65    75    42    82   147    66    85    46 
  174    63    42    73    58   141   125   159   132   149    14    69   168   103    33   121   178    24   172    53    16    53   153   105   140    57    92    46   100   165    53    97     3    26    42   159    82    54   116    17    19    20    62   149     8   134    42   123   125   120    31   143   174    60   139   124   172   170   160    38     2     8   166    37   119   109   111   150   157    13   153   111    43   160    30    24    48   117    67    50   145   151    73   160    40   138   103   104   128    21    76   180   114    19    39    73   153     8    65    84     3   168   131     8   109    58    72   145    16   167   180     4   156    50   159    70    42    65    21    48    86   104    45     6   110    55   165   122   178    75    58   123    31    97   113     5    96    85   160    38   107    47   147    98   116    21    31   123   174   122   143   166    37    68    93    98    52   151   156    88    63    12   160    97    86   139   180   107   177    12    18    45    41   101    39    68   110    76   135    26    52    38    31   111    70    50   143   121   116    28   180   141    65   118    21    40    60     9    88    46   154   170   115   165   108    33   171    31    83   167    65    35   132   162   130   118   156   178    72    52    84   127   168    79   125   149    89   144   139    66   165   154    12    26    54    67    42     6   167   147    99    54    81    47   165   154   178   103   138   144   139   141    74     4    51    35   126    30    15   167   101    74    90    44     6    13   139    60    16   101    43   114    80    42   145    42   144    70    78    74    27    21   101   147    45   118   125    25    47   137   103    35    82   102    43   162    84    60    24    25   100   103    10    80    53    57   176   116   151   134    57    81     7   147    27    51   180    10   178    38   122   108    14    25    72   176    46   119   172    85     1   124   107    63    91    32    26   177   173    75   137   142    65   102    75    60    24    75   118    41    27     7   104    56    47    45   139   161   104   174   107   104    77     3   135   174    28   176    15   127    68     7    91    78    97    16    45   170   132    97   113   180   147    48    21    12    71    82   150     6   143   151     2   127   100   168    27   171    72   120   158   170   159    68   119   176    88   144    49    11    32    68    93   131   132    89   157   112   147    61   172   141   158    42    53    92    66   149   118   171   142    15   127    64   136    67   150    45    52    69    47   110    74   104   159   117    95   100    64    69   130    94   114   169   122   167    44    91   134    23   169   104   121    58   166   122   177    48    41     5   172    14    14   120    40   153    30   145    36   148   115   116     7    66   107    84   153    72   109     5   119   151   114    72    28    25    81    17   162   169   178   110    52   111   141    89    83    46   101   118   139   105    17    61   115   161   151    20   150   108   129   150   136   145    65    47   160    59     3    68    59    79   102    67    15    37    63   107   147   105 
   63   155   129    15    44    24    15   106    44   116   164   113    79   105   102    85   140   163    33   162    58   131    93    66    44    68   155    20    49   161    22    36    96   139   143   141    30   119   150    64   118   149    35   112    94    56    97    47    97   155    13   104   150   144    42    97   158    69    35   169   117   159    58   158   117   134    95   134    98   142    89   121    41    38    22    69    54   139   162    31   102   146   145   137   107    71    96    78    79   177    10   129    57    40   157     1    11    15   116    64     5    56     3    59    12    77    91   109   139    68   101   129   143     7   166   177   174    92    23   152     1    12    25    73     9   138    76    82    66   101   148    84    45   142    43   137   169    24   134   121   125    51    67   157    18   167    65   133    49   163   154    18    24    72   131   177   147   137   153   136   156   132    78   138   129   111   110   140   134   142   162   131   156    56   117   150   180   100     4   103    80   166    60   147    68    83   138   168    99    23   108   121   175    25   147   150    64    76   141   115   125    31    43    32    47   101   133    19    19    95    67   141    70    97   144     4    22   161   110    91   158   159   167    23   165   156   176   168   162   135    19    87    71   133    18   177   119   180    87   131    76    74   147     7   120    60   129   133   161   107    82   156    88    61    88   174    78   104   122    93   107   180   145    90    60    41    82    56   151   111    87   167    78   129    22     8    79     2    75   176   169   147   109   104     9   116    56   109   177   129    42   127    45    53   134    99    20   116   149   110    45     7    20     7    61   138   175   162    59   150   134   174    84   160     6   127   107     7    85    23   165    44    62    22     9    82   131    38   126    66   145   145    91   107   149    92   106    76    15   133    62   113    36   157    63   120    67    43   162   177   132    20     8    31     3   131    27   145    32   157   159   103   151   133    20   117   139    80   149   157    95    42    57   125     8    27   117    43    49    21    76    25    96   160    88   139   160    67     1   119   180    60    13    17   137   133   163    36    44    97   143    39   123    18   144    88   116   179    87   146   143    28    86   165   126    67    13    99   159   110   102   175    90   144    97   148   175    81    80    60    12    76   144   167   171   148    66   128    63   142    74    92   139   169    61   148   126    18    37    41    83    70    92   150   140    25    34    20     1   128   123    71    22   175   113    84   173   120   147   124   167    65   137   109     7    59    24   122    60   113     8   136   147   106   112    45     1   154   175    17   111    87   105    75    57    31    68    14    36    52   146   160    85    13    84    62    35     4   116     5     3    58   106    64    15   163    70   161   110    36    51    31    72   150   159   121    18    17   100    88    56    32    35    81    54    38    41    23    94    67 
  156   157   124    95   134    72   154   141   165   132   134    25   143   113    86    23    16   123   177    62    22   102    84   169   143   149   153   113   176    19    56   130    79   114   130   130    20   155    15   140    46   139    14    64   123   161   140   133   122   168   149    48     4   115    95    38    92   143   103   177    26   119    82    15    18    81    79    35   158    97   105   177   179    72   145   126     1   115    50   108    57   147   101    14     3    26    32   147    74    12    68    76   178   137    83   159    78    59    21    17   157   141    49     2    68    78    42   101     7   120   172     8   122    10   151   162    31   107   161   156   125   147   100   111    54    21    29    73     9   174   170   178   118   118   104    24    89   131   134    73    58    98   115    26    62    71    81    73    80   142    76    36   169    52     9    23   180    44     7    24   132     4   167    96   100     5   133   101   134   144   146    16   136   153   170   171    54     3   148    55   121   175    64   148    83    93   160   170   166    80    55    11   168     6    41   130    74   119    52    31   137    75   102    77   130    69   129    70    59    29    34   150    17    88   123   135   128    45    16   169   112   169    13    67   161    31    82    55   158    56    71    81   122    71    62   155   104   137   133   175    76    56   121   161    47   153   109    54   119    99    65   125    38   156   129    40    80    58    76    15    44   161    13    29   127   104   130   133   130    51    70    41    83    32    28    25   158    99    51   109    48    69    85    91    62    80   106    72   167    24     6    39    83    31   118    96    30   116   125    75     3   118     4   156    36   128     2    64   114   151     6     9    40   102    26   147    79   179    71   114    86    11    64   154    42   157   108   147    65    96    54    56    50   160    62    43   161    43    11    55   163    30     2   150    21   130   171   104    47    94    30   112    79    82    53    98   132   144   160   111   125   137    36    27   176   132   148    71   142   165    98   101   154    81   155    79    95   117    62    47    79    45    40    41   106    78    60   113    21   151   108   177   136   167   140   166   164    98    56    22   153   130     1    40    43   162    36   135    96    79    75    13   178   108   130    93   164    27    78    61   173   103   140    93    89   156   101    89    92    62    98    44   125    90   165   118   155    38    52     1   155   131     5     2   165   146    87   143   105   166   174    65   111   155    19   140    42   147   149   165   154   139    31   115    79   127    25     8    60   100   128   124   150    67    37   126   158   114   165    27    49    78    99   109   150   115   117    75   152   154   129    99    96   116    46   124   173   169   153    34    82   147   176   174    39   125    75   106    12    22    68     4     8    61    76   101    34    97    12    53    60   141   133    74    78   141    43    83    78   131    72   150   140   124    95   158   108   159   143   156 
 0.00  0.26  0.28  0.21  0.33  0.37 
 0.26  0.00  0.38  0.26  0.20  0.29 
 0.28  0.38  0.00  0.35  0.32  0.34 
 0.21  0.26  0.35  0.00  0.31  0.30 
 0.33  0.20  0.32  0.31  0.00  0.29 
 0.37  0.29  0.34  0.30  0.29  0.00 
