10 12
2
      3441
      3147
  4.4  35.5 421.7   1.7
  4.6  11.2  71.5   1.5
  1.2  41.7 146.0   2.4
  3.9  44.3 299.1   2.2
  4.3  32.9 616.7   2.1
  4.4  45.9 450.8   2.3
  2.5  25.6 211.0   1.6
  3.5  42.3 873.8   2.0
  3.7  13.0 225.9   1.7
  3.2  11.5 337.8   2.1
  4.4  38.2 270.9   1.5
  3.7  28.0  76.9   1.6
  4.6  39.9 620.6   1.6
  3.2  22.7 900.6   1.7
  2.5  27.7 744.7   1.7
  3.9  45.2 614.0   2.2
  1.2  41.5 736.7   1.9
  3.8  35.1 922.4   1.9
  2.3  44.1 807.2   2.5
  2.7  16.8 743.6   1.7
  0.2   0.3   0.3   0.3   0.3   0.2   0.3   0.2   0.4   0.3   0.4   0.3   0.3   0.2   0.3   0.3   0.2   0.4   0.2   0.4 
  103   165   135    68    53    48   138   113   147     9    54    24    12    51    34    60   165    95    38    70 
   10    39   119    58    36   142   119    88    64    75   175    83    43   118    28     8   161   145   160    59 
   12   108   142   118    26   169    47    43    87     9   133   176     7   125    10   124    50    81    34   166 
  149   159   167    76    94    56    44    93    57   101    23   112    75     7    16   140    49    93   180    84 
   71   137    80   171   161    11   134    73     6    74   131   100     9     9    19   113    83    49    14    80 
   28    77     6    75   135   151    59    54    84   121   136    21    87   137   125     2    51    65    39   140 
  180   171    60   103    37   129   114     5    78    69   119   146   163   168   111   149   149   129    31   126 
  151    96    93    31   117   155    91   104    49    57   127    85     5   136   109   119   144   140   169    67 
   36    71    34    89   158   102    68    86    51   157    70   123    51   142   177   177   159    77    23    53 
  121    72    61   128    48    93   160   154   160    68    36    45   173   153    40    52   172   104   156    48 
   59     8    16   103    22    92    39    22   121   104   172     3   159   159   154    54   160   155    38    84 
   59    14    54   159   163    18    20   125   180    55    47    32   174   172   100   126    87   158    30   118 
 0.00  0.23 
 0.23  0.00 
