10 12
15
      3479
      3157
      2469
      2723
      3574
      2985
      3754
      2925
      3566
      3525
      3730
      3306
      3607
      3215
      3540
  2.7  41.1 707.8   1.7
  4.5  35.7 320.5   2.0
  2.4  42.3 110.0   2.1
  2.9  41.2 320.9   1.7
  1.4  28.4 430.3   2.0
  3.7  21.0 329.3   1.7
  3.9  13.6 112.4   1.6
  4.4  49.6 656.0   1.9
  4.5  27.0 553.2   1.6
  1.4  29.4 667.9   2.4
  4.9  21.8 304.7   2.2
  4.2  42.4 921.9   2.3
  3.1  35.5 933.9   1.8
  1.6  17.5 824.1   2.2
  1.5  20.6 154.7   1.9
  1.3  14.1 789.4   1.7
  2.6  25.0 447.5   2.1
  4.4  26.3 902.8   2.3
  1.3  14.8 516.9   2.3
  4.9  25.9 275.1   2.2
  1.5  10.2 154.0   2.1
  3.3  39.6 153.8   2.2
  3.2  19.8 387.3   1.9
  1.7  39.3 522.9   2.2
  1.1  30.6 541.7   1.9
  1.4  38.4 753.2   2.1
  1.2  18.8 116.0   2.0
  3.3  14.0  68.7   2.3
  3.5  26.4 805.6   2.1
  1.7  27.2 430.7   2.4
  2.2  40.9 873.0   1.7
  2.8  19.3 807.4   1.8
  1.8  42.8 471.2   1.8
  2.5  16.9 812.8   2.1
  2.0  12.0 433.1   2.1
  4.5  25.2 137.6   1.8
  3.5  37.5 829.2   1.8
  2.1  36.2 533.4   1.8
  2.4  36.1 597.9   2.4
  1.5  10.2 795.8   2.2
  2.3  27.5 703.0   1.8
  1.9  36.2 216.9   2.4
  4.5  26.2 228.9   1.7
  2.6  47.6 798.4   2.2
  4.5  42.5 602.3   2.0
  1.6  20.3 680.6   2.0
  3.6  13.6 212.3   1.9
  3.4  42.0 101.3   2.1
  4.2  33.6 613.8   1.7
  3.3  43.0 694.7   2.0
  4.7  41.8 579.8   1.7
  1.3  14.3 353.2   1.8
  3.0  29.4 909.3   1.9
  3.6  14.3 399.5   2.2
  3.3  15.0 941.7   1.5
  1.6  40.4 765.0   1.7
  1.3  48.8 346.0   2.3
  1.9  20.7 263.7   1.6
  2.1  25.8 174.3   1.9
  4.4  11.7 412.3   1.9
  1.3  32.8 606.1   1.7
  4.9  15.5 940.3   2.1
  3.7  37.8 180.6   2.0
  4.2  10.4 912.0   1.6
  3.4  44.7  67.3   2.1
  2.1  16.1 210.4   2.5
  4.3  20.5 148.7   2.0
  2.7  23.9 720.3   2.1
  4.9  34.5  85.4   1.8
  3.6  11.2 791.9   2.0
  1.1  10.7 653.2   2.3
  4.4  12.2 233.5   1.5
  3.2  19.2 936.1   1.7
  2.1  24.6 353.7   2.4
  2.8  15.4 631.5   1.5
  3.1  39.9 615.2   1.5
  1.2  27.1 748.6   1.8
  3.7  24.4 431.0   1.5
  4.0  28.1 767.5   1.9
  2.0  28.5 785.0   1.6
  3.9  46.0 326.0   1.6
  2.4  24.8 252.9   2.4
  3.6  17.3 765.3   2.2
  3.0  40.2 592.7   1.5
  4.4  14.1 486.7   1.7
  4.0  41.0 937.2   1.6
  4.5  21.7 929.0   1.9
  2.7  11.9 806.7   2.3
  1.3  18.3 170.7   1.9
  4.0  27.9 175.4   2.1
  2.7  44.1 605.6   2.4
  4.6  48.8 128.4   2.0
  3.0  12.5 443.5   1.9
  2.4  30.9 909.4   2.3
  2.3  12.8 922.4   1.9
  3.7  27.0 170.4   2.0
  2.6  30.9 881.0   2.1
  4.2  46.2 562.5   1.5
  2.6  13.9 898.0   2.0
  4.9  38.6 721.6   2.5
  4.2  41.2 718.2   2.4
  2.3  45.9 192.2   2.4
  3.3  28.9 453.4   1.6
  4.5  15.0 374.0   1.7
  4.5  14.5 255.8   2.5
  2.2  41.4 845.5   2.5
  4.9  14.6 334.0   1.6
  3.2  13.0 829.5   1.7
  3.3  12.1 533.7   1.7
  1.8  48.7 844.8   1.9
  1.1  22.9 824.7   2.1
  2.1  14.7 933.3   1.8
  4.8  42.0 354.1   2.4
  4.7  19.7  69.8   1.8
  1.1  36.7 194.4   2.4
  1.2  41.3 642.2   1.7
  4.9  14.1 607.7   2.2
  1.4  39.8 151.0   1.9
  4.6  32.9 253.4   2.0
  2.9  29.8 584.4   2.4
  3.7  38.0 437.3   1.7
  3.8  27.9 900.1   2.2
  3.3  12.4 487.7   2.2
  3.9  48.9  53.6   2.4
  4.8  13.7 882.9   1.7
  2.4  47.2 892.5   2.0
  4.7  20.6 238.0   1.7
  2.9  37.0 585.7   2.1
  2.6  42.9 522.9   2.5
  1.4  28.6 125.0   2.1
  2.4  49.9 363.8   2.4
  4.9  32.7 275.0   2.2
  1.8  45.6 411.4   2.3
  3.7  24.1 839.4   2.3
  2.8  41.7 147.7   2.3
  3.1  31.0 428.7   1.9
  3.6  42.5  95.9   2.2
  2.1  27.1 632.1   1.9
  3.7  14.3 494.6   1.6
  1.7  15.2 694.3   2.2
  3.3  46.8 947.7   2.1
  3.5  26.2 116.4   1.6
  4.4  36.9 405.7   1.5
  3.2  39.7 536.1   2.1
  2.2  46.7 489.5   2.5
  4.4  16.8 572.4   1.6
  2.0  16.8 188.6   2.0
  3.3  11.2 232.9   1.8
  4.1  43.1 483.8   2.4
  2.3  26.1 589.9   2.1
  0.2   0.3   0.3   0.4   0.2   0.3   0.4   0.3   0.3   0.4   0.4   0.4   0.4   0.4   0.2   0.4   0.4   0.3   0.4   0.4   0.2   0.4   0.3   0.2   0.4   0.3   0.3   0.3   0.4   0.3   0.2   0.3   0.3   0.4   0.3   0.3   0.3   0.3   0.3   0.3   0.3   0.3   0.3   0.3   0.3   0.3   0.3   0.4   0.3   0.3   0.3   0.4   0.2   0.3   0.3   0.4   0.4   0.3   0.3   0.4   0.2   0.3   0.4   0.3   0.3   0.2   0.4   0.4   0.3   0.4   0.2   0.4   0.2   0.3   0.3   0.2   0.4   0.4   0.2   0.2   0.4   0.3   0.3   0.4   0.3   0.3   0.4   0.3   0.4   0.3   0.3   0.2   0.3   0.2   0.4   0.2   0.3   0.3   0.2   0.2   0.3   0.3   0.4   0.4   0.4   0.3   0.3   0.3   0.3   0.4   0.2   0.4   0.3   0.3   0.4   0.3   0.3   0.3   0.3   0.3   0.3   0.3   0.3   0.3   0.3   0.4   0.3   0.3   0.3   0.3   0.3   0.3   0.3   0.2   0.4   0.2   0.2   0.4   0.3   0.3   0.3   0.3   0.3   0.4   0.3   0.4   0.3   0.4   0.2   0.4 
  172   115   125    37   147     9   105    56    77   124    79    28   110     4   179    53   160   177    72    77   117   160    16    52    78    37   175   115     9    51   164   157   153    56    17    27    35    92    15    55    67   170   176    62   129    59   100   164   147   124   106    89    83    55   105    77   157   166    85    35    77   114    17    59    62   156   118   117   152    71   111   157   101    85   127    88    40   107     1   164   106     1   138    96   126    71     6    61    61   101   137    20    96    23    10    76   179   150    58   123   115    70    85   143   133    93    78   108    66    42    11    23    12    27   164    93    62    43    28    79   152    50   116    66    39   128    87    17   171   137    82    12    83   159   124    20   117    63   120   135    45    84   124    95    96    91    47    34    34    48 
    1    53   166   137     5   146    38    31   100    48    60    86   180    47    26   113     2    91    11    32   130    24   173    90    24    69     7    99   146   114   125   107   133   162   113   176   102   175   101   136   176    15    42    76   147    93    28   157    39   149   136   175    70   164    76   135    37   168    24   143    64     1     7   167    37   173    97    93   111   148   177   123    99     1   135    49    83    56   121    73   101    59   173    87   119    98    30    43   105   145   173    96    86    25    64   114    36   170   178    24    11    96   133   157     4    23    20   166   136   109    92    98   111   120    91    43    70   125    35   134   178   171    62    10   162   177   157    36    84    37   173   104    11    74   119    11   172   101    84    38   162    83    46   134    11   166    66    65   177    99 
  144   178   151   134   158    28   163   145   114   173    51    83    75    35    25   141   172   156   157    64     1    63     5    29   174     6    42   105    38    18    47    69   159   129    51    66    21    35    44   131    76   147   133   128   122   175   154    46   106   119   102   160   118    40   121   169    90    71   169   159    64   140   144   121    14   177   119    93   175    32    35    91   101    72   101    60    22   170    83   156    66    90   107   102   166   154   102    31   157   172   115    23   151    67    39    93   131   147   134   127    42    89   147   156    55    31    71   129   125   101    23    39    94   118   111   142    25     1   141    27    68    96    73    64    74   157    86    54    70   122   154     4   172   129    88    47    14    75    43    93   165   162    18   177   163   153    85    78    73    16 
    8    50    99   167   127    20   115   129   157   150   143   151    20    61   166    21    69    56   135   106   126    97     4    89    72   121    64    58   172    56   166    28    73   159   164    75   141    22    61   100   128    33    14   136   149    40    53     7     2   148   119    41     4    67     7   141   164   102    24    18    31    25    93    25   143    22   153     7    39   104    90    75    87   128   170    61    52    74   116   134    31    49    77    77    49    13   107    95   172   152   158    24     1   113     9   180   167    25    29   165    32   172     3    56    98   125   180    85    51   110   180    61    45   176   146    12   146    32   163     6    33   145    56    61    16   111    44   124    37    86    81     7   153   167   174    74    30   175   101   127    77   138   165   124    64    34   118   126   121    92 
   86   166   113   110    24   137   108   171   149    62   146    87   121   100    77   177    95    18    48    98     3   159    38   179    66     4   133    41   140    63   119    46    46   139    11   179     9    87   114   153   146    33     7   117    44   152   179    54   113    22    41    13    74    60    31    65   102    96   148     3    27   171    16    64    67   150   178    89   161    80    89    19     3    61    54    60    46    49   113   116   106   143    39    86    60    49    42   170   112    72    98   177   155   161   166   136   127   122   133    82   161   153   161   162   180    11    32    39   170    17    47   140    39    74    32    80   108    29   167   107   150    27   129   160    58     3    47    87    76    91    71   157   159   162    27    88    15    97   100   152    55   174    26     9   112   115   112    73    69   175 
   89    47   166    61    45    51    64   117   154   110   161    72   120   140    29   125    79    28   180   159    79   109    49    88    14    86    95    38   128    73   169    34    44    53    30    10   143    52   146    53    50    50     1   136   146   143   106   123    76     2    29    94    15   168    40    74    10   154   124    10    98    54   173   108   161    44   155    14    10   102    42    71    44   110    81   144    96    38    46   121    62   122   178   137    93    45   113   155   113    10   148    61    14    57   139   158    10     4   129     5   100    49    86   108    70    90   116     9    74    48    64   102   180   124   126   156    66    32   129   122   130    66   153   142    60    48    29   111   117   154    86   111    85   112   121   156    74   145    35   124   120    32   172    42   138   107    90   171   103     7 
   15     1   152   109    52   122   174   104   128   152   162    62    73   144    21    69   139    21    16    62    25   127   162    21    17    61   107    46   125    67    71    24    82   114   110   160   160   141    86   147   171   150    95   154   178   177   173   167   175    42    78    44    26     3   149   106   110    20    70     1    59   157   178   157    80    76    95   160    80   131   128    74   118    82   142    35     8     9   126    43    16    97    64    49   178    72   169    38   159   135   164    20    54   102    68    53    47     9   151    42    80    81   101    74    22   152    62   178   172    66    76    72   159    44   163    60    98    64    72   175    51   110   129   178   141    51    20    99   120    46     8    72    76    38   110    79   129    46    74    48    68   164    79    16    19    24    10    86    21    19 
  175    81    82   166    30    90    87   125   170    52    66   118   158   140    57   180    38    99    27   115    23    87    77     7   168    56   114    15   138   124   172     2   118    16    72    75    43   167   152   178   118   115    24    16    46    45    24   139   161    59   155    59   117    76    25    60     4    97     8   112     7    43   117   180   139    44   139   144    59   105    51    21    89    13     1    76    24   177    46   162   151    59   126    55    35   156    24     9    37    19   141    52    80   100    46    18    51    61     2    38   151    28   161    79    83   160    62    35    36    44   115    67    13     3    42    19   103    60   172    55    35    85   153    93    58    26    30   165    31   126   145   152   163   104    54   175    43   122   173    91    27    61   117   107   105    65   112   154    30   144 
  108    60    69   162   105     1    89   117    10   121    53    82   127   131    21   147    53    39   161    47    76   168    39    43   143    32    52     2    25    83    33   179   173   127   101   132    51    56    84   152   164    26    43   131    80   129   110   115    64   132   104    84   116   141    11    54    65    90    80    63    94   132    50    35   165     1   102   130   163     6   105   166     2   149    99    69    82    81    81   114   169   146   132   141   145    70    13   110    78    25    56    92    24    92    97    81    74    10     3   154   177   146   122    93    99    26    28    67   166   133    41    33    27    86    77    77    69    71    19   127   111    85    78   125   175   126   173    94    88   170    86   112    71    32   160     2   109   119    36    60   120    58    14    75    91    62    33   100    49    84 
  125    31     3   133   106    80    99   147   110   119    72    30   117     6   174    90   151    71   101    62    99   162    30    77   107    53   178    76   144    73   151   141    48    54   126   121    78   135    22   130   164    42   109    52   130    73   139    38    27   126    94   138    43    63    70   112    82   117   118   155    14    80    71    78   159    74    46   172   105   179    60   166    87   150    34   159    85    85    83   104    40    45   160    88     4    30     7    93    46    12    11   141    65   145    20    60    85   149   141    31    44    82    74    33   151    99   103   138    18    94   115   119    79   119    47   165     8    11    21     6    27   168   137    86   155   155    79   129    92   177   164    92   131   107   103   156   120   137    97    85   176   149    20   129   142    91   116   142   129   167 
  104     1   112   180    86   143    76    80    66    48   177   115   101    64   163    77    79    47   135   113    87     8   163   164   133    68   149   161    36   105   150    15    12    86   152    82    79    97    68   108    32    95    86   167    20    61    66    36    59    99    26   145    71   150    64    30   139     1   148    66   175    77   114    55    17    84    64    71    54   133   163   149    88   161    46   166   160    85   158   142   133   168    34   114   177   114     7   153    39    86    64   159    22    97   151    99   170    81     5    62   102    36   111    82    34    82     5   113   113    44    37    98   133   149   167    53     4    42   151   116   156    43     4    15   167    28   137    62   115    73   139   128    97    73   158    79   116    72    80   100    81    59   116   116    69    86    89   175   171    35 
   17    10   143    68   169   167   124   164    91    20   165   160   168    28    54   113    51    76    91   111   148    12    44   120    31     3   103   159    51   103   130   154   142    89   145    37   146   179     8   142    11   175    70    70    90    48   176    76    25    59    67   170   144    57    75    29    33    18    78    35    96    18     3   100    12   139    66    70    48   120    43   145    29   146    29   152   143    22    73   103   135   132   140     1   171   100    75   109    47    53   124   164   149    29    38   121     2    10   180   167   112     3   167   101    84   180   159   114    17    97    50    85    30   152   173    49    59    71    14    69   160    69    49    70   128    97   174   114    70    72    56     5   149     5    52    42    31    34   153    79    24     8     6    61   150    68    44    95   177   148 
 0.00  0.21  0.33  0.24  0.30  0.35  0.34  0.22  0.34  0.25  0.21  0.35  0.30  0.35  0.27 
 0.21  0.00  0.26  0.36  0.26  0.32  0.30  0.20  0.29  0.22  0.34  0.33  0.28  0.21  0.36 
 0.33  0.26  0.00  0.24  0.39  0.38  0.33  0.27  0.29  0.34  0.24  0.30  0.30  0.30  0.31 
 0.24  0.36  0.24  0.00  0.24  0.30  0.36  0.23  0.28  0.29  0.28  0.26  0.33  0.21  0.36 
 0.30  0.26  0.39  0.24  0.00  0.37  0.35  0.23  0.40  0.37  0.32  0.27  0.28  0.39  0.40 
 0.35  0.32  0.38  0.30  0.37  0.00  0.39  0.39  0.31  0.31  0.28  0.35  0.21  0.23  0.38 
 0.34  0.30  0.33  0.36  0.35  0.39  0.00  0.36  0.37  0.20  0.29  0.36  0.40  0.26  0.34 
 0.22  0.20  0.27  0.23  0.23  0.39  0.36  0.00  0.36  0.29  0.32  0.29  0.27  0.35  0.31 
 0.34  0.29  0.29  0.28  0.40  0.31  0.37  0.36  0.00  0.28  0.40  0.22  0.37  0.21  0.31 
 0.25  0.22  0.34  0.29  0.37  0.31  0.20  0.29  0.28  0.00  0.24  0.40  0.26  0.38  0.27 
 0.21  0.34  0.24  0.28  0.32  0.28  0.29  0.32  0.40  0.24  0.00  0.22  0.38  0.29  0.31 
 0.35  0.33  0.30  0.26  0.27  0.35  0.36  0.29  0.22  0.40  0.22  0.00  0.25  0.35  0.26 
 0.30  0.28  0.30  0.33  0.28  0.21  0.40  0.27  0.37  0.26  0.38  0.25  0.00  0.37  0.34 
 0.35  0.21  0.30  0.21  0.39  0.23  0.26  0.35  0.21  0.38  0.29  0.35  0.37  0.00  0.30 
 0.27  0.36  0.31  0.36  0.40  0.38  0.34  0.31  0.31  0.27  0.31  0.26  0.34  0.30  0.00 
