120 12
2
     37109
     36076
  1.8  63.0  52.9   2.3
  2.8  15.6  82.3   2.1
  3.9  57.6  33.4   1.8
  1.2  46.5  72.6   1.5
  4.5  41.4  74.8   2.3
  1.2  68.4  40.3   1.7
  1.1  45.5  56.0   2.4
  1.4  19.3  83.2   1.8
  4.9  38.0  75.6   1.8
  4.7  67.2  43.3   2.4
  2.6  29.6  40.8   2.2
  1.4  51.6  51.4   1.8
  4.5  53.9  38.5   2.4
  4.9  53.4  81.2   2.5
  3.9  59.5  56.9   2.5
  1.3  59.8   8.8   1.8
  1.2  60.9  50.5   1.6
  3.4  57.2  56.8   2.2
  2.9  34.4  84.1   2.4
  2.8  46.4  82.3   2.4
  1.5  56.8  11.8   1.8
  1.5  67.1  13.9   2.4
  1.8  71.4  32.4   2.5
  2.7  36.5  90.8   2.5
  4.9  38.9  83.8   2.0
  3.5  52.9  83.3   1.7
  4.0  68.4  32.7   2.4
  1.0  72.9  37.5   1.9
  3.5  31.5  66.6   2.3
  2.6  34.9  85.0   2.2
  2.4  69.5   5.7   2.2
  1.5  58.1  88.8   2.0
  3.2  59.3  38.4   2.4
  1.7  27.2  39.4   1.7
  4.9  25.4  34.5   1.9
  2.0  28.2  78.8   1.8
  2.7  56.0  46.7   2.4
  1.6  64.2  44.3   2.0
  3.0  28.7  45.6   1.5
  4.6  43.9  37.9   2.4
  2.6  40.5  68.4   2.4
  2.2  38.2  66.0   1.5
  2.4  31.7  55.5   1.7
  4.1  57.2  72.6   2.4
  4.6  62.7  10.8   1.9
  1.3  58.3  42.9   2.3
  3.3  45.8  12.9   2.1
  3.8  50.6  36.0   2.1
  1.6  35.5  40.9   2.1
  2.2  22.5  60.8   1.9
  4.8  45.2  10.6   1.9
  1.7  16.2  15.4   1.9
  2.8  58.2  47.7   2.1
  2.1  66.9   6.0   1.9
  4.2  55.1  34.5   2.3
  2.7  28.3  88.2   2.5
  4.3  16.4  92.0   2.2
  1.4  61.6  66.8   1.7
  3.9  41.2  71.2   2.3
  2.7  30.8  41.5   1.8
  1.4  50.3  21.8   1.6
  1.7  21.6  65.3   2.2
  2.9  20.8  64.3   1.9
  2.6  65.6  62.9   2.4
  3.5  24.6  94.3   1.9
  2.7  42.9  85.0   2.4
  1.9  74.1  26.2   1.9
  4.4  35.2  28.5   1.9
  4.7  23.8  52.2   1.6
  2.8  65.8  73.7   1.9
  3.5  27.9  75.8   1.9
  2.3  40.4   8.4   2.1
  3.2  26.5  86.7   1.6
  4.5  30.4   7.9   1.9
  2.0  63.1  46.7   2.1
  1.0  59.9  36.9   2.2
  4.9  58.6  66.4   1.5
  2.4  58.6   9.2   2.5
  1.4  60.6  17.4   1.8
  2.3  32.1   5.5   1.8
  2.2  17.5  62.7   2.4
  4.1  67.0  17.4   1.5
  2.0  22.0  69.9   2.2
  2.5  45.4  52.9   1.7
  3.0  45.1  85.0   2.2
  4.4  61.6   7.6   2.0
  2.1  73.3  82.2   2.3
  4.7  30.3  89.1   2.3
  2.9  30.2  57.5   1.9
  4.2  55.6  42.0   1.7
  2.3  57.2  65.9   1.6
  2.0  25.2  57.7   1.5
  3.6  54.4  61.1   2.1
  3.5  43.7  52.2   1.6
  1.9  53.1   9.7   1.7
  1.3  70.4  41.0   1.9
  2.8  34.6  79.2   1.9
  1.5  63.8  32.9   1.7
  3.4  20.5  66.0   2.4
  4.1  33.5  77.5   1.7
  4.3  68.2  47.7   1.6
  1.8  68.1  63.1   1.8
  2.0  53.3  41.2   2.0
  3.9  23.3  60.7   2.0
  2.1  47.4  39.4   1.8
  3.3  41.7  24.7   2.2
  4.3  72.9  34.8   2.3
  2.6  54.5  37.4   1.9
  4.1  33.0  59.4   2.2
  1.8  25.1  53.7   2.0
  4.8  61.6  54.9   1.7
  2.8  43.2  26.9   2.1
  3.0  65.2  76.4   2.5
  1.2  20.7  13.6   1.9
  2.9  25.4  69.2   2.2
  3.2  28.1  42.2   1.9
  3.9  15.9  41.9   2.0
  2.4  70.1  89.2   2.3
  4.7  27.3  14.5   2.2
  3.2  64.3  88.8   1.9
  2.2  53.6  20.2   2.0
  2.2  56.4  56.6   2.0
  2.0  16.2  47.1   2.2
  3.6  25.5  64.3   2.1
  2.4  69.0  38.1   2.4
  3.2  47.7  49.1   1.7
  4.4  70.3  47.7   1.9
  4.8  42.4  66.0   1.9
  1.9  19.4  93.4   2.5
  4.6  19.5  31.3   1.6
  2.5  30.8  68.9   1.8
  1.1  24.7  81.7   2.4
  4.7  61.3  27.1   1.7
  1.6  40.1  30.8   1.7
  3.3  36.6  28.7   2.4
  1.4  44.6  56.1   1.6
  3.1  47.1  15.5   1.7
  1.4  23.8   6.2   2.5
  1.6  43.6  31.7   2.4
  1.6  36.8  46.8   1.7
  1.6  42.0  84.3   1.8
  1.2  63.1  67.0   1.6
  1.2  34.5  21.0   1.8
  1.9  25.9  67.8   2.1
  2.1  34.1  63.5   1.7
  3.8  73.6  65.5   1.7
  4.5  30.9  72.9   2.5
  1.9  26.4  31.3   1.7
  3.4  35.1  59.0   1.5
  2.1  40.3  39.8   2.5
  2.9  39.2  92.4   2.4
  1.8  72.3  86.8   2.1
  4.9  44.5  25.8   2.0
  1.1  33.7  89.2   1.5
  1.1  37.1  40.0   1.7
  1.2  44.0  75.2   2.3
  4.1  31.3  19.7   2.2
  1.2  30.3  13.2   2.5
  3.6  33.0  45.9   2.5
  4.7  50.3  63.8   2.0
  4.0  51.4  66.1   2.5
  3.7  41.7  63.5   2.4
  3.5  27.3  70.1   1.7
  3.3  65.8  85.0   2.4
  3.3  19.6  74.7   2.0
  4.3  39.4  81.4   1.5
  1.0  59.5  35.3   2.3
  4.1  43.8  26.5   2.0
  4.4  25.5  33.0   1.7
  4.3  73.0  16.1   2.2
  1.7  56.1  15.4   1.6
  3.9  72.2  28.7   1.7
  1.8  46.4  43.5   2.5
  2.4  52.3  79.7   1.9
  2.3  40.4  76.4   2.3
  4.6  56.9  77.0   2.1
  1.9  25.0  13.7   2.5
  4.2  56.3  70.7   1.7
  2.6  17.8  86.1   2.1
  2.0  15.7   8.7   2.3
  4.5  41.6  83.9   1.9
  1.9  55.6  24.4   2.1
  1.8  17.0  13.5   1.7
  2.0  44.2  26.9   2.4
  1.5  31.1  91.5   2.4
  3.6  18.1  76.5   2.0
  3.7  23.9  81.7   1.6
  4.9  20.5  68.6   1.8
  2.5  26.1  62.0   1.6
  4.4  22.5   8.0   1.7
  1.2  40.4  57.3   1.8
  4.0  59.3  10.2   2.3
  2.7  34.4  18.6   1.9
  3.3  26.3  13.1   1.8
  2.9  59.3  84.0   1.8
  1.1  43.1  79.3   1.9
  4.9  15.6  16.0   2.5
  3.2  45.5  41.0   2.0
  4.4  30.8  52.0   2.0
  4.8  66.8  75.2   2.4
  4.0  65.9  62.3   2.2
  1.1  62.5  22.9   1.9
  3.4  20.7  62.8   1.9
  3.4  61.5  21.6   2.4
  5.0  22.4  12.8   2.1
  1.0  16.9  26.3   1.6
  1.3  48.0  35.9   1.5
  4.4  57.4  72.1   2.4
  3.8  71.8  42.8   2.0
  4.1  59.0  22.9   2.3
  2.7  49.7  87.0   2.3
  2.8  27.6  79.4   1.7
  1.4  16.8  85.6   2.3
  1.2  73.9  78.4   2.2
  1.3  42.3  72.5   2.5
  1.2  56.3   7.4   1.9
  1.4  31.6  29.3   2.0
  2.3  73.4  71.8   2.3
  3.4  43.1  18.0   1.6
  3.8  49.2  17.3   2.0
  1.2  61.2  44.7   2.4
  3.9  37.2  43.6   2.4
  2.5  60.3  79.7   2.0
  4.4  56.1  55.8   1.9
  1.5  44.2  61.4   2.5
  4.1  74.5  16.0   2.5
  3.6  32.1  65.1   1.7
  1.9  19.7  88.2   1.8
  2.8  51.9  82.3   2.4
  4.0  59.1   8.1   2.4
  4.2  46.7  77.4   2.1
  4.0  21.3  75.9   2.1
  2.2  17.0  22.1   1.9
  2.7  51.7   5.8   2.4
  1.5  36.7  67.0   1.6
  1.2  17.3  78.4   1.7
  2.5  69.1  63.6   2.2
  4.0  64.7  73.1   1.6
  1.4  52.1  74.3   1.5
  1.7  68.5  69.7   2.5
  0.2   0.3   0.3   0.3   0.3   0.2   0.3   0.2   0.4   0.3   0.4   0.3   0.3   0.2   0.3   0.3   0.2   0.4   0.2   0.4   0.2   0.3   0.2   0.2   0.2   0.2   0.2   0.2   0.4   0.2   0.2   0.3   0.3   0.3   0.2   0.4   0.3   0.3   0.2   0.4   0.4   0.3   0.3   0.3   0.2   0.2   0.3   0.4   0.3   0.4   0.3   0.4   0.2   0.2   0.4   0.4   0.3   0.3   0.2   0.4   0.4   0.3   0.4   0.3   0.4   0.2   0.3   0.3   0.2   0.4   0.4   0.3   0.3   0.4   0.3   0.3   0.4   0.3   0.3   0.3   0.4   0.4   0.3   0.4   0.3   0.3   0.2   0.4   0.3   0.4   0.3   0.3   0.3   0.2   0.3   0.4   0.3   0.2   0.3   0.2   0.3   0.4   0.3   0.3   0.3   0.3   0.4   0.3   0.4   0.2   0.3   0.2   0.2   0.3   0.2   0.3   0.4   0.3   0.2   0.3   0.2   0.2   0.3   0.3   0.2   0.4   0.3   0.3   0.3   0.3   0.4   0.3   0.2   0.3   0.2   0.2   0.4   0.4   0.4   0.3   0.2   0.3   0.4   0.3   0.2   0.4   0.3   0.2   0.3   0.2   0.3   0.4   0.2   0.3   0.2   0.3   0.3   0.3   0.2   0.4   0.4   0.4   0.4   0.3   0.3   0.3   0.2   0.3   0.3   0.3   0.2   0.3   0.3   0.2   0.2   0.4   0.3   0.3   0.4   0.3   0.3   0.4   0.3   0.4   0.4   0.2   0.3   0.3   0.2   0.3   0.3   0.3   0.2   0.2   0.2   0.3   0.3   0.3   0.2   0.3   0.2   0.3   0.2   0.3   0.3   0.4   0.3   0.3   0.3   0.3   0.4   0.2   0.3   0.4   0.3   0.2   0.3   0.3   0.2   0.4   0.4   0.4   0.3   0.3   0.2   0.3   0.3   0.2   0.3   0.3   0.3   0.4   0.4   0.4   0.3   0.4   0.4   0.3   0.2   0.3 
  127    50    12    38    93   106     8    43    31    64   159    13    31    29    63   142   110   171    14   104    76   164   143   154    28    41   133    86    39     3   123    91    28   169   134   135   178   135    70    74   163   141   163   148   161   132    48    93    88    97   109   125    25    71     3   142    97    42    75   102    67    89    86   165   152   132   108    13   106    92    55   174   157    62   173    44    38    19   136    22    21    79   138    82   154   173    35    12   170    70   160    92    12   129    93    27    76     4   138   126    27    92    12   178   123    39    44    68   110    20   180    64   108   180   100   177    31   165   141    47   173    18    81    89    94    29    49    80   129    84    43    17    16    46    96    92    41   149    97   160   113   130    82    85   162   147    66    43   174   135    84   153    62    44    56   134    46   117    88   121   148   140   101    74    59    83    74    98   164   127   109   137    21    24    63    96   116    98   158    36     3   133    36   144    79    38    32   179   107   161   121    43   150    54   157   111   146   160   106    39    55    33    26   137    40    29    46   123   114   173    53    20   177    39    56    24    56    26    40   136   145    51    16    60   139    47   163     1   153   101   179    18    56    69    12    19   114    99   131   180 
    8   110   177   146     8    40    79   159   158   179    30    69   108   167    90   116    43   135   140    92    57   156    27   114     3   170   131   171   154    92   111    84   119   159    44    81   170    21    92    78    62   114    46    35   124   176    37   126    39    87   158   143   165    84    39   135     4   123    45    67   100    25     5    48    37    18    69   180   176    77   122   103    73    49   153    30     3    43    77    64    26    92   112    48   145   179   132    70   102    20    43     9    34   115   136   139     3   136   145    20   177   161    87    58   158    14    73    66    79    23    38   161    37    43    69   144    56    82    86   175    70   108   123    63   160   174    96   107   176   115    55    66    92    33    36   107    54   103   170   110    28    56    67   112   172   171    17   119   118   142    28    16   145     3   118   121    26    37    33    85   137    75    91    18   152    75   146    69     9    14    89    22    17   145    32    70    62    11    74    50    51    93    91   114     6   156    96    71    60   159    31    34    46    80   132    73    98   117    13    42   131   135    71    63    81    28     6    15    82   155    98    67    17     3   176   179    64    39    81   120    23    58    12   164   106    29    64   157   157    80    24    90    24    70    52    31     8    42    96    87 
  179    97    44    48   110   144    84    11   176   172   169    13   159    48    91    23    39    86    18   152    63   141    81    94   110    91    55   145   113   142    48   161    49    71    48   112    77   176   105    65   168    89    26    83   149   118   151    61   103     7    28    63    37    94   106     9   142   123   173     2     8    36    42   140   128   104   171   105     6     7   127   153   141    78   107   114   111    96    74   135   165   125    63   140   125    16   124    80     7   114   173    52   138   141    33   107   160    26   135    25    54    99    49   164   116   135    79    56   173   135    44   148    62    20    59    52    52   178   172   174   110    43    12    48    78    72   148     5   160    20    96   130   171    66   145    59   129   109    17    49   118    46     6   171    20   120   106    16    80   100    35     3   131    56   102   100   106   180    49   172   137    58    91    59    58   109    91   105    48   120    41   151   151    78    53    68   147    23   140   172   101   160    99    25   179    72    76     1    69    84    90    65   121   113    16    88   174    85   174    29    54   180    87    62    40    91   115   145   167    26   180   151   110   144    98    61    96   164    33    41   117     2    91   102    50   116    61    90    65    10   159    92    94    54    49    75    19    12    10     6 
  125   143    21    95    36   100    60   124   176    46   178    26   117   170   171    83    56   125   119    38     4    17   160    46    65   167    34    93    91    87    26   170   174    77   142   110    22    19    35   166    68     7   135   175    40     4    92    96   130    25    63    91   121    11   159     5   110   132    91    99    45    83   130   113   165    10    60    49    38   137   178    64   124   112   121    21   137    21   112   100   178   141   169   156   170    29   168    51    40    31    26   129    17   132    75    35    90    81    86    98    90    95    38   176   144    85   123    24     4   128   112   153    27   104    65    75   140    17   156    76   119     5   107   154    12    50   113    22   167   123   116    59   138    86   158   143    11    62    33   135   119   160   168    59   107    19    99    86     6    62    66    42   144   123    69    24    37   144    56    53   156   104   104    23   130     4    91   119     3   120    47   160    85    11   149    30    63   164   176     7    67   141     6   136    84    92   124   136    51    55   163     5    20   128   150   140    50   101    12    77   163    74    62   174    90   164   165    93   153    32    13    85   135   158   139   104   134   124    65    40    24    35    10   170     5   107    42    34   103   167     7    63   118    15    40    75   123    75    50    63 
   73    32     2   164    84   107   153    43   170    99    51   144   104    62   175   129   131    25    83    89   167    24    70    83    88    74    31   127    24    33   126    66   122   179   116   173    16    23    72    44   123   155    30   109    88   144   142    83   135    93    31    80    39    80   141   144    84    67   173   111    28    65    47   103    53    88   143    13    88    34   140    31   111   110    91    63   138    19    78   174    99   142    59    21   125   145   176    33    86    22   171    48    42    73   166    94    54   108   108    87   156    21    29     6    71   179   115    26    88   143   128     8   139   130   100   135    32    10    95   180   130    24    16   174    35   152   109   103    67    50   143    45    16    74    14   120   118   133   131   104   175    16    64   142   170    61   111    54   150    95   101   174    17   110   162   167   167   109    79   138   125    57    85    98    40   136    22   175   176    14    72    53    47    84   130    91   114    58   153   152   113   146   170    34   161    69    65    79   161    72   150    48    25   112   117    58    77    33    35   129    88     2    13    95    44   148    31    70   159    74   140    83   175   117    49   145    46   105    48   179    81     1     2    37   121    88    28   141    99   145   161    88    62   122   163    74    54   126   114    44 
  146   145    87    67   106   172    40    58    48   104    44    83   172    22    34   101    12    12   180    72   122    16     4    89    50   143   129    48    31    88   157    53    43    12   122    83    76   131     5    39   159   173    83    63   155    91    98   137    50   120    89   178    56   168     5   141    11   113     5   110   115   122   155    51    48    43   132   108    86    56   123   101   156    39   145   143    95    37   135    59   169   151    37    71    10     3    17   113   161   105     8    40   126    84    91   132    47   150    59   138    79   171   163   159    37    57    36    21   110   160    91   106   164    84    20    72   175    88   145    99    58    17    48    31    94   113   148    65   158    33    85    39    90    76    55    51   124   152   124     3    44    49   147    97    81   120    24   153    45    48   114   177    97    44    41    68    86    99    14   165   130    56   149    90    85    22   135     4    72   151   113    16    50   179   172   118    57   172   115    10    55   142    81   161    60     7    34   117   168   100    12   123    40    73    37    41   157   153    78     8    78    64   134    89    54   127   119    66    77    63    66   137   146    81   120     8    25   119   129    27    81     8    26   141    48   146    19    80    52    70   175   171     1    29   178   114    89    96   109    80 
   44   132    73   165   152   101   156   170    73   155   177   107   146    31    56   146   122    99   146    62   100    53   140    67    50    36   172   177   138   101    42     2    30     7   105     5   170    81    28   122    95    53   130    92   113     8    35   117    15    56    12   102   135    30    79    68   120   175    28    11    56    15   140    92   130     9   165    89    33   162    31   174     7   156   142   116   106   162   180    24    96    40    79    19    51    28   153    30   121    68    88    20    39    35   128     8    39    63    95   118    55   158   126    62   167    49    51    22   152   132     2    86   116    98    30   168    77    22   160   119   126     9   102   154   124    15    75    65    55     5     3    90   110   171    98    75   125    24    79   149    11   108    13    93   170   179    14   113   164   142    23    54   105   138   165    83    22    48    40   173    60   138   155   154    32    64    55     4   156    76    82     6   173   176    64   109   139   122    30   152   131    94   163    50   120   129    46   101    77   121   171   106   133   178   109   155   141    98    38    52   118   153    64    20    54    90   118    63   179     6    32    13    49    56   168    33     4    42   170    26    98   165    60    64   125   158    78    98    56   105   151     8   158   160     7    17    74   125    56    40 
    2   142    98     6    27   179    27    71   158   137    36    27    99   158    60   135    38    58   165    95   128   175   127   146    84    71    60   122    54    31    89     6   148   130     4   104    23    25   177   125   103   180   150    56   175   108    41   114    96   172    42    98    57   116   123    41    95    36   124   163   133    52   118   113   109    89    83    21   155   174     5    31    46   112   104   172    51    81    93   115   115    55   155    37   108   165   139    36   178    35    21    87   128    88    89   171   113   143     2   150   161   104    77   138    56    94    92   173    69    36    61    14   109    27    82   108    63     8    17   145    41    91    11     1    70   115   140   176   171    93   114   133   109    27   109    84   101   113   174    75    22    16   150   163   116    85   156   176   149   100    23    64   171    78   124    94    52    34    39   161   140    53   152    69   166   129    78   143    16   135   163    37   152    60    14   168     4   168    71   117   146    69    94    99    36    21   101   108   138   142    62   126   150   169    19   120   170    89   150     2   157     6   153   121   140    52    49    43   160    29    20   124   148    10   129   134    92   107   174   155    35   135   161   114   119    86   176   118   117   143    39    77   142   164    35   141     3    43   149    87 
   76   134   148    78   129   176   107   163    43    28   136    99   127    40    22    33   155   134    12   168    16    83    64   108     3    95   155    46   102   128    50    33   176   167    47     1     1    70    99    18   130   117    21    45    16    36   141    87    76    13   100    49    48    80    88   180   169    43    89   180    48    75    77    73    97   151    81    23    87    46   142    73    67    87   108    52   158    81   150   173   105    94    20    36   140    88   147    96   156    68    40   154   178   128   123    18   151    59    79    88   133    23    39   118   103   127   179   159   138   157    35   163     1   179     9    36   140    82   112   163    96   137    67    44   163    33    10    32   136   140   177    78    50    41    84    67   153    78   111   105    84   157   111     9    80   150    36   149   175   118    63   107   116    10   103   141   132    55    92   138    72   156   127    44    61   169   173    42   177   120    66    29   139   104   125    30   101    61   146   171   140    59    66   124    37    86   148   142    97    33   126    63   113    20   107    92    58   159    66   131    51    87    51    43    49    11     8    79     3     5    40   111    59   116   131    94   132    30   108   121     4    79   165   174    37    45   150   170    35   139    64   105     3    83   175    71   148    60    52   155 
   25    73    20    55   112    88   178    31    13    46    12   165    96   169    74    64   161   126   133    31   100   163    50   113   162   115   152   140   128   175    63    86    81   107   134    68   155   133    80   101   171    36    59    78    68    68    41   103   127   151    99     1    39    56    91   161    44    95    71    32    31    14    19    67   164   176   175    48    80    88   140    77   154    94   175    55    88   159    33   172   148   145    58    95    82   138    80   174   106   136    80   111   136   119   107   172    69    74    28    13   147   156    87    42   169   126    51    42   123   176   178    45     4   152   122    23   120   113   133   111    93    43   123    95    33   138   174   131    50   171     5   101   116    11     6   127   128   117   113   172   169    43     6   149    16   134   174    30   133   129   175     1    58    28    32   139    91   132   162    97    93    11   115    66   145    90    43    26    82    15   119   178   132   164   135   153    84    83    22   103    46     4   117   104   104   121    85    34    68    49    80    80   162    82   119   122   107    19    63   145     9    63    95    79    41    97   157    40    74   112    10   166    87    62   139    82   174    75   127   132    25   143    10   149   131   172    19   132    13    76    54    68   103    48   165   138    21    63   132   174 
  153   169    26    30    92    20    11    71    61   151    33    88    52    55     4   114   156   122    57   160    76    72    58    86   129   155    84     2    21   130   109   169   149   119    39    59    89    30    44    22    21    15    48    34    21   153   173   134   164   176    89    39    46   175    68   104    30    36    20    95   130   112    99    42    77   116    41   116    68     5     6    55    44   122    75    27    40    82    30     1   139   174    27    50   155   101   156   174    71   117   164    26   168   169    73    72    64    88   110    81   178   125   167    82   108     4    70    59    47   127     6    20   114     2    37    37    43    67   130    13    22   179    19   115   158   131    82    51    89   104     9    95   157   145     3   153    49    88    17   103   122    71    17    83    79   140   164    70   170   152     1    27   100   149   111    97    85   170     7    21    34    22    86    84    29    66    56   171   126   159   104    42   113   115    88    13    60    62   170   136    82    37    43   165    10   117    47    15   120    89   100    61    17    70    49    21    71    27   107    56   157    73   125    20    23   142   103    11   159    82    82    66    29   173   155   110   154    52    86    90     2   152    58   168    80    64   147   132   143   104    77   135    35   114    55    97    81   120    53   133 
  153    91    91    17    53   175    67    99    75    60    46   163    11    61    93   167   134   104     6    52    25   103     8   114   117     3    50   106   134    65    47    84    73    18    91   126    72    74   134   166    31   137   151   156   156    69    93    49    81     4   126   127   131    54    97   166   134   120   120    16   169    98   134   138    20   111   112   165     7    42   158    55    39    30   152    77    43    89   177    80   127   135    64    29   156   144    46     5   116    31    44    59    87    62    73    40    98   171   159   163    96    83     6   134   152    96    26   122    68   176   104    38    58     4   163    43    93   159   180   180   123    97    12    41    57     4   179    99   143    74    38    22    53   159    63    60    73    93    58    25    36    41   133    55   136    93    67   124   162    65     1   178    11   146    57    46    38    10   126    62    86    84    57    73    16    81   128    22    70   175    54    43    68    56   160   103    62    40   125    52   158    13    16   107   118   160   109    46   172    70   163    41    57    21   177    48    94   110   167    80    91   124   136     2   170   117    69    71   142    22    84   180    72   155    55   145   140    28    31    44   100    42   161    89    40    45   150   116    12    10    87    49   146   155    62    76    92   122    50    35 
 0.00  0.25 
 0.25  0.00 
