10 12
2
      3604
      3205
  1.4  54.7  83.5   1.6
  3.1  16.2  48.3   2.5
  3.1  62.2  46.6   2.4
  1.8  48.6  90.8   2.1
  4.1  72.1  43.3   1.8
  4.4  36.7  48.0   2.0
  3.7  59.0  62.7   1.9
  4.3  53.7  65.7   2.0
  4.0  25.3  44.2   1.6
  2.9  47.2  35.1   2.3
  4.9  46.9  19.0   2.1
  4.3  66.8  36.4   2.1
  2.0  67.1  64.0   1.7
  2.5  27.4  35.5   1.9
  1.5  18.7  43.4   2.0
  2.7  70.7  29.7   1.8
  4.2  51.4  73.4   2.2
  2.5  28.8  94.5   2.2
  5.0  27.1  93.0   2.0
  1.4  21.6  91.9   2.1
  0.2   0.3   0.3   0.4   0.2   0.3   0.4   0.3   0.3   0.4   0.4   0.4   0.4   0.4   0.2   0.4   0.4   0.3   0.4   0.4 
   89    61   157   141   171    55    65    78    46   180     2   173    71    56   169   106   120    52    86   121 
   58    72   113   109    87   146    64    85    53    51   100   108   117    16   150    12     6   164    94    60 
   74    84    55   146   123   155    70   150     8   161    44   132   129    51   108    21    39   165    46   131 
   28   106    41   112   142   121    12    56   156   112   168   134   111   155    29    78   167    63   114   180 
   92    55   137   175   119    21    63   152   171    34    47    61   101   179     3    37   162    41    96    16 
  171    29    60   177   120   171   118    46    13    14   110    12    53   177    70    68    50    85    36    36 
   72   172    88    27    35   178   120   144    64    79    22    81   162    61   120    88   148    73     7    72 
   35    55   119   155   127    95   103   153   135   150   123    70    18   173   165    61     8   109   147   172 
   42    65    51     4   162     1   143   158   102    98    83    77    68    21    67    99   114    77    97   111 
    6   179   104     4     2   117    35    88    80   175   179    42   159    29    43   167   151    20   180    88 
   45    56    43   148   111   141    61    18    94   127    39   143   176    33     2   114    15   178    83    25 
  180   160    45   119    86   169    69    76    13   105    25    13   103    80    86    14    53   156    81    33 
 0.00  0.37 
 0.37  0.00 
