30 12
15
      9261
      9323
      9911
      9747
     10792
     10272
      8929
      9116
     10421
      9088
      9538
      9936
      9463
      9684
      8481
  3.8  65.7  78.2   2.5
  1.3  69.2  33.9   1.5
  1.4  56.1  62.9   2.1
  1.7  59.6  29.3   1.8
  1.6  51.0  29.0   1.9
  2.8  38.7  53.1   1.7
  3.8  58.9  77.2   1.6
  3.1  65.5  70.6   2.0
  2.9  35.6   5.7   2.4
  4.6  31.8  86.8   1.6
  4.2  43.4  11.8   1.7
  1.2  59.0  56.4   2.2
  3.0  41.8  33.4   2.5
  1.8  67.2  14.6   1.7
  3.0  56.4  74.8   2.2
  2.4  65.8  74.9   2.4
  3.7  50.6  72.1   1.8
  3.6  61.4  81.3   2.5
  2.5  64.1  84.8   2.0
  3.9  15.8  67.6   1.5
  1.6  52.6  34.7   1.7
  1.3  33.7   7.5   2.3
  3.0  72.7  26.2   2.2
  2.0  58.1  41.8   2.3
  2.2  57.8  42.2   1.9
  3.1  28.0  20.7   1.8
  3.7  34.3  55.0   1.9
  4.0  26.6  45.8   2.4
  1.5  54.3  93.5   2.3
  4.1  34.3  49.6   1.9
  3.1  66.5  25.2   1.6
  1.7  48.9  85.9   2.0
  2.8  32.8  15.6   2.0
  1.6  46.0  93.0   2.4
  2.9  22.2  16.5   2.3
  4.2  75.0  62.9   2.3
  1.3  34.6  73.1   1.7
  2.0  55.6  54.9   1.8
  1.7  49.1  16.5   2.0
  3.8  66.5  69.7   1.5
  4.2  27.8  43.4   1.7
  1.3  42.4  16.9   2.1
  4.7  65.4  27.2   2.3
  2.5  31.3  66.9   2.2
  3.4  69.0  79.7   2.2
  1.3  37.6  34.8   2.5
  4.3  45.6  68.9   2.1
  1.8  31.5  94.3   1.9
  1.3  68.2  68.8   1.9
  4.2  17.0  52.0   2.1
  4.7  23.1  91.5   2.2
  2.8  50.2  50.6   2.5
  4.7  22.5  47.4   2.5
  4.9  33.2  18.0   1.9
  4.1  55.4  90.9   2.2
  2.8  29.5  56.8   2.2
  1.8  60.5  71.0   2.0
  2.6  56.2  44.3   2.4
  1.8  26.2   6.0   2.4
  2.1  35.2  92.9   1.7
  3.9  61.0  49.5   2.5
  2.5  21.3  92.4   2.5
  2.4  50.8  11.0   1.5
  4.5  20.5  11.3   1.6
  2.2  58.8  14.7   2.2
  3.4  74.1  94.2   2.4
  3.3  72.1  32.7   1.9
  2.0  34.2  27.4   2.0
  3.8  52.4  54.0   2.3
  1.6  47.2  82.1   2.0
  2.5  37.4  55.0   1.8
  2.1  29.1  91.7   1.5
  4.3  55.9  46.7   1.9
  3.3  63.7  49.4   2.0
  2.4  25.2  73.5   2.4
  1.5  67.4  69.7   1.8
  4.9  56.3  73.7   1.8
  2.8  60.6  38.1   2.2
  1.5  64.7  61.3   1.7
  2.9  31.7   9.6   2.1
  1.8  28.7  22.5   1.7
  4.7  67.9  11.1   2.1
  3.5  36.7  42.1   2.4
  1.8  37.7  72.8   2.2
  2.9  66.8  47.3   1.8
  3.5  49.3  51.2   2.4
  3.8  63.3  61.1   2.4
  4.7  20.7  77.1   1.8
  4.1  44.4  35.1   1.9
  2.9  28.7  84.3   1.8
  4.5  53.5  80.6   2.4
  4.1  48.6  17.1   1.7
  2.8  45.8  54.5   1.8
  2.1  39.8  74.4   2.2
  3.0  20.8  28.0   2.4
  2.9  51.5  63.1   2.0
  1.3  48.9  34.2   1.8
  3.9  27.4  27.2   2.4
  3.4  53.6  16.5   1.8
  2.5  69.0  90.4   2.2
  4.8  58.8   7.2   2.3
  4.0  30.4  83.4   2.1
  2.1  18.0  93.9   2.3
  3.9  64.0  80.0   2.1
  3.9  18.3  74.1   2.2
  1.1  59.6  55.5   1.8
  2.6  50.0   6.5   1.9
  3.3  21.7  19.6   2.3
  2.8  24.1  87.6   2.0
  4.8  21.8  90.2   1.7
  1.8  26.3  26.6   1.6
  2.3  41.1  41.0   1.6
  1.8  37.4  73.8   2.1
  2.1  23.5  54.0   2.4
  4.0  28.0  85.4   1.5
  2.9  36.5  42.9   2.1
  2.8  48.5  86.6   2.1
  4.3  31.5  91.0   1.8
  4.6  40.9  12.5   1.9
  1.9  35.7  30.9   1.6
  3.0  54.8  36.4   1.7
  3.6  37.8  59.8   2.4
  4.0  68.4  21.5   1.5
  3.4  69.8  25.4   1.7
  3.8  48.6  57.5   2.3
  2.1  29.1   5.2   1.6
  2.3  41.8  80.9   2.5
  2.3  74.9  72.4   1.7
  1.7  61.3  92.3   2.1
  4.3  42.0  16.5   1.8
  3.5  57.7  81.6   2.4
  4.8  48.3  10.0   1.6
  2.2  62.1  26.2   1.9
  1.6  23.0  47.9   2.0
  4.5  48.0  36.7   2.2
  2.0  47.3  79.7   2.3
  3.4  55.6  41.3   2.0
  3.2  55.7  89.1   1.9
  3.0  35.0  53.7   2.3
  4.8  36.3  42.7   2.1
  3.6  70.0  15.4   2.1
  2.9  53.7  81.9   2.5
  3.8  61.1  91.3   2.0
  4.0  28.6  73.9   1.6
  4.5  15.4  71.2   1.6
  3.0  49.0  11.9   1.9
  1.2  42.1  41.1   1.9
  4.9  53.2  49.4   2.0
  5.0  21.8  66.6   1.8
  4.7  28.9  70.0   2.1
  2.3  49.1  37.9   2.0
  2.7  27.2  53.0   2.2
  4.0  28.3   9.8   2.2
  1.7  28.1  29.7   2.0
  3.1  55.8  84.9   2.2
  3.4  31.5  94.4   2.0
  1.4  62.2  12.0   2.0
  3.2  20.2  93.1   2.3
  3.5  67.1  78.8   2.3
  3.9  29.3  61.6   2.3
  3.8  38.4  88.2   1.6
  1.4  60.4  30.3   1.5
  1.1  25.9  63.8   2.2
  4.0  38.5  92.4   1.6
  2.6  56.9  38.2   1.9
  4.8  25.9  71.5   2.3
  3.9  57.1  40.8   2.2
  2.8  43.0  51.9   1.7
  4.7  44.2  46.9   1.7
  4.3  68.3  56.5   2.4
  2.9  46.7  52.7   1.8
  4.6  62.0  20.8   1.9
  3.2  16.1  47.0   2.4
  4.6  33.6  63.4   2.3
  2.4  67.8  56.7   1.7
  3.8  20.7  54.3   2.3
  3.7  57.8  60.0   2.0
  2.3  60.1  51.6   1.7
  1.5  65.6  92.0   1.8
  4.2  39.2  19.7   2.5
  1.3  31.9  54.4   2.0
  2.7  67.1  84.8   2.1
  3.3  19.2  37.6   1.8
  3.0  38.9   5.4   2.2
  1.1  51.1  56.1   2.1
  3.3  24.3   7.7   2.3
  1.9  25.9  68.5   2.3
  3.3  27.2  28.3   1.9
  1.2  47.7  80.5   1.9
  1.4  61.6  84.0   2.4
  2.2  41.7  42.7   1.6
  1.4  60.8  48.7   2.0
  2.2  32.3  30.8   2.4
  4.5  32.0  41.5   2.2
  4.6  25.1  71.9   2.4
  2.8  17.4  72.1   2.3
  2.8  39.7  34.1   2.0
  3.3  43.6  39.3   1.8
  4.3  38.6  85.6   2.0
  1.6  67.9  47.8   2.0
  2.7  64.7  53.6   1.6
  3.3  47.8  54.6   2.4
  2.7  34.6  44.7   2.5
  2.2  21.7  65.0   1.9
  4.0  51.5  52.7   2.1
  2.3  68.2  50.6   1.7
  4.5  36.8  52.3   1.6
  2.3  53.9  27.4   2.0
  4.8  49.9   6.1   1.8
  1.9  68.8  31.4   1.7
  2.3  58.0  33.9   1.7
  3.4  42.7  61.6   1.9
  1.8  56.4  34.2   1.6
  3.1  74.4  64.3   1.8
  1.0  39.0   7.0   1.7
  3.4  66.3  57.8   1.8
  1.4  64.8  70.8   1.9
  3.7  26.5  39.7   1.6
  2.0  63.8  36.7   1.7
  2.4  68.1  67.6   1.9
  2.1  63.1  75.8   1.5
  1.9  30.4  49.6   2.5
  3.1  40.1  30.3   1.7
  2.9  64.3  88.2   2.0
  2.4  41.1  41.5   1.6
  3.4  61.9  25.8   2.4
  3.0  31.2  40.0   1.6
  2.2  40.4   9.1   2.2
  4.7  42.0  84.5   2.1
  1.2  18.6  71.5   2.1
  4.0  44.9  90.6   2.1
  3.4  24.8  11.4   1.9
  2.4  58.6  14.4   1.6
  1.0  72.2  83.8   1.9
  2.3  63.3  80.0   1.9
  4.9  73.5  55.9   1.9
  3.1  34.8  83.7   1.8
  3.8  34.0  59.4   2.1
  4.4  28.7   5.7   1.9
  3.0  57.9  28.0   2.2
  2.8  35.2  80.4   2.0
  3.1  43.4  10.2   1.6
  1.6  58.8  43.3   1.9
  3.8  27.8  81.4   2.0
  2.6  51.4  86.9   2.4
  4.2  46.0  91.9   2.0
  4.1  45.6  75.1   1.9
  2.8  59.9  19.4   2.5
  2.2  30.5  60.3   2.0
  1.3  23.7  39.3   1.5
  3.7  59.9  64.8   2.3
  4.2  62.8  49.6   1.9
  2.1  52.0  91.1   1.8
  2.3  63.3  23.6   2.5
  3.6  25.7  60.1   2.2
  3.3  31.5  91.9   2.0
  3.8  45.6  38.1   2.0
  4.2  43.3  78.7   2.1
  1.2  69.0  16.0   1.7
  3.4  73.6  55.8   1.6
  3.4  19.9  74.6   1.7
  3.9  34.2  82.1   2.2
  4.2  48.9  91.9   1.6
  3.9  50.5  45.5   1.9
  1.5  44.9  86.5   1.7
  4.9  55.2  89.5   1.7
  4.6  36.3  18.7   2.2
  1.1  68.4  44.3   2.2
  4.5  28.5  45.0   1.5
  4.5  47.0  46.3   1.7
  1.6  57.4  62.9   1.9
  3.1  34.2  72.5   1.7
  2.2  73.4  83.6   1.6
  3.7  37.3  21.0   2.5
  3.8  45.8  26.0   1.6
  1.1  24.4  24.5   1.7
  2.6  32.6  14.7   2.4
  2.9  21.3  74.9   2.3
  4.1  19.0  24.7   2.4
  4.4  40.7  92.0   1.7
  4.0  43.5  82.3   2.0
  2.2  32.6  38.6   1.6
  3.7  17.8  49.5   1.8
  3.8  31.6  49.7   1.7
  2.8  32.8  79.4   1.6
  1.2  46.6  28.4   2.0
  2.6  68.8  15.6   2.2
  4.4  50.6  65.0   1.7
  1.7  63.0  19.8   2.5
  3.5  18.1  46.3   2.1
  1.1  18.5  66.0   2.4
  1.3  40.7  19.8   2.1
  4.2  52.3  38.9   2.2
  1.6  20.5  13.4   1.6
  1.2  50.2  11.5   2.0
  2.1  46.3  25.5   2.0
  4.8  26.4  70.2   1.7
  4.8  43.4  38.2   2.4
  3.4  16.3  83.1   1.9
  1.6  39.3  69.9   1.5
  1.1  15.1  14.4   1.8
  4.0  37.5  21.7   2.2
  3.7  24.8  72.9   2.3
  1.8  53.3  23.9   2.4
  3.1  61.5  12.1   1.5
  3.3  60.2  72.4   1.6
  3.3  32.7  17.9   1.5
  1.3  38.4  83.7   2.5
  1.6  46.8  18.6   1.5
  1.7  66.0  52.1   1.5
  4.4  68.8  52.5   1.6
  2.7  18.6  28.0   1.6
  4.4  29.6  41.6   1.8
  3.2  55.7  49.0   2.0
  2.1  45.2  51.6   2.4
  3.9  55.4  56.0   2.2
  2.2  33.8  21.3   2.0
  3.3  22.9  71.2   2.5
  3.9  41.6  69.7   2.2
  3.8  50.1  59.8   1.9
  3.9  37.3  51.0   2.0
  4.1  40.2  62.6   2.1
  1.1  19.2  64.8   1.5
  1.8  69.5   9.2   2.3
  3.9  47.6  53.8   2.2
  3.9  66.8  56.8   1.9
  5.0  42.1  39.1   2.5
  1.1  42.4  30.8   2.0
  3.3  31.7  38.2   2.5
  2.9  62.2  88.9   2.0
  4.7  39.3  33.4   1.9
  3.2  40.0  84.4   2.4
  2.4  47.8  72.9   2.4
  3.7  53.1  45.9   1.8
  2.4  37.4  53.9   1.7
  2.7  20.1  15.0   2.3
  2.4  24.2  72.7   1.5
  1.7  20.5  93.0   2.0
  3.8  30.8  11.7   2.5
  3.4  35.0  84.1   2.1
  4.7  72.9  88.5   2.0
  3.6  29.1  64.0   1.8
  3.4  26.0  24.0   2.0
  3.6  63.6  78.2   1.6
  4.2  20.0  32.3   1.7
  2.3  34.4  49.6   1.8
  3.7  69.9  30.0   2.2
  1.2  68.6  34.2   2.4
  4.8  52.6  82.1   2.4
  4.7  46.5  83.1   2.0
  2.9  30.0  34.8   2.0
  1.6  40.1  34.9   2.1
  3.1  60.4  46.9   2.4
  1.7  31.2  66.3   1.5
  4.1  41.5  35.9   1.5
  2.5  37.3  80.0   2.0
  3.8  34.7  44.4   1.8
  1.0  72.0  13.2   2.4
  4.7  32.0  78.1   2.3
  3.3  24.9   7.4   1.5
  4.5  54.5  64.2   2.2
  3.7  59.5  89.1   2.1
  1.9  56.2  23.8   1.8
  4.7  29.7  48.6   2.2
  4.3  60.4   5.7   2.4
  1.2  22.7  13.1   2.1
  3.3  58.3  15.4   2.1
  1.2  23.5  49.4   2.1
  3.6  66.5  81.2   2.0
  3.3  30.7  85.1   1.7
  1.5  22.1  62.3   1.6
  4.7  66.4  44.6   2.3
  2.9  42.3  21.4   2.4
  1.0  33.9  65.5   2.1
  3.9  34.2   5.1   2.2
  2.6  47.0  29.1   2.3
  3.3  66.6  69.6   2.4
  1.5  71.4  11.6   2.0
  2.7  28.4  40.2   1.8
  2.1  32.5  88.0   2.0
  3.8  60.9  62.3   2.4
  1.8  25.2  40.5   1.6
  3.3  25.0  49.1   1.9
  3.2  67.0  93.3   2.0
  3.7  46.0  74.3   1.8
  2.4  15.3  65.5   2.4
  1.6  70.3  56.1   2.0
  4.1  47.8  62.7   2.0
  3.4  18.0  49.9   1.8
  3.6  45.8  33.6   1.5
  2.4  35.4  83.8   2.1
  2.1  62.9  83.3   2.4
  2.6  38.0  58.2   2.2
  4.6  36.0  42.4   2.4
  4.2  66.1  21.9   2.4
  1.1  44.6  91.4   1.7
  3.4  40.6  63.2   1.6
  2.4  48.4  37.5   1.6
  3.3  46.8  55.6   1.7
  3.3  18.3  14.2   2.0
  3.7  22.9  41.4   1.6
  4.6  51.0  12.5   2.0
  2.8  33.6  18.2   2.4
  3.6  19.1  34.5   2.5
  2.6  51.3  18.5   1.8
  2.0  22.9  77.8   1.7
  4.5  57.0  63.7   1.7
  3.2  26.4  75.2   2.3
  1.3  65.0  93.3   1.8
  2.0  18.4  38.2   2.3
  1.3  43.5  53.8   2.1
  4.1  64.0  53.0   2.4
  3.4  71.5  32.6   1.9
  3.2  57.0  26.8   1.8
  2.2  66.6  39.5   2.3
  2.2  19.8  58.7   1.6
  4.1  18.8  10.7   1.7
  4.0  57.2  59.7   2.0
  3.5  26.1  76.1   2.3
  2.7  31.4  15.5   2.5
  2.1  43.2  63.7   1.8
  2.3  25.2  23.1   2.5
  1.8  39.5  27.3   1.9
  1.6  67.1   9.2   1.6
  1.8  50.3  40.9   1.9
  4.7  64.3  27.0   1.9
  2.8  74.2  61.1   1.6
  1.9  15.3  26.1   2.4
  4.9  43.4  54.6   2.2
  2.6  69.5  64.6   1.9
  2.9  68.3  12.2   2.0
  1.6  51.3  78.9   2.0
  1.6  43.5  11.2   2.2
  3.4  58.3  88.0   1.8
  2.8  67.2  44.1   1.8
  1.6  71.8  34.9   2.4
  3.3  67.8  86.8   2.2
  2.5  56.5  32.5   2.1
  1.5  27.1   6.1   1.9
  2.7  23.5  64.0   2.1
  2.3  53.0  83.4   2.2
  1.6  69.9  27.3   2.3
  4.7  30.5  52.0   1.7
  1.4  36.9  26.8   1.9
  4.7  24.2  19.1   2.0
  2.7  64.9  82.9   2.5
  2.3  53.8  64.3   1.7
  1.0  55.6  61.5   1.7
  4.9  32.2  59.9   1.9
  1.4  33.6  68.1   2.1
  0.2   0.4   0.4   0.4   0.3   0.3   0.3   0.3   0.3   0.4   0.2   0.4   0.3   0.3   0.3   0.4   0.2   0.2   0.3   0.2   0.3   0.2   0.4   0.4   0.3   0.3   0.3   0.2   0.3   0.3   0.4   0.2   0.4   0.3   0.3   0.3   0.4   0.4   0.3   0.3   0.3   0.3   0.3   0.3   0.3   0.4   0.3   0.4   0.4   0.3   0.3   0.3   0.3   0.4   0.2   0.2   0.3   0.3   0.4   0.3   0.3   0.2   0.4   0.2   0.3   0.2   0.4   0.3   0.3   0.3   0.2   0.4   0.4   0.3   0.3   0.3   0.4   0.4   0.2   0.3   0.3   0.3   0.4   0.3   0.3   0.2   0.3   0.3   0.2   0.2   0.3   0.3   0.4   0.4   0.3   0.2   0.4   0.3   0.2   0.2   0.3   0.3   0.4   0.3   0.4   0.3   0.4   0.3   0.3   0.4   0.4   0.3   0.3   0.4   0.4   0.3   0.4   0.4   0.2   0.3   0.3   0.3   0.4   0.4   0.3   0.3   0.3   0.3   0.3   0.3   0.3   0.3   0.2   0.3   0.4   0.4   0.2   0.3   0.4   0.2   0.2   0.3   0.2   0.2   0.2   0.3   0.4   0.2   0.3   0.2   0.3   0.4   0.3   0.2   0.4   0.2   0.3   0.4   0.3   0.3   0.2   0.4   0.3   0.3   0.3   0.4   0.2   0.3   0.3   0.4   0.2   0.4   0.2   0.3   0.2   0.3   0.3   0.4   0.2   0.3   0.4   0.3   0.3   0.4   0.3   0.2   0.3   0.4   0.4   0.3   0.2   0.3   0.3   0.3   0.3   0.2   0.4   0.3   0.4   0.3   0.3   0.4   0.2   0.2   0.3   0.2   0.3   0.3   0.3   0.2   0.3   0.3   0.2   0.2   0.2   0.2   0.3   0.3   0.3   0.3   0.3   0.3   0.2   0.2   0.4   0.2   0.3   0.3   0.3   0.2   0.3   0.3   0.4   0.3   0.3   0.3   0.2   0.4   0.2   0.2   0.3   0.4   0.4   0.4   0.2   0.4   0.3   0.4   0.2   0.4   0.3   0.3   0.3   0.3   0.3   0.2   0.4   0.4   0.2   0.2   0.4   0.4   0.3   0.2   0.3   0.3   0.4   0.3   0.2   0.4   0.3   0.4   0.3   0.3   0.3   0.3   0.2   0.3   0.3   0.4   0.3   0.3   0.2   0.3   0.3   0.3   0.3   0.2   0.4   0.4   0.3   0.2   0.4   0.3   0.2   0.3   0.3   0.4   0.3   0.4   0.3   0.3   0.2   0.3   0.2   0.3   0.2   0.3   0.3   0.4   0.4   0.4   0.4   0.3   0.4   0.3   0.4   0.4   0.4   0.2   0.2   0.2   0.3   0.2   0.3   0.3   0.3   0.3   0.2   0.4   0.3   0.2   0.3   0.4   0.4   0.3   0.4   0.3   0.3   0.3   0.3   0.2   0.4   0.4   0.3   0.3   0.4   0.4   0.3   0.2   0.2   0.3   0.4   0.3   0.3   0.3   0.3   0.2   0.3   0.3   0.4   0.2   0.4   0.3   0.4   0.4   0.3   0.3   0.2   0.3   0.2   0.4   0.2   0.3   0.2   0.3   0.4   0.2   0.2   0.3   0.2   0.2   0.3   0.2   0.3   0.2   0.3   0.3   0.2   0.3   0.4   0.3   0.3   0.3   0.3   0.4   0.3   0.3   0.3   0.3   0.3   0.3   0.3   0.4   0.3   0.2   0.3   0.3   0.3   0.3   0.3   0.2   0.2   0.2   0.4   0.4   0.4   0.3   0.3   0.3   0.3   0.4   0.2   0.4   0.2   0.4   0.3   0.2   0.4   0.2   0.2   0.4   0.4   0.2   0.3   0.2   0.3   0.3   0.3   0.3   0.3   0.3   0.4   0.4   0.4   0.4   0.3   0.2   0.2   0.3 
   50   173   151   129    90   128   151    61    66    17    55    55     4   173   139   157   131    92    62   175   103   158   122    71   174    12    69    51    26    37   109     2    97    75   147   129   123   171     3    96   115   111   119   165    64    57   100    62    96   129   112   164    32    70   149    33    89    21   108   108    45    23   172    46    16    67    86    92   144   146   174   143   117    40   104    32   125   166    45    14    98    65    58   130    76   173    16   102    39   139    82   159   116    77   150   127    61    49    97   172   144    43    76   163    50   138   176    72    45    54     1    45   140   136    87    77    82   105    21   157   119   124   102    79    70   170   126    32    45   149    57    79   132   119   117   129    17    16    27    64   179   139   134    48    52    87    19   128   112    25   150     6   107   143     7    24   126    36   109   169   177    31   141    79    91   114    39    91    13    42    38   133   127    28    72   126    30   151    67    91   143    86   152   141   156     2   169   110   173    79    53   133   165    45     2    92    27   179    75   147    72    89   109    71    44   106   101    57   142   106    33    58   138    78   128    83    76    37   148   136    23   146    95    89   169    66    36   116   154    81   164   100    18   171    46    69    91    98    69   166   125   151    57    33    87    36    59    91   164    73   104    30    24   180    33    32   116    92   104    47   155    44   149    64    34   157    75    40    39   121     8   166    85    42    33    34    79    48    22   109   114   175    32   132    59    42    14     5   152   161   118   126    99   128   169   163   132    27   159    38    91   171    13   153    17   179    99   117    51    10   175   131   179     9    31    11    20    36   125    16    94    39    80   155    74    78    22    25    22    21   144   100   173    60    32     1   162   110    68    77    46    99   128   177    69   156   121   175    91   161    39   102   168    90   128    19    33   176    72    51   118    74   162   178   102   168     8   156    88   107    51     9    36   176   140    84    14    69    59   129    44    81    88   180   121   134   140   169   102   170    43    90    10    48   169    31    62   167   141    90    68    99   163    63   161   172    18     6    90    69   132    38   164    62    81    49    21    55    91    13    23    17    10    78    48   112   158   103     5    53   179     6   131   174   169   108   130   144    96   179    76   114    24    54    72    10   164    69   179    62 
  163   157    84    14    58    92    71     6    22   124   167   139   101    63   116    52   176   105    78   139    37   147   109   143    93   122   128   150    66   129   142    21    64    46   151   174   173   114    63    25     5    97     9   123   118     5    70    28   113    76   107   158   134   119    25   134    83    95   179   125    19   109   116    83   150    51    25    46    50   114   147   139   176    63    59   129   120   162    84   110    42    54    62   138    29    41    51    85   159   126   172   144    21   155    39    55   118    73   129    44    76   110    17    85   124   140    39     2    25   162   129   103    44     7     8   149   122    90    75   134   128    34     5     6   178     4   133   110    12   156   155   133   121   175    19   159    20    92   149    65   124    99    27   139    14   163   125   124    94    33    32    91   143    44   168   135   136   100   137   134   180   173   157    26    51    92    61    29    80    56   101    43    61    76    76    63   160   165     3   102    35   101   154     9    88   136   135    12    28   146   159    18   121     6    68    48    97   133    82   175    76   145    37    84    17    40   140    80    67   118    79   137    37    41   138    56   119    36   174    84    41   122    90    91    94    62    77   134   100   100    28    28    97    33    96    52   125     8    94    56   135   107    49   152   155    72    48   123    22    97    70   101    75   155    68    74   111   153   118    86   129    21    34    13    43   153   119    87    49    79    78   126   148   111    62    53    19    15    26   154   152   166    11    24    12    17    33    47   142   153   174   151   180   164   174     1   143    40    34   101   114    77    42    99    96   154    51   137   119    24    13   105    22   156   117   172    99   157    81   129   133     2    26    68   116   140   173   153    46   160   173    27   173    87   106   112    73   108    82    65   110    65   137    13   135   160    30   167     3   140   179   175    12   112    85   131   169    37    53   107    84    40    91   138    14    42   132   168   106    65   179   100    71   134    14   165    70    53     7    83    58    43   166    67   108    89    48    96   124   154    43    58    13    38    82   156   112    63    42   129   122   149    99   162    48   130   143   112   137    99    13   122   151   148    68   105   140     4   155   109   100   141   156    53    66   119    64   121     8   147   156    66   168    11    75   154    10    91   130   100    20   119    30   176   145    87    22   159    59    52 
   81    96   119   173    37    84   111   173   153    81    12    44   124   164   153    45    46   167   136     3   163   103    60   146     8   127   156   160    22   144    59   168   161   180   126    87   147   107    64   175    19   175   122     2    65   156   180    73   172   122   122    10    27    91    10    16   174   103    72    28    75   117    88   175    67   177   157   151    96    54    24    52   105    75    68   108     2   129    76    39    96    83    80   137    33   139   138    92   154    44   134   171   176   145   123   120     3    87   118   127   165    40    12    25    13    37    39   149    95    98    91   134    45   157    49    83   105   126    12     6   108    26   133   162   164    52    26   162   102   178    55    51   171   115     6    34    53    60   171   166    93   121   170    84   166    26   119   108   108    95    47   154    29   163    93   117    11   147   169    15    66    34    46   129    73   106    41    15    54   117   164   171    84     8   106    94   173   153   139    54   170   124   146    28    30    71   123   102   100     4   165   144   168    16    29   127   114     7   141   133   176    64   124   113   136    83     5    44   105   162   119   125    24    24    11   167    81    43    65   140    65    41   120    25   108   121    91     6   158    38   112   100    56   167   144   172   152   106   145   125    40   118   173    21    81    64   105    20    45   175   174   148   166   113   150    34    19    87    57    56    47    36   158    57   175    78   122   125    65   153    55    97   165    16    17   116   165   106    34    85    74   128   147   124   154   156    77   117   114   143    95    70   124    94    12    56   119   175    42   180   121   106    33    83   142    97   144   178   134   154    10    12   112     9     1    33    13   149   129   122   163    39   102     9    59    75     8   110    26   160    25   103   147   100   141    93    57   102   129   161    31   135     8   154   160    31   116    16    87   139    96   148    18   132    78    41    25   174   169   157   144    16    35   131    86    89    84    14   180   140    95    81   126   154    31    16    20    19   107    16   136   159   123   131   163    87   105    31   177    52    23    83    35    57   178   139     4    66    24   135     5    11   147   109   157   111    75   121    53    69    14   170    18   162   171   111   138   147     3     3    72   145     9   112   148   141    28   111   153    21   115    45    36   170   120    87    80   114    52   116    91   166     3   123   122    60     3   171   173    49 
   99    19   176   108   172     3    67   149    89    36   171    70   162   164    90    64   163   156    14   173   153    70   113    52    78   150   180   106    10   117    35   158   171     2    47    29    95    90    80    60    92   171    71   161   137    92   114    59    92    22    98    89    12   101    94   154    66    59    10    99   137    84    58    94    75   148    69     2   151    97    80   147   116    65    90    99   161   123   171   176    17   155   119    67    36   162     8   157   133    34   100    81    87    52    97   170   159    85    30   178     7   155     8   161    33   102    29     2   109    24    57   115   112    61     1   119    11   158    31    36    39    34    68    95   111   167   153    44   176   138   173   170   122    78   106   111    51   138   147    32   103    50   138    77    95   159   169   106    64     4    71    62    77     9    98   142   166     1   179    23    61    16    37    29    93   122    15   174    76   167   139     1    42    16   140   114     1    12    37   138    68   108    95   165    47    93    92   153   138    45    67   154   158   150    30   172    19   127   169   136    73   150   145    54    24    40    71    80    74   117   105    53     3   152    66     5   166    88     9    31   167    47   174   179    45   123   178    44   156    17   111     6    73   153   101    41   110    48    99    33    72   128    63   178    73    38    72     7    19    32    62   100    80   104   131    97    62   175    14   128   177    73    26    11   125   123    31   152   151    67    20    92   175   179   140    35    54   118    21     3   141   100   180   109    95   141    42    31   161    59     1   119   121     2   132   160   150   123   126    87   134   109    40    23    85   141   124    52   101   119   127    36    58   141   113     9   138     6     8   169    56    25    90   166   164   149   157    58     3    59    14    78   125    46     6    46    45    73   140    20    15    42    22   130    97    72    32     8   113   123   155    53    56   156   102   104   109    78     3   104    40   119   117    59   115    54    59   158    80    93   157     8   166   146    79   163   166    12   134    87    23   100    82   175   143   108     3    38   123    38    12   176    49   173    42    58    76   128   142    30   169    62   178   136   108    34   113    91   123   134   108    88   158    82   103    21    17   149    45    26    28   131    94    95   100   121   137    25    63    30   138    46   100   160    38    32   141   141   105   170    45     9    14   137   152    53    40   162   170   150 
  163    13   102   140   154    48    67    85    36    63    60   108    88    46   103    86     8   139    44   141   134     8    17   157    14   136   135    82   110    66   111   116   123    34   117    97   167    47     3    28    82    30    65    42    97    88    35    36    59   100   153    83   130    16   122    12    33    85    68    47   118    66    59    26    96    98   170   163    60    42    42   160   147   170    97   156    91   149    32    28    51    22    71   169   112    55    81    61    90   108   110    88    98   103   120    25    98   135    60    49    56    55   108   156   108    12   104    98    56   133     7   167   119    63   174    65   105    81   113     7    13    55   101    63   158   116   153   141   145   146   165    87    94   173    35    44   113    93    35    75   117     4    65    69    46    80   123   100    82   104   166   170     4   110    64    34    61   135    66   104    41   114   149    91    38   122    42    27    12    43    24    61    12    50   136    86    21   163     4    19    71   111   176    13   149     9    33   179   118   161    27    81    93   155     8   117   164    89    12   113    26    50     9   173    60    67     7    50   172    34   159   179    57   131    28   131   105   141   176    17   162    50     3    64   127   165   123   152     1   163   102    66   145    16     8    11   176    12   142   108    15    76    92    47   136    99    94    68    50   172   135    87   133    88   141    32   155   153    86   116    43   118    80    99   151    94     7    56    36   130   173    33    87   168   115   142    71   151    75   171    27   125    13   143   130    71   175   165    75    66    84   177   145    95    23    40    43    68    92   137    52    31   132   147     3    88    56    18   166    97   151    17   101   100    36   124    35    76    46    40    65   178    73   104   127    60   103    36   175    24   118   165   166   140   160   112   155     1     8   107   147    17   152    46    50    80   175    99   131    85   144    79    26   178     4   114   171    45   147    77   167   128    32    51   111    82   111    84   168    46    92   131   161    48    23   146    71   162   120   132    65   172    25   154    49   127   132   178    31   164   140   120   131    10    31   123    50   137   172   125   166    35    90    43   112   162    76   158    21   100   159    78   113   119    16   123    32   177   102   112     1   137    31   108   169   175    69    80   149    99   128    51   157   143    38    42    34   102    56    71   146   110    28    94    15   145    59   154    28    32 
  120    45   145    76   170    35   112   112    26    85   171   162    19   175   102    23   164    33   129   175    30    35    23    58    43   151     8    23   174    57   142   163    11   104     3    82     2    36    90    29    16   123   127   140    54    24   156   117    20    25   131   174    22   172     9    40     3   126    95    46    79   162   148    76    57    15   124    43    64    58    63   108     9    49    73   140    17   168     8   161    63   130   134   113    32   148   120    48   155    83   149    31   129   152   174   138    63    75   173   180    94    45   108   145    13    44   160   152   179    89   180   147    14    75    62   103   135    88    89    71   150   156   126   159   180    59   167   108    73    74   124   129   176   170    69    36   123   132   104   152    98   148    17    24    44    48    96     1    78    19    98   123    82    62    13   170    31     3   133   134   129   159    10    47    54   165    23   175   154    86   179   159   180    11   147    31   155    18   158    48    60   127   159    33    72    82    67    82   126   100   135     6   103     8   127    70    97    68   166   174   104   136    74   171   122    33    24    87    61   111    58    51   141    87   119    95   107     1    89    51    32     4   165   111    58   147    30    95   117    95   104   155   157    10   128    38    62    22    55    71   117    75   153    51    33   172   125   126   151   142    67   143    55    57   109    81   175   167    93     8     2     8   125    60    16   180   108    61    94    10    25   175    64    81   114    97    41   147    41   164    84    61    41    61    65    51     6    43    87   114   173    88   117   121   142   128    65    57   112    39   101    27    99    27   140   161    89    86   156    20   174    62    16   104    23   136     8    39    14   123    39   123   166    97     8    26   127    53     2    75    57    16   159   151     6    41    56    79    68    89    48    72   153    32    10    16    65   172    51   169   132    82    20   177   164   131   107   135   114   156    13    70    84    77   180     8   155    15    44    21   108    80   152     3   123    44   165    44   141    34    43   179   108    63    33   177    90    77   140   105   136    95    72   156    92    43    82   178   109     9   114   143    89    22    22   142   155    70    45    15   105    76   165   162   141   143    59    59    77    31    57    62    27   174   164    45    22    16   111    43    13   108    84   118   168   166   110    43   140   166   167   178   124    67   163   175    61    35    64   172 
  150    36   170    70   127   144    21   154    22    44     9    33     2   154     3    90    33   178    15   109   137    22    16   147    85   180    18   167    45   133   179   126   147   101    44   113    92   138    28    19   120   103    32   102    79   156   180    24    75   147    80     2    77    57    94   140    91   167   147   180   146   120    97   175   132   179   105   161    44    51   172   121    48   176    35    87   125    18   114    24    74    61    62   142   155   166   165   168    40   155    59   179   135   147   150    51   129    67    36   146    80   157   145    41   176    37   142    44   146    18    90    67    74   145    90   173    93    75   166     8   135   145    20   140   140    50    74    97    87    20   115    12   133    92   166   157   172    88   100    71    98   137   133    37   157   151    76   139   142    61   110    64    13   113    65    45    56    61    84   101   127    56   155   103   151   119   137    52   103    69   174   112    21   110    29   129    40    93   160    99   108   178   169   176   160     1     2    70   118     5    31   103    69    24   151    57     2    85   101    77    58   171   135   151   104    81   103   117     5    25   160    39    22    83    82    23   117    67   134     5    25   101    39    91    71    16   166    60    33   174    66   127    12    95   135    37   148    88    84   109    80    60   179    36    17   152    68    65   100   133    21    73   167    96     3   103     1   169     7    73    44    40    50    51   131   124    83   132   170    52    98    42    14   115    54    56   114   116    47    45   100    46   168   104    58   123    35    59   128    28    65    37    29   150   148    63   148    51    14   149    31   149    45   152    44    16   171    93    39   139     2    68    15    75   173   122    10     3   160    39    55    51    95   145    84   169    47   180   112   129   119   170   177    52    91    92    52    50   109   174    91   110   139    70    52   164    76    65   178    30   124   115    25   165    20    31     5   111   127   125   133    82    12   154   145   109   100   126   138   139   145   118   121    43    47   146   165   107    14   114    71    54   151   121   155    26    17   137    34     2    16    66   141    28    58   152    91    33   115   169   134    45   116     8   162    87    44   142    12   149   129    12   161    79   147    40    38    62   129    54   117   115   150    53   111    29    34    50   143   152    52   123    28    33     2     2   154    72    36    46   134   150   158   142    71   122    96   140   180    89 
   21    56     9   105   176   119    79   134   166    74    27   115    99    66   152   158   158   152    89   136     3    86   117    75   135    42    63   117    10   139    60    14    92    59    99     7    94   163    38   165    87    81   161   137    90    53   127     4   174    67   173   124   165   180    22   172    31    49    91   166   157    52    33   109   136    86   130    22    66    65    63   112   109    84   110    11    45    64    53    33   123   127   134    88    97    85   128   104    44   142    79    15    68    96   115    93   153    95    58    90   143    38   111    86    15    91   158    41   145    36    75    25   149    94    66     6    98   141    67   116    87   116   105    93   122    17   163    60   146   156    65   136    27   153   164   102   178   170   177     6     1   106    91   108   180     6    81    20   179    34   106   117    17    72    21    19   168   130    46   155    47   147    46    72    11    80    45    96    18   105    85   159    51   132    40    10    38   134    84   165   106   164    56    21   144    96    56    62    75   115    25    84   146    25   144    79    75    24    61   170   172    62    15   143    56   112   134    87    82    17   116   105    49    57   159    73   113   117     7   151   102   129    94   113    74   160   144    90    61    36    98   109   138   100    64    58    20    64    29   140     7    40   118    36    28    72    92    43   152    44   138   173    13    20    33    86   103    64   119   179    31   114    43    92   102    21   120    97   150   110   100    50    86   168   102    39   117   156    90    66   127    95   148    18     9    68   137    28    27   136   139    91   173    47    45    69   159    41    85    14    30   149    18    67   120    56     6   131   136   116    75    88    23    65   124   129   178    48    92    70   173   142    15    78    42   139    57   164    55   156   127   171   123    85    59   109   169   123    17    53   177   124   103     7    39   165   130    22   147   111   128   170   160   133   131    27     3    17    29   141   164     6   122    34   156    74   168    87   139   179   106   131   153   114   110    19   156   129    61   121    69   165     8   116     8   126    70   103   179   111   117   115    81   179    14   116   179    77    93    91   119    23   126    69   122   172   156    80   165    82   115   172    77   109    10   141     8    36    49    66   117   169   152   153    96   159    72    86    51    83    81    24   109    91   119   146    11   165   129    59    66   139    33     4   104    37   105   179    80    25 
   64   155    12   132   180   110   160   145    23   102    47   168    85   150    32    86   143    20   162    18   100   117    16   128    34   156    85   120    87    71   121   112   114    55   157    43    66    38    31    56   120     1   131     9   103   115   155    19    76    34   120    14    27    46    70    47   116   140    14   175    36   101    89   161   174   175    15    31    91    12   118    14   142    72   178    35   153    35   115   148   109    93   167   164   105   102    46   124    78    18    76    51    72     7    87    15   162    68    82    80   114    80   134    75    97    22    35    40    97    58    27   172    67    80    22    39   178   116   104   109    51    41   113   148    10    94   139   102   120    71    31     9   140    14    81    74   100    66   152   130    29   167    51    13   180   159   103   174   121    72   120    13    90     5    30    47    84   140    76    27    18   178    70    62     9   100    60   168    98    60   166   158    86    49    81   172    36   109   155   150    98    76     9   175    98    48   109     2   143    17   144    12    69    19   103   144   159    41   173   112    57    37     6   112    80     8   103   132    61    44   144    79    36   101   101    49    23   136    72   121    40   169    83   157    76    31   107     7    18   119   178    19   143   141    10   160   142   166    71   173    71    30   136   158    23    66   129    61   165     7   177    99    81   180    91   141    20    73   134     6    61     2    32   106   130    74   105    12    28   125    41    74   105    34   110   101   124    43   178   105   146    50    27    11   143    20   129    56    86    37   141   119   148     6    29    38   152    28    38   129     2    86    29   127   117   153   143    46    63    64    47    15    49    53    41    77   120    42    53    19   101   147    87     7   102   104    26    56    78     1    98    80   130   120    91    56   168    34   146    47   104    86   139   147    73    17   170   115   157    48   165   162   142   167   114   135   156   132   159     2   121    13    64    30    57     3   158    42    55    73   174   155    70   156    40    66    53     8    16   101    82   107    98    26    82   112    11   178    18    11   136    41   132    17    57    20    28    80    81    29    12    87   158    44     7    92   112    53   153    22   116   149    42   177    37   121    93   106    40    37   138    88   149   137    17    44    20   135   114   116   146   158   154   161    64   137    29   147   137    25   135    21   153   137   174    26    33   145    72    41 
   43     6   113   158    63   104   107   101    24     2    70   140   161   110   113    78    61   130   131   143    17    49   122   136   102     1   133    71   150   135    28   108    30    92   131   159   104   125    94   149    25   108   137   116    18    67    93    50    34    85    64    57    20    97   137    66    66     3    25    75    34   126   172   126   162    39   101    21   148    72    88    26    30   125   153    96   123    25   173   109    37    99   141    81    38     9    54   129   112   169    95    44   140   110   153    95   178   136    54     6   131     6    64   114   105    59    21    64   142   112   171    44   164   175    64    71    45    73   146    83    23    99     9    84    39    31   171    33   154   134   178   179   158     9   108   156    74   106    61    13   113    86   145    85   151   166   171    14    49     6     7   120   114   153   159   153   105   147   133    31   116   175    54    46   143   177    62   128   177    43    73    50    38    15   123    63    99    12    23    23    67    22    53    92    95   134    20   113   115     8    35    92    56    83   159    64    37   113   111    12     3   138    67   169    48    17    20    56    95    11    58   109    69   172    28    49   159    90   101   115    38   179   103     6    37    10   125    12    61   110    24     4    17    21    68    78    28   125    99   175   104   103    93    43    16    17    55    16    15   137     5   115    60   148    70     8   132    39   126    42    32    75    38    54   117   169   157   157    49    59     4   175    66    88   159   112    94   124   112    55     4   101   115    68     1    50   123   140    20   152     2   112   126   178     3    96    45   167     4    11    18   158   133   166    17   134    61     9   129   162   151   114    43   168   172   131    47    45   164    74    94    86   110    67    43   126    67     4   160    67   162   110    38   100   124   178     5     9    36    36   119    74    67    30   114    58   156    35     4    89   165    56   135    83    78   176    56   120    30    30   102   179    75    62     2   139    32     1   104    85    10    65   120    69   127   103   121   154    36     5    93   123    57    71    16   124    87    99    44    35    64    24    68    20    48   129     2    38   132    40   115   159   125    71   154    83   106    62   148    55   119   139    10   142   126   154   105    41    28    96   110    37   178   103   175    45    46    70    50   142   160    74   120   155    51    15    31   175   168   122   147   140    22     8     8   116   153   146    85   167 
  166    36   147   140     1    41   158   131   132   162   152    14    53    48    91    79    76    46   112   112    42     7   116   145    21   121   123    57    78   156    34   128    61    29    62    35    95    74    40   169    65    45   106     2   120   168   111   134    82   177     1    22   123   109    35    26   110    77   164    20    63     7    94    91   149    98    72   131   163   166    35    56   169    37   164   147   112    72   129   155   155    99    49   152    30    71    15    34   128    71     6   106   151   132   120   123   112   149   126    42    47   142   138   107     5   105   116   152    84    43   128   143    21    12     6   107    29    47    42   133    62   150   121   160    13    75   100    12    40    76    81   151   171    61     6   151    34   176   154    90    38    10    64    82   154    83    78    76    95   172    65    46    30     5    72    63    46   139   103    57     8    83    73    71   165    12    49    17    23    59    40   125   168   142    49   119    12    57   141   102    11   156    67   166    81   139    22   150    45   172     4    10    25    16    21   173    42   120    29   147   159   104   155    11    60    75    38   155    80   117   140    65   150   118    27    28   122   121   140    89    18    19    24   136     5   159   173   162   119    61    31   156   170   107   159   133    71   157   166    28     6   100   164   173   121   102    69   159    11   149   103   124   163   116    35    28    18   100   135   123    57    40    94   154   172   153   179    98    19   118    98   168   153    86    51   120    92   127    43   146    40    25   104   124    13     6   135   111   134   137    90    43   158    14    89     9   170    27   141     9   156    56    84     2   129    85   135   122   180   103   156    12     2    18   144   162    23    91    12    79   115    58    26   109    31   131   133    12    45   138   146    15   165   144     3    58   150     7     1     8    64     4    39    40    74   168    52    37   169    42   179   117     2    75   161   110   103   175    70    93   162   165   127    41   108    85    82   146   154   145    57    65    91    74    57   170    26    48    60   171   156   150    70    40   156    96   170     7   145    41   104   148     9    20   101    97    56    95    28    46    48    93    91     9   160    31    95   128     9   148    93    62   118    79    20    56   106    45    18    36   149   179    56    54   115   104   121   158    24   125   156   142    42   176   123    41    20    73    55    63    54     5    18    11   131    21   146   128    21    18 
   61    26    65    11   110   151    87    47   163    78    21     8    25    28    89    22   149   144    61    84   100    36    39     6    79    72    57    75    53    97    54    62     8    92   163    69   113   132   139    45   116    61    98   132    68    69   110    95    91   137    96    39   130   142   123    94    90    39    78    44     8   137   120    39    47   105   165   106    62   178   169    18    72     3   178     6     9   164   135    94   153    83   131   112   137    23   149    77   157   136   148    20    38   174    43    80   111     6   146    90    89    77   140    42   123   109    18   144    40     9    13    31   148    67    27   180     7     4   159     8    28   162   147    70    42    72   176   173    25    43   101     6   136    26    94   163   115    23    24    74   135    82    83    92   108    11    99    35   167    73    97    99    52     5    53   170    97   115    12   127    52   147   115    33    45   120    80   118   172   126   127   121    45    50    78   171     2    77    73    11    28   151    59   101    82    95    14   113    10   127   154    81   144   170   118   174    70   173    71    48   120   116    18    90   110    68   100    58    57     3   166    93   141   178    11   176    98   114   105    27    41    11   134    99    37   103   135   156   123    74    87   165   122    73    25    46    90   120   108    91    91    85    65     2    40     2   136    41    64   110    73    68    60   147    38    92   130   107   174    10    14   166   118   106   100    13    76    73   164   135   158    61    68   147   167    24   153    43    30   158     6    84   152    66   105   150   105    95    37   154    73   160   179    85    25    86     9     9    87    64   159    56   156   146   123    70    11   112    51    77    56   147    42     2   149     2    90   107    14   165    21   105   175     2    35   131   123    83    46     1     5    86   136    89   150   132   101    16   156    26   175   109    97    46   159    95     9    17    59   104   171   162   176    69    64    96    38    12   165   161   107   132     5   141    45   140    62   170     5    85     5   137   177    35    15   104    60    70    52   100   114    67   152    56   179   123   137   133    17    22    59    19    72    61   137    47    12   120   134    39   176    43   155    95    18    77   145   169   130   120   122   142    29   125    47   151    39    72    46   156    64    43    37    80    87   123     9    44    66   157    81    79   169   138   137   121   111   145   140   153    29    20    79   142    21   164   102    95    15   169 
 0.00  0.25  0.21  0.36  0.37  0.28  0.26  0.27  0.35  0.34  0.37  0.21  0.30  0.21  0.30 
 0.25  0.00  0.38  0.35  0.34  0.36  0.34  0.38  0.35  0.36  0.34  0.21  0.32  0.26  0.39 
 0.21  0.38  0.00  0.37  0.36  0.27  0.38  0.34  0.21  0.22  0.31  0.36  0.28  0.37  0.31 
 0.36  0.35  0.37  0.00  0.33  0.34  0.23  0.39  0.37  0.21  0.29  0.34  0.33  0.32  0.29 
 0.37  0.34  0.36  0.33  0.00  0.20  0.40  0.38  0.38  0.27  0.28  0.30  0.29  0.27  0.29 
 0.28  0.36  0.27  0.34  0.20  0.00  0.25  0.21  0.39  0.25  0.30  0.29  0.28  0.26  0.36 
 0.26  0.34  0.38  0.23  0.40  0.25  0.00  0.31  0.22  0.28  0.25  0.34  0.25  0.24  0.28 
 0.27  0.38  0.34  0.39  0.38  0.21  0.31  0.00  0.31  0.25  0.25  0.33  0.39  0.27  0.26 
 0.35  0.35  0.21  0.37  0.38  0.39  0.22  0.31  0.00  0.23  0.21  0.37  0.32  0.28  0.25 
 0.34  0.36  0.22  0.21  0.27  0.25  0.28  0.25  0.23  0.00  0.33  0.20  0.36  0.36  0.21 
 0.37  0.34  0.31  0.29  0.28  0.30  0.25  0.25  0.21  0.33  0.00  0.28  0.27  0.26  0.35 
 0.21  0.21  0.36  0.34  0.30  0.29  0.34  0.33  0.37  0.20  0.28  0.00  0.32  0.21  0.32 
 0.30  0.32  0.28  0.33  0.29  0.28  0.25  0.39  0.32  0.36  0.27  0.32  0.00  0.25  0.40 
 0.21  0.26  0.37  0.32  0.27  0.26  0.24  0.27  0.28  0.36  0.26  0.21  0.25  0.00  0.34 
 0.30  0.39  0.31  0.29  0.29  0.36  0.28  0.26  0.25  0.21  0.35  0.32  0.40  0.34  0.00 
