90 12
6
     29075
     28446
     25667
     25133
     28044
     27679
  4.6  16.0   6.9   2.2
  4.1  12.2  85.7   1.7
  2.5  40.3  62.0   1.9
  4.2  35.8  62.6   2.1
  1.1  26.3  54.0   2.4
  2.9  16.3  94.0   1.6
  4.1  42.4  85.6   1.9
  4.5  45.0  73.7   2.0
  2.0  21.0  60.7   1.6
  2.7  15.1  79.1   2.5
  4.9  26.4  30.3   1.7
  3.5  16.7  76.0   2.1
  1.1  42.4  57.3   1.9
  2.8  48.3  21.4   2.0
  1.6  44.5  78.7   2.4
  4.0  10.4  56.6   2.4
  4.3  20.4  51.8   1.6
  2.6  45.4  53.0   2.2
  3.1  41.5  87.3   1.6
  3.6  28.6   8.9   2.5
  2.5  44.9  14.1   1.7
  2.4  15.3  73.4   2.0
  2.8  25.3  41.3   2.2
  1.0  29.9  46.5   1.8
  3.3  45.3  33.3   2.0
  2.9  40.5  39.1   1.7
  3.8  31.5  33.7   2.5
  2.6  22.8  22.6   2.5
  3.4  22.8  71.1   1.9
  1.6  41.0  35.5   1.8
  3.9  35.9   5.7   2.1
  3.8  15.2  12.4   1.7
  2.2  44.9  82.1   2.1
  3.8  42.7  66.2   2.4
  2.0  46.8  32.5   1.9
  2.1  43.5  18.5   2.4
  4.0  23.0  19.9   2.0
  4.8  43.8  88.2   2.3
  1.0  22.7  37.4   2.5
  3.4  49.9  78.8   1.9
  4.9  13.8  69.1   2.2
  2.5  21.6  48.8   2.2
  4.0  46.8  81.4   2.0
  3.1  16.0  56.2   2.2
  2.8  43.3  87.3   1.9
  1.4  48.1  21.9   2.2
  3.4  24.4  47.9   1.7
  3.2  15.2  21.1   2.3
  3.4  12.5  59.3   1.7
  4.9  35.1  21.2   2.5
  3.9  48.7  77.3   1.9
  1.2  44.9  49.3   1.9
  5.0  41.3  32.9   1.5
  3.0  17.3  17.3   2.2
  4.4  25.2  18.4   1.9
  2.2  22.5  27.0   2.3
  4.9  11.9  14.3   2.4
  1.7  27.2  93.8   1.7
  4.9  22.6  35.7   2.2
  1.7  38.5  58.4   1.8
  2.8  48.5  54.1   2.5
  4.3  21.4  71.2   2.3
  3.5  12.9  36.0   2.3
  3.6  38.0  87.9   1.5
  4.6  45.8  35.1   2.3
  3.5  49.8  51.4   2.2
  4.2  15.8  24.1   1.7
  2.3  40.4  77.8   2.3
  4.4  21.2  81.6   2.0
  1.2  10.1  45.3   1.6
  2.8  39.5  54.4   1.9
  2.8  16.6  39.3   1.5
  4.4  16.3  27.3   1.7
  4.5  35.3  67.2   1.5
  3.4  37.7  37.3   1.8
  2.3  31.6  11.0   1.6
  4.5  48.1  93.0   1.8
  3.4  39.7  18.2   1.5
  1.9  42.2  29.1   1.7
  1.3  45.9  57.0   1.9
  3.7  23.4  70.8   1.9
  4.7  28.1  56.0   1.5
  2.2  19.9  14.5   1.7
  1.2  21.5  15.4   1.7
  4.9  18.7  83.7   1.9
  3.7  12.7  69.2   1.9
  1.9  41.2  88.4   2.4
  3.8  25.9  90.6   2.2
  4.8  31.9  13.3   1.9
  1.4  36.6  17.8   2.4
  2.5  10.7  82.1   2.0
  2.3  30.8  80.5   1.8
  4.1  18.0  75.8   1.7
  4.7  10.1  92.9   1.8
  4.2  37.1  72.4   1.7
  2.6  17.9  25.8   2.2
  2.7  35.0  18.6   2.3
  3.4  24.8   5.7   1.8
  3.8  39.2  52.4   2.4
  2.6  10.2  25.6   2.4
  3.6  32.6  26.8   2.4
  3.2  47.8  40.1   2.5
  4.4  49.7  10.4   1.9
  4.8  21.0  58.6   1.6
  1.5  26.8  20.8   2.0
  2.0  46.8  81.0   2.1
  3.5  30.9  24.2   1.9
  4.9  29.8  51.8   2.5
  1.5  45.9  62.3   2.4
  4.2  11.0  17.2   2.3
  4.5  20.1  21.8   1.9
  1.4  44.4  73.7   1.7
  3.5  16.4  73.1   2.0
  4.1  14.7  19.9   2.1
  4.1  12.9  34.0   2.1
  1.1  29.8  86.9   2.3
  4.6  20.3  18.4   1.7
  4.6  42.7  29.1   2.5
  1.9  33.0  72.2   2.1
  2.3  28.4  43.8   2.1
  2.8  39.0  71.0   1.7
  4.7  20.1  20.5   1.9
  1.8  42.5  21.3   2.1
  3.6  48.2  22.8   2.1
  3.1  28.0  81.6   1.8
  3.6  45.9  17.4   2.3
  1.8  13.4  57.5   2.0
  3.6  28.2  86.2   2.0
  2.1  34.8  56.8   1.8
  1.8  36.5  40.4   2.0
  3.1  32.4  23.4   2.3
  1.4  31.8  90.7   2.1
  1.8  46.5  84.9   2.1
  1.4  30.0  77.6   2.3
  3.3  36.9  88.3   2.2
  2.2  36.5  40.0   2.4
  3.5  49.3  33.5   2.2
  3.2  22.3  17.4   2.1
  4.7  38.2  79.4   2.2
  1.5  28.1  11.5   1.9
  4.4  13.0  64.1   2.3
  4.7  14.0  94.5   1.7
  2.7  45.0  85.6   2.2
  3.0  32.2  14.0   1.6
  2.4  13.8  40.4   1.8
  4.6  28.4  89.6   2.1
  1.6  20.4  62.2   1.9
  4.2  34.3  69.1   1.9
  1.9  46.0  90.1   2.5
  1.4  27.6  42.1   1.6
  5.0  45.8  25.8   1.6
  4.7  17.6  33.0   1.8
  4.2  11.1  64.0   2.4
  3.7  28.6  33.6   2.0
  3.6  45.2  22.5   2.5
  2.5  15.4  75.3   1.9
  1.8  35.8  89.6   1.8
  3.9  41.6   7.9   2.2
  3.2  12.0  80.6   2.1
  1.4  18.7  18.1   1.8
  4.4  31.6  77.0   1.6
  4.9  22.7  49.8   1.6
  1.1  12.3  74.2   1.9
  4.8  49.0  76.9   1.7
  3.2  24.8  43.1   2.2
  4.4  11.0  86.1   1.6
  3.2  32.5  15.9   2.1
  4.7  14.4  31.4   2.3
  2.4  48.4  80.5   2.5
  3.6  33.1  55.9   2.2
  1.3  12.0  83.2   1.7
  3.9  25.1  86.0   2.0
  1.6  40.2  77.5   1.7
  4.2  15.0  58.7   1.8
  2.7  22.3  64.7   2.0
  1.1  13.1  68.3   2.4
  3.1  46.6  14.0   2.5
  4.5  19.4  24.3   2.0
  3.9  35.8  89.3   1.9
  3.6  39.9  70.4   2.2
  2.0  25.2  17.0   2.3
  1.6  40.4  20.6   1.6
  2.3  37.0  64.0   2.2
  4.9  27.3  85.0   1.8
  1.5  20.5  81.0   2.2
  2.3  16.4  63.2   2.2
  1.9  29.6  73.2   2.5
  3.0  36.9  40.9   2.2
  1.2  29.0  16.4   2.1
  4.3  45.6  73.9   2.4
  3.6  34.0  25.7   2.0
  3.5  26.1  62.8   2.1
  4.8  27.9  72.5   2.2
  2.9  13.7   6.2   1.7
  4.1  31.0  35.0   2.3
  3.9  21.9  69.5   2.4
  4.7  21.2  40.5   1.7
  2.3  15.9  21.2   2.4
  4.5  28.4  87.2   2.3
  3.2  29.3  65.2   2.0
  1.0  42.9  12.2   1.9
  3.2  27.4  73.4   1.9
  4.2  49.4  23.3   1.8
  4.6  19.2  31.6   1.8
  2.0  39.3  28.3   2.3
  1.4  25.7  48.2   2.0
  2.6  25.7  20.0   2.3
  1.8  19.5  19.9   2.2
  3.0  16.0  41.9   1.9
  2.4  11.2  51.4   2.2
  3.0  25.9  57.7   2.3
  3.4  10.1  92.5   1.7
  4.4  21.2  89.8   1.7
  1.1  30.2  50.4   2.1
  2.8  12.2  37.1   2.5
  3.5  20.1   9.9   1.7
  1.4  44.1   9.7   1.7
  4.6  31.9  28.8   2.4
  4.9  30.7  83.7   1.5
  1.9  41.7  29.0   2.4
  4.4  22.2  77.4   2.4
  1.8  19.2  93.1   2.5
  3.1  19.4  75.3   2.1
  3.0  47.4  71.8   2.1
  1.0  42.5  13.0   2.2
  1.1  36.2  35.7   1.6
  2.5  34.7  32.9   1.7
  4.2  28.9   7.5   1.6
  3.7  13.7  67.2   2.0
  1.4  13.0  51.1   1.7
  2.8  24.4  67.2   2.0
  3.3  48.8  83.0   1.7
  1.3  32.5  11.9   2.5
  3.3  15.5  83.9   2.1
  3.3  48.5  58.2   1.8
  4.1  11.3  50.9   2.1
  4.1  41.8  13.2   1.7
  1.8  34.8  84.9   1.9
  4.7  11.3  41.3   2.3
  2.5  43.8  55.6   2.0
  3.4  16.5  74.0   2.2
  3.3  23.6  43.2   2.2
  4.8  45.6  84.7   2.4
  4.5  14.0  43.3   2.5
  1.8  44.1  79.5   2.1
  4.1  10.4  24.0   2.5
  1.8  40.9  14.4   2.1
  1.0  46.5  55.4   1.7
  1.5  24.3  60.1   2.2
  4.4  49.7  32.8   2.3
  4.4  41.3  36.0   1.8
  1.3  26.2  66.7   2.0
  1.3  16.8  87.5   2.4
  4.1  36.8  49.0   2.3
  3.7  26.3  79.1   2.1
  1.2  42.9  57.0   1.8
  3.1  43.4  15.9   2.2
  2.8  42.7  50.0   2.1
  1.8  17.4  75.5   1.9
  3.8  25.9  86.2   2.0
  3.5  44.5  45.0   1.8
  1.3  40.3  15.6   2.0
  1.7  14.4  36.8   1.9
  1.7  10.8   6.4   2.2
  1.9  14.4  86.7   2.3
  2.6  19.3  93.7   1.5
  1.5  10.7  79.3   1.8
  1.8  13.5  50.3   1.9
  1.1  33.9  53.2   1.5
  2.3  39.5   6.9   1.5
  2.9  44.3  26.4   2.4
  3.3  14.8  91.5   1.7
  1.4  37.5  71.1   1.7
  3.9  10.5  31.0   2.3
  3.6  41.9  14.5   2.3
  4.4  39.6  40.4   1.6
  3.4  19.1  72.5   2.0
  2.5  42.2  83.5   1.6
  4.6  12.9  60.5   1.9
  2.3  21.0  32.3   2.5
  4.7  22.7  71.9   1.9
  2.7  22.4  88.9   1.8
  1.2  12.8  75.7   2.1
  2.4  46.4  22.1   2.4
  2.0  48.2  21.9   2.0
  2.6  42.5  37.8   1.8
  2.8  26.8  23.1   2.2
  4.1  18.4   8.8   2.4
  4.2  10.6  57.6   2.0
  3.3  37.9  71.1   2.2
  4.0  47.8  56.5   2.1
  3.9  11.3   8.4   2.3
  3.7  20.0  74.8   2.4
  1.3  40.8  63.1   2.0
  1.9  10.2  22.5   1.8
  2.7  49.0  47.5   1.6
  1.5  47.5  89.7   2.3
  4.8  40.4  11.0   1.9
  2.8  16.4  72.8   1.6
  4.5  39.2  65.3   2.2
  4.2  35.3  42.8   2.5
  1.0  12.4  92.7   1.9
  4.9  17.6  67.0   1.6
  3.3  49.0  66.8   1.9
  1.0  18.5  93.9   2.4
  2.3  19.1  45.5   2.0
  3.6  20.3  90.7   1.6
  1.6  13.7  41.0   2.0
  2.3  12.9  18.4   1.9
  2.3  39.0  25.2   1.6
  2.8  31.9  29.8   1.7
  1.9  40.2  28.4   2.0
  4.3  45.4  80.4   2.2
  3.3  49.6  70.5   1.6
  2.8  39.1  44.9   2.4
  3.9  44.4  22.6   1.6
  4.5  17.4  84.6   1.6
  2.7  23.2  60.1   2.2
  1.2  15.9  95.0   2.3
  4.8  35.9  61.2   2.1
  1.0  11.3  40.8   2.5
  4.8  43.4  18.0   1.7
  1.4  12.2  72.7   2.3
  1.9  29.8  44.2   1.7
  1.2  16.8  36.1   1.9
  2.5  17.3   6.4   2.1
  2.1  32.3  22.8   1.8
  1.7  18.0  28.1   1.6
  2.7  45.6  89.1   2.2
  2.0  14.0  20.9   2.3
  3.4  18.1  77.4   1.8
  1.2  38.6  65.3   1.7
  2.7  19.4  75.2   1.6
  3.4  12.9  55.5   1.9
  4.3  19.3  87.0   1.9
  1.9  25.4  24.3   1.8
  1.1  17.7  22.1   1.8
  1.7  28.3  39.4   1.5
  3.4  11.4  16.9   2.3
  4.6  41.1   5.1   2.3
  3.4  13.6  18.1   1.5
  1.7  17.0  33.6   1.8
  2.9  37.1  73.7   2.5
  2.5  23.4  91.9   2.5
  1.1  31.3  46.6   2.2
  2.0  42.4  79.2   2.2
  2.8  43.1  78.0   2.2
  2.4  47.6  59.0   2.0
  1.6  48.9  30.6   1.7
  1.5  18.0  93.9   2.1
  4.5  13.7  81.6   2.4
  4.7  27.0  17.9   1.5
  1.8  30.9   5.6   2.0
  2.7  48.2  20.2   2.2
  2.5  16.7  72.0   1.9
  4.9  38.8  74.1   1.6
  2.3  44.1  56.1   1.8
  3.5  21.7  31.9   1.5
  1.4  34.9  82.5   2.3
  2.0  48.9  41.8   1.9
  3.6  11.8  93.1   1.6
  4.7  26.1  66.0   2.2
  3.6  35.9  87.7   2.2
  3.0  49.3  21.3   1.6
  3.7  14.8  90.7   2.2
  2.3  49.0  93.9   1.6
  3.9  23.8  65.0   1.6
  4.2  47.0  10.9   2.1
  2.8  34.6  59.6   2.0
  2.3  42.4  25.8   1.5
  4.3  43.3  76.6   2.3
  4.4  39.8  77.4   2.0
  3.5  30.6  74.6   1.7
  4.1  36.0  64.2   2.2
  4.5  14.7  18.8   1.9
  3.3  46.9  31.2   2.0
  1.2  39.8  57.2   2.0
  4.8  23.5  57.8   2.3
  4.3  38.7  71.7   2.0
  3.2  25.1  75.9   2.1
  4.4  28.2  50.0   2.3
  4.6  15.5  62.9   1.6
  4.7  30.1  61.1   2.4
  1.4  16.4  86.1   2.1
  4.8  32.0  43.4   1.9
  1.5  36.6  86.4   2.4
  4.0  47.1  48.8   2.4
  2.1  21.8  58.1   1.6
  1.9  35.4  75.9   2.4
  2.4  49.3   6.6   2.2
  2.8  11.9  90.6   1.9
  4.9  32.1  37.6   2.0
  2.9  20.9  22.1   1.6
  2.1  17.3  50.4   1.7
  4.4  16.9  42.4   2.1
  2.0  15.2  55.2   1.9
  1.5  45.7  74.1   1.5
  1.4  22.2  72.4   1.7
  2.5  39.2  22.1   2.5
  4.0  46.1   8.7   1.6
  4.2  46.7  62.1   1.9
  2.9  32.2  60.2   2.3
  4.1  11.7  76.7   2.1
  4.8  36.5  61.9   2.2
  2.4  47.1  54.7   2.0
  3.5  34.8  59.6   1.6
  4.4  32.7  25.3   2.4
  2.8  41.3  22.6   2.1
  1.6  13.1  17.5   2.3
  1.1  24.5  40.7   1.8
  1.6  25.8  73.7   1.6
  3.8  33.8  57.4   1.6
  3.0  32.6  16.8   2.3
  3.4  48.2  16.0   2.2
  3.9  21.9  55.0   1.7
  4.6  15.8   7.1   2.4
  2.1  22.3  75.7   2.1
  3.2  30.4  20.8   1.8
  1.1  43.2  53.7   2.2
  3.7  26.4  25.1   1.8
  2.9  41.6  65.8   2.2
  2.7  38.7  57.0   1.9
  4.4  41.5  81.6   2.2
  3.7  34.1  46.1   2.0
  2.7  28.5  34.5   1.8
  1.2  31.8  49.5   2.2
  4.0  17.4  59.1   1.7
  4.4  47.0  59.5   2.2
  3.1  33.9  10.5   1.9
  4.4  14.2  19.7   2.5
  2.8  48.1  79.5   2.4
  1.5  46.3  61.5   1.7
  2.3  47.7  58.8   2.2
  2.9  28.0   6.8   1.6
  4.5  42.9  13.3   1.8
  2.7  28.9  79.4   1.8
  1.1  28.5  85.8   2.3
  1.9  48.8  25.6   2.3
  4.0  31.8  92.8   2.1
  1.2  47.5  87.1   1.9
  3.9  41.0  44.6   1.6
  2.3  46.9  66.9   2.1
  3.3  25.4  58.9   2.0
  4.7  17.3  46.8   2.4
  2.8  31.1  61.4   1.6
  4.5  37.6  88.9   1.9
  1.4  18.1  85.0   1.7
  1.1  16.7  64.7   2.3
  1.8  26.9  68.5   2.0
  1.3  31.3  36.7   1.7
  3.8  11.5  36.9   1.6
  1.4  40.8  39.1   2.2
  3.5  49.3  65.0   1.8
  4.3  47.2  30.0   1.7
  1.5  48.9  18.4   1.9
  1.1  46.0  91.9   1.5
  2.3  33.2  78.0   2.1
  2.6  19.9  72.6   2.3
  4.5  35.5  92.5   1.8
  4.9  39.2  72.2   2.5
  2.0  32.6  87.7   1.8
  3.6  13.7  12.0   2.3
  2.3  36.6  14.9   1.8
  4.2  24.2   7.6   1.8
  2.4  19.9  34.8   1.8
  1.8  16.3  80.5   2.2
  1.4  24.2  44.4   2.3
  3.8  19.3   6.0   2.4
  1.2  11.9   9.4   2.4
  2.8  42.7  21.1   1.8
  3.1  40.3  80.6   2.2
  4.4  36.4  53.8   1.9
  3.2  42.6  68.5   2.2
  3.9  39.2  77.1   2.5
  2.6  28.7  60.4   1.8
  4.8  49.0  78.5   2.4
  4.2  15.5  72.0   1.9
  2.9  28.5  81.4   2.4
  4.3  46.3  47.0   1.5
  3.9  46.5  23.5   1.6
  4.5  39.7  37.7   1.8
  4.3  15.4  63.3   1.9
  4.7  48.8  55.1   2.4
  1.9  40.6  72.9   2.4
  3.6  35.3  31.1   1.8
  3.5  35.7  31.5   1.8
  1.5  28.1  40.6   1.7
  1.7  45.8  14.5   2.4
  4.0  24.9  25.8   2.0
  3.3  43.8  54.6   2.3
  3.5  37.3  17.4   2.2
  1.3  28.0  73.3   2.3
  1.2  38.6  81.2   2.2
  2.8  49.0  81.3   2.2
  2.1  45.2  47.2   2.3
  4.3  26.9  54.4   2.1
  1.9  35.4  10.3   2.1
  3.5  38.3  80.5   2.4
  2.0  41.8  18.5   1.6
  2.3  33.1  85.6   1.7
  1.1  45.4  49.3   2.1
  1.3  20.1  50.8   1.8
  2.2  18.2  28.3   2.0
  2.5  47.0   8.9   1.7
  4.0  20.4  24.0   2.2
  3.1  42.2  39.3   2.5
  3.3  42.1  72.1   2.4
  4.0  13.9  19.8   2.0
  4.9  33.3  62.1   1.6
  1.0  40.6  43.3   1.5
  4.2  36.5  38.3   1.9
  4.3  13.1  30.0   1.7
  3.2  34.1  47.6   2.4
  3.5  42.1  49.4   2.3
  2.4  38.4  94.7   2.2
  2.5  36.1  34.5   1.6
  4.7  36.0  36.4   2.2
  1.1  27.2  66.4   1.6
  3.4  34.4  68.8   1.7
  4.5  16.0  39.4   2.2
  2.2  31.7  20.0   2.4
  3.9  23.1  13.5   1.5
  2.8  16.5  60.0   1.7
  4.5  36.2  88.6   1.8
  1.7  43.9  65.3   1.9
  1.2  42.2  47.3   2.4
  1.9  21.9  51.6   1.6
  3.5  16.6  23.0   2.5
  3.0  42.8  15.7   2.4
  3.9  14.7  93.4   1.5
  2.2  46.0  66.3   2.0
  3.0  22.3  53.9   2.3
  4.6  23.8  86.3   2.4
  2.1  40.7  69.5   2.4
  1.3  17.7  75.6   1.5
  4.6  41.0  49.7   2.2
  3.8  36.1  84.3   2.4
  3.8  30.4  22.6   2.5
  4.4  23.8  45.3   1.6
  1.6  48.5  35.9   1.8
  0.2   0.3   0.4   0.2   0.3   0.3   0.3   0.3   0.2   0.2   0.2   0.4   0.3   0.4   0.2   0.4   0.4   0.4   0.4   0.3   0.2   0.2   0.4   0.2   0.3   0.2   0.2   0.3   0.3   0.3   0.4   0.2   0.4   0.3   0.3   0.2   0.4   0.3   0.3   0.4   0.3   0.2   0.2   0.4   0.2   0.3   0.4   0.3   0.3   0.3   0.3   0.2   0.3   0.3   0.2   0.3   0.3   0.4   0.3   0.2   0.3   0.4   0.3   0.4   0.3   0.3   0.3   0.3   0.3   0.4   0.2   0.4   0.2   0.3   0.4   0.2   0.3   0.4   0.2   0.4   0.4   0.3   0.2   0.3   0.4   0.3   0.4   0.3   0.3   0.3   0.3   0.3   0.3   0.2   0.3   0.2   0.3   0.3   0.2   0.3   0.3   0.4   0.3   0.2   0.4   0.3   0.3   0.2   0.3   0.3   0.2   0.2   0.3   0.3   0.4   0.4   0.3   0.3   0.3   0.2   0.2   0.3   0.3   0.2   0.2   0.3   0.2   0.3   0.4   0.2   0.4   0.4   0.3   0.3   0.2   0.2   0.2   0.4   0.3   0.4   0.3   0.2   0.3   0.4   0.3   0.2   0.2   0.3   0.2   0.3   0.4   0.4   0.3   0.2   0.3   0.3   0.3   0.3   0.4   0.3   0.4   0.2   0.4   0.2   0.3   0.2   0.4   0.4   0.3   0.4   0.3   0.3   0.4   0.2   0.3   0.4   0.4   0.3   0.4   0.4   0.2   0.3   0.3   0.4   0.3   0.2   0.4   0.3   0.4   0.2   0.2   0.3   0.2   0.3   0.3   0.3   0.3   0.2   0.3   0.3   0.4   0.4   0.3   0.2   0.3   0.4   0.3   0.3   0.3   0.3   0.2   0.3   0.3   0.4   0.2   0.3   0.2   0.2   0.4   0.4   0.4   0.2   0.3   0.3   0.3   0.4   0.2   0.3   0.3   0.3   0.3   0.2   0.4   0.2   0.3   0.2   0.4   0.2   0.3   0.3   0.4   0.4   0.3   0.3   0.3   0.3   0.3   0.3   0.2   0.3   0.4   0.3   0.3   0.3   0.3   0.4   0.4   0.4   0.3   0.3   0.3   0.3   0.2   0.3   0.4   0.3   0.4   0.4   0.3   0.3   0.2   0.4   0.3   0.4   0.4   0.3   0.3   0.2   0.3   0.4   0.3   0.4   0.3   0.2   0.2   0.4   0.3   0.3   0.2   0.3   0.3   0.3   0.3   0.3   0.4   0.2   0.4   0.3   0.3   0.4   0.3   0.3   0.4   0.3   0.3   0.3   0.3   0.2   0.3   0.4   0.3   0.3   0.3   0.4   0.3   0.2   0.2   0.3   0.3   0.2   0.4   0.3   0.3   0.3   0.2   0.2   0.2   0.3   0.4   0.3   0.4   0.4   0.3   0.4   0.3   0.3   0.2   0.4   0.3   0.3   0.4   0.3   0.2   0.3   0.2   0.3   0.3   0.2   0.3   0.3   0.4   0.3   0.3   0.3   0.3   0.3   0.3   0.3   0.4   0.3   0.3   0.2   0.3   0.4   0.3   0.2   0.4   0.3   0.3   0.4   0.3   0.3   0.4   0.2   0.3   0.3   0.2   0.2   0.3   0.4   0.4   0.3   0.3   0.3   0.4   0.2   0.3   0.4   0.4   0.2   0.3   0.2   0.3   0.3   0.4   0.2   0.3   0.2   0.3   0.4   0.2   0.2   0.3   0.4   0.3   0.2   0.2   0.2   0.2   0.3   0.4   0.3   0.4   0.3   0.4   0.4   0.3   0.2   0.3   0.4   0.3   0.3   0.3   0.4   0.3   0.3   0.3   0.2   0.3   0.3   0.4   0.3   0.3   0.3   0.4   0.2   0.3   0.3   0.3   0.2   0.3   0.3   0.2   0.2   0.4   0.3   0.3   0.4   0.3   0.3   0.3   0.2   0.3   0.4   0.4   0.3   0.3   0.3   0.2   0.2   0.3   0.3   0.4   0.3   0.2   0.2   0.3   0.3   0.2   0.3   0.3   0.2   0.4   0.4   0.2   0.3   0.4   0.2   0.3   0.4   0.2   0.3   0.3   0.3   0.2   0.3   0.2   0.4   0.3   0.3   0.4   0.2   0.2   0.3   0.3   0.3   0.3   0.4   0.3   0.3   0.3   0.4   0.3   0.2   0.4   0.3   0.3   0.3   0.2   0.3   0.2   0.4   0.2   0.2   0.3   0.3   0.2   0.3   0.3   0.4   0.3   0.3   0.3   0.4   0.2   0.3   0.3   0.4   0.4   0.3   0.3   0.3   0.2   0.4   0.3   0.4   0.3   0.3   0.3   0.3 
  175   119   116   175   142    92    40   172    96    90    24   111    33   121     7   144    53    23   152    97   115    61    89   177   123   133    14    45   148    68    59   146    46    12     2    67   123   132    38   135    61    61   153   105    96    30    67    45    59   171    42    17    40    34    82    86   180    55    69   117    17    31    91   147    98   132   174   127   171   152   170   178   165    55   167   105   173    77   166    67     5    40    69   180    79   144   145    87   180    32   132    22    36     9     9    15   148    17    44   150   168   141    71   150    62    29    71    32    43    77    15   100    38   103    48   109    83    88    50   129   175   115   171    61    40    75   107   177    72   101    78   156    43    17     4   179   131    48    91   135   177   149    48    60    90   118    38    33   101   114   146    74    24    51    75    78    13   171   164   162   111    32     4   137   116    32   107    35    59   145   179    92    54   176    75   116   127    18   178   171   167   116    79    16    86    62    66   102    44   167    26   174   169     5   151    95   122    30    14   111   119   153    57   153     2   103    53     7    59    80    56   166   166     6    12   150    35   109     1   146   102   151   131    99   100    77   103    82    26    43    34     6    99   138     1    99   171   158   108   130   160   110   109    50   102   136   110   104   133    90    35   106    67    24   120   162    22   137   150    13   131   126    21     1   177    54     5    76    10   177   153   162   154   118    80    85     5    98    36     6   141   149    68    54    81   148   102     5   170   114    59   112   138   164   173    10    74    53    14   101   165     5   113    54   169    52    94    10    15    63   132     8     4    23   118    71    73    14    20    24   168    73   124   180   140    50    53    63    29   132    54   126   177    80    99    41   106     9    22   128    20    35    54   149   138    14   173    47   164   149    48    45   102   130   109    49    80   139    32   122    69   135   109    88   121    80    88     4    32   161    18   100    92   118    25   177   168   106   155    83     9    57   136   179    49   159   159    65   149   141    30    91    37   111    68   131   124   137   130    94    13   174    59   129   179   180    18   102    70    12    39    26   129   162    67   135    85   124   112    46    11   166   119    24   162    28    64   122    82   133    66   124    99     2   153    71    84   164   117   112   161    43   128    81   137   157    18   166   138   160   140    82    90    57    54    24   129    33    81    21    22    37    11   108   176   175    10   121    58   103    46    11   143    44   137   176   129   104    84    35    27    33    34   104   127    76    36    68    91    20    25   104    27   110    74   108   131   106    95    10   141   110    21    93   139    93   108   151    44    34    51    33    71   176   113   153   103    13    61    82    91    77    83    15    22     1    94    34    49    31   149    91   116   103   104    94    68    31   166    20 
  179   119   154    69   130    36    26   107    72    84    27     8    65    66     2    27   157    22    27   131   102   133   132   145   134   109    64   106   133    53    41   162   102   166    71    59    41   138   123   180     7    67   142   149    81    15    49    51   174   145    26   158   174   144   179   145   158   166   100   169    83   163   173    33   150   103   127   107   148   100     2   127   167    60    49    22   160   142   146    27   103   168   158   124    55    20    78   153    24     6    66   165    54   119   150   120   152    10    36   143    50   107   127    85   111    19    87    16    23    76    97   102   159    40   179    26   154    32   117    11     3    15    77   158    63    22    31    25    10    95    45   176    70   164   111   147    11    33    18   116    66   113    75    51   120    16    53   118    53   128   177   128   157    78   124   170    62   173   166   179    62   114    12   171   169    89   139   135    35     6     1    34    16   176    18    16   109    18    76   142   113   157   132   148    57    78   142    78    78    95    55     8   138    63   149   113    46    62    48    88   158    22    45   154    25   105    28    98   121   127   169   174    78    70    31    24    43   132   141   123   101   170    23   178   159    17   103    83    87    40   175    52    96    12    23    17   179   174    23   172   174    26     3   137    20    20    20    35    93    98    88    84    32   104    53   151     3    67    44    57    26   117   120    94    62    29    13   147   115   156    50   102    50   114   139   165   163   173   118   113    25   178    71   150    64    14   168    16   147    88   167   127   158   175    67   135    65    98    63   110    36    92    42    46   126   110    84    40    89   157    18    84   179    42   113    55    31   124    74   177   134   128    93    68    73    92    25    29   129   102   110   153    30   154   116     3    26   171   151    98   173   163    14    73    82    67    40    27    64   138   126    75   142   116   129   169    44   148   160   147    45    62   123   100   100    62   138    42   130   131    64   167    61    27     7   127    47   154    70   112   179   109   155   154   133   132   138    38    73   135    99   133    17     3   151    48   121    42    95    56    46    21   172   118    21   116    49    91    68    35    26   173    48    66    19    22    28    88   106    30    81    97    15    70   157    92     8    91   100    54    11    87   137   109   180     2    88    32   125   144   116   124   114    73   142   167    21   175   147    31    28    20    80     1    92   149    45    69   163   172    50    78   149     7    37    66   176   109    78    24   138    65   121    87    54    24   178    15    79    87   120   171    54     8    53   118    57   137    90   128   143   112   104    79   108   104   160    88    46   147    12     3   157    70   110   117    35    60   103   168    17    69    83    64   146   145   114   171    49    90   153   156   144    35   156   149   140    64   155   147    86    83    62   115    49    13    18   123   123    36 
  118    98     9   124   172    24    29    26    17    88   140   116   115    48     3   143   152   121    43    55    46    59    90   152   139    90     7    46    88   143   165   146    28    60    33   159   150    28     9    19   146   120   171    77   123    78    67    67    95   154   144   110    90    46    25   179   117    68    28   112    55   176   103    47   102   161   112   106    36    93   173   123    87    16    69    73   144   118    63    93    23    11   160    68    87   128   168   131   105    84   124    85    83    89    46    10   141   158   152   172   164    72   165    61   137   102   119     7    47   169    67   133    35    84    30   157   152   145    51   134    31   122   128   133    72    18    24    88    17    58   111    18   180    44    65   137    35    63    58   144    57   125    73    93    53    41   152    64   119    32    88    51   136    19    46   139   176    17    12    71   144    19    49    86    26   127   124    74   163   174   123    35    32    64   169    87    22    89    78   166   169   140    39     8    94    88   176   144   172   164    35     5    68    21    56   110   171   157   143   130   157    88    23   113   126    16   167    65   112    80    36   166   121   174   164   158    11    75    18    10   144    87    38   105    65    25    27   110    22   150    71   129   128   138   156   150    45    63    55   106     3     9   132    60    91    94   110    13    47    61   103    54   168   161    26   142   136    36    85   173    81    97    31   122   106   160    74    48    52    98    90    11   131   128   136   133   124     4   114    10   180    86    71    66    73    34   144    35    10   179    14    52    95   161   161     3    83    35    41   150    91   128    91    33     3   110    77    97   104    26    24   146   116   121    62    98   116     1    34    66   122    79    62    18    52   108    93    46    42   172   145    25   124    55   146    52   130   103   139   129   144    97   171   134   131    44    51   171   134    30     3    63    40    59   174    57   136    65    18    10   165   179   164   105    70   152   180   114    95    94    90    89   109    50   150    29   103   174    22    11   169     1   104   132    84    21    36   173   179   170   122   119   137   166   167   139   179    12     2    95    25    47    49   137     9    28    49    61   175   157    21   111   116    18    59   148   105    11   123     3     4   120    68   108   174    53   164    86    33    58   165   120    91   137   140   157    27    62     3    11   118    27    43    79   105    97   148   147    33   138    14   152    27   106    75   131   131     7    84   157    98   125   132    48    17   105    98   168    77     7    86     4   131   148    33    80   117    98    83   141    27   175    48    11   143   128   121    19    46   171     6   162    30   158   172    76   111    47    40   156    88   107    16    16    84    98    43    49    39   161   123   122    18   134    80    11   177    76    72   174   172    86    37   100   125   130   152   136    60    28    45    30    14   103    73    33   117    86   166    68 
  169   169     1    81    83    63   127   106    50    81   167    17    48    39    67   168    54   174    90   146   177    42    46    82   114    58     5   162    65    29     6    46   129    94    81    22   112   134   130   147    60    32    43    67   145    71   173   103   105   173     3    11    70    67    95    30   138   166    12   133   118   126   149    13    62    36    94    57     4   124    13    54   139    79    49   149   116   121    36    58    39   152   170    80    11    90   163    34   136   112   155    47   179   107    73   156    14     7   126    18   105    34   160    21    27    61    55   146   129    21   114   171    72   162   129   179    11   178   169    51   112   180    50   116     9   110    88   174    81   110    65   101    55    27   157    15    83    78    55    88    50    10    30    42    78   111    31    19   157    39    16    48    46    91   157    17    83    19    13   124    44    73    95    32   131    40    11    25    55    91     5   136   139   100    60    47    75    70    82   165   115    47    69   161    47   151   125   122    56    19     2    33   113    97    96    82   118   157   163    37   115    99    17    82    21    54     4    42    20   153    86   146    89   103    85    33   153     2    68    80   120    78    90    97    39    43   151    77    65    80    84    50   102    19   119   128   145   143   106   142    10    29   169    54    19    64   139    46    11    12   158    75    73    60     7   155    41   160    15   131    10   105   116   131   108   117     2   121   120   136    82    95    62    10    93    40    94   121    99    75   139   123    99   161   135   132    25    68   118   136    36   143    47    12    47   128   167    57    21   148    16     2   108   145    88   154    41    41    24   167   124    15   144    65    52    34    45   153    80     5    52   170    51   130    96   174   172    13     9   175    45    71    84   119   116   105    45    86   129    92    68     2   141     7   145     4    80    49    87   174    18   116   174    87    69    97    22    31    43    35   175   103   156   178    77   117   120    55    30   119   128   150    58    42   126    56   127    19    52   165   143    79   139    44   133    43   136    35   163    27   122    25   129   121    15   130    43   101    79   155    51   173    18    38   146   164     1   167     1    25     1   116    19    75   179   161    34     5    38   137   160     7   159    77   113    87   139    97    82    17   167    52     3    79   165    87    63    43    82    78    39    36    48    34    86   118   141   151   176   127    48    92    99    70    98   107    27    45   140    48   152   112    94    25    68    57   106     1    57    82    65   166    60    84     2    84    74    56   168   128    45    75    33   124    50    47   135   105    28   153   160   120   141   180   132   115   106   150    98    35   123   157    56    36     1    85   124    77   168    48    85    43   128    70    67    26    48    62    12   117   165   180   132   134    77    26    12    25   156   118    30   165   152    45   131    75   112    52   122   152 
   46    80    18   117   178    78   108    89    75    68    27   166   139    33   148    57   139    27    76    91    71    78     8   146    42   113    44   150    20    17    40     6   173     7    26   116    80    64   173   163    26   174    44   140   147    71    38   152   164     3    83    93    71    27   146   146    35    61   104    90    26   148   130    47   115   122    30   164   167    52    19   180   178    22    65   129    19    70   174    10    70    90    64    87   111   157   128    39   176   178   169   128    20   121    85   103   149   145   155    50    88    95   115    39    88    35    56    30   163    16   151    10   128   135    20   166    15    43    95   103   143    70    55    24    55    91    57   146   115    83    71   111   126    25    85   111    97   143    68    77    43    60   111   129   153    56    69   100   172    84    44    39   143    94    98   131   118   137    56   161    22    13    76   117    18    40   140   158   130   115    24   139   161   151   170    84    54   119    55    81     9    34   161    12    66     3    86    53    90   115   115   150    13     8    33   118   116   170   141   135    34    78   180   108   178    73   154   127   175   140     1   125   103   135   134   151    50    66    43    35    51    23   147    66    26   126   146   115   140    50    57    96    23   144   132   125   156   139   110    26    89   166    55     4    51    87    24    80   119   122     2   170    28    90    88   172    79     1    78    65    64   173    41    87   141    11    19   141    82    88    60     6   156     1   103    11    47    76   159    17   143    84    70    50    69    53    20   134   131    63   165   172   158   157   143    62   108   160   140     7    87   116   137    32   138   107    59   121    21   162   101   105    25    29   122    33   131    53   144   117   165    97    67   155    43   129   166    48   105    34    80   118   116   139    28    46    63   134   140    59    98   174    88   168    57     4    29    85   119    26   140    53    72    18   157    16    97   143   139    77   144   125   169    71   149   115    29   162   126    38   106   125     4    17   121    61   137     9    41   113    96   151    70    96    47   120    85   163    14   137    65    73   166   177   140   153    59    91    77    27    46   171    94   167   143    95    48    72   152   143   111    18   174    78   172   132   137    37   124    44    74   133    27    51    12    28    55    79   170    38   117     1    81    83   115    15   175    82    49   156   162    23   100    56    12   114    91    11    41    84   125    81    47     8   135    52    47   176    33    83   148   141   179   136    78    87   141     8   156   135    56    19   114    60   106    69    79    58   170   180    34    20    50   162    55   100    89    91   178   111   148    30   110   111   159   158    35    66    44   174    35    77    66    36    14   154    77    78   117   145   137    81   154   132   117    91   129    63   149   151    48   107   126   171    47   157    42   136   142   125    63    90   142    72    60    50    53   149    97    31 
   86   120    11   141    67    58    29   130   167   109   128   109    50   105    89   171   172   127   175    29   105   175   161    75   137    90   160    64   147   145    34   122    17   164   150   136     7    75   170    12     5   112    74   103    19    86    79   144    26   168    31    33    32   138   168    66   106    89   176    25    80    25   151    66   148   148   128    24   162    58    95    36   172    29    35    81     7    58   123   178   169   153    61    42   107    74   143   121   132     6    37    58   161   127   153    83    73   156   180    68   179   107    98    76   114     9    40   113     2    45    81   127     7    64    98    26   161   148   139    63   157    18   131   159   167    75   172   169   117    40    65    10    28   128   104    65    24   140   121    12    13    49    92   156     2   134   127    14   158    76    43     2    96    24    95   104    86   153    31    69   101   180   130   106   165    55   159    22    32   100   116   169    44   103   100    54     9    45    46   168    49    90    18   169   140   106    40   127    33   147   132   119    26   180    35    59   179   168   122    70    90   166   101   162   129    11    57   103    90   142   159    38   119   117   155   146    76    87    85    87     8    61   128    30   168    82   142     2   121    75    62    69   119   120    60   113   162   141    40    13    78    90    36    98    28    70    53    86    24    29    40    48    50    77    61   117   124    36   135    37   146    43   162    79   136    69    77   166    34    44    53   107   138   114   155    26    82   133     6   172   133    90    61    81     6    37   168    69     8    57    96    98    11   101    37    89    72   130   131   177    85   178   102    10    80   163    55   159    48    38   145    85    22   175     1    11    15    53    30    88   161   117    49   126    23   180   166    49   151   174   158   151    61    39    99    37    41   171    37    37   117   123    31    15   132    52   117    17   147    66   129   170    57    70   124    66    25   118   176    70   118    61    12   117   162   159   176   125   140   104   152    42     6    25    78   165   142    55    69    10    24    10    72   176   155   176    54   168    48     8   108   126    18   147   113   170    45    18   161   135   135    53   161   154   177   134    12   129    23    91    17     4   157   125    76   157    20   108   113    16   163   138     5    37   112   135   115    36   157    54    44    26   118    70    48   112   107     7    28    68    86    20    65    38   119   135   152     5    23   101   102    35   139   101    96    29   145    54    80    90   152   165    75   133    68   135     5   179    59    10    93   136    99    26   114   137    68     8   132    67    90    72    13    11   150    24    37   134   172   122   159   113   124   146    34   118    24   142    31   156   127    35    18    82   111    22    56    84    42    87    45   157    66    49    52    12   176    41    44    68   164    58   161    29    89   131   160   160   144   150   176   133    10    79   122   121    52   170   152   144 
  100    74   119    37    84   106    74    17   176   170    67     5   162    57    73   130    62    33     4    53    90   116    92   163   121    66   160     7     9     4   151   142   146   136   129    10   113   102   179   173    68   114   142    64    62   143    23    33    52   118   134    49   132    10   102   137   117   163   134    27   168    28    87   153    56    77    99   137    66     5     5    28    27    85   141   119   127    85   169    90    32   147    15     4    39   109    90   164     3    93    74    97   172    78    11    41   120   141   137   131    38   155   105     6    44   139    69   125    54     2    23   166   175   157   112    87    48   123    21   137   101   168   147    46   116   143    47   142    77   134   166    51   167   102    68   167    44   100     4   117    43    19   169    57   162    67   119     5    12   173    31    42   164    78   180   142   142    23   159   129   121   125    66    91    63    32     2    75    89   178   135   111   152    66   123   147    18    96    77    79   176   172   141   122    22    50    11    20   142   176   128    39    61    92   172   174   101   118   170    15   125   147   109   138    29   171   131    95    22   134   153   138   100    34   154    70   116   159    34    97    20   164   122    52    73   177   128    51   107   156   112   129   110   150   168    58   172    92    18    48    46   145    16   178    47   179   143     4    27     7    81    67    37    57    73    67    87    49   146    58    22    71    50   123    95   138   142   143    40     3    90   131    72    20    53   112   101    99    69   151   124    14    77    90   129    36     6   141   168    63    84   145    42    52   179    70   136    27   105    71   163     8    71    66    79    42     6    41    56    15   110    73    52   172    28   143    58   118    29   152   130    79   165    94    75    48   129    84    36   129    14   132     9    36    10   161   172   100    34    18    40   158   160   117    26    22    85   165   150    52     3   165    68   144    29   117   101   117   177    69    11    75   147   147    82   109   169   131    65    63     3    53   121   120    72     4    58   175   118    85    25   135    36    65   143    65   177   105    43    35   108   171    47    84   166    82    77    28    54    69    91   134   160    92    18    16   168    79   156    11    23    69    60    95   136   147   116    14    72    13    88    20   155    13   173   163    77    56     8    88    15    98    10    57   121   167     7   155    96   123    72    86   164   116    41   160    44    73   166    62   109    49    52   152   120   115   156    75    66     9     3    64    72   122    75    13   107   159    99    99   138    52    71   146     9   102   175   164    87   167   161    61   156    35   114   137    33    34   138    44    92    63   100    24    43    31   177    36    99    38   140   125    29   122   145   140     4    64    57   160    63   168    70    96   141   102    37   112    45     1   123   163    95   108   169   173    36   103    61    50    13    91   132    53    86   113    91    76    73    15 
    1     6    98    95    94   157    31    22    43    39   147    36   163    48    65    89    13    31   115   175    60     7    30   125   107    88   130     3    12    34   110    40    81   148   171    62   108   129    70   144    98    48    56     3   132    27   144   168    28   129   145   149    13    71   101    75   165   114   155    13   169   133   146   161    75    64   144   150   120   141   142    41   155    95    59    10    45   110     3    78    30    60    34    54    66   156     3    49   155   106   175   102    80   136    88    80   164    17   111    49    79   125   142    44    43   121    71    40    63    44    47   148   147   173    38   110    19   125   130    89     1   175   153    67   109    45    95    44    96     8   112   170    34   123    97    66   171   171   172   174   158   109   159   174    75    94     9    60   147    44   122   169    77   146   142    43    14   113   158   152    41    87    38   120    83   153    14    22    35    96   101    61   135   155     2   110   127    38   109   115   152   131    14   131   122   158   148    99    15   142    36     6   146   176   159    27    37   112    64   129   109   137    62    47   100   166   165   171   119    78   170    99    70    74    35     3   155    59   167   104   149    85   111   104    36   156   152   159     8    12    92   142   149   169   107   151    35    63    47   172    38   168   141     4    75   155   152   144    57   106   103   170   118    71    33   145    39    27    29   135   175    84    91    92    84    92    99    96   123    83   115   164    73   111   134    31   118    87    56   150    42    82    15   148    90   166    86   168   155   175    50     6   177    37   120    27   135    17    15   135   157   168   172    48   140   104    17   130   145    32    84    22   169    15    73    15   120   179    71    11    92   137    39    93   111    98     4   179   155    50    71    27    54    58   102   159    83   102   124   139    13    28    61     1   143    72   156   106     2   125   128    47    77    24   148    93   168    32    73    26   109   130    23    90   180   178    89   109   178    37   161     7   118   155   109    42   128    97   100    62    18   121     1    36   112   145    73   161   109    74   123    32    27   142    41    49   110   162    63   109   147   148    20   166   176   110   106    52    10   154    30    12   114   117    38   151   151    84   108   153    63   177   167   152    30     9     9     7    44    69   166   113    42    20   179   160    75   141   127    49   165     3   165    95   169   127    30    66    99   129    68    74    19   143    45   152    94   148    19    90    47   120    16    57   142   145    84    29    63    54     4    30    93    33    55    94   174   162   121   150   150   143   105    37     3    41    43    30   175   115   122    83    97   177    76   173   166    93    82   121    30    65   105   109   136    92   152    46    78   140    33   142   105   163    53    49   141   166   159    44   123   105   167    93     2    31   162   116   154    12    60   106   137   163   167   135    81    17   105    95 
  162   127    50    59   131   148     4   129    61   174    98   136    21    11   147   126    19     6   147    60    26    47   175    10   164    94    32    22    35    33    57   163   168   102    79    94   110   143    74    70   174   179    83    71    63    55   143    62    41    36    93    35   177    84   160   150   168   140    95    63    30    10    53   120    50   167   141   166     9    25     4   126   163    26     1    56   132    59     7    20   155    93   155   113   113    38   165    29   132   160    30    44    80    77    43     1     7   112    79    34    79    37     8     2   160    17    67   116   171    50   127    89    82   141   101    75    10     4    17    71   100    44   155    28   165   112   151    18   101    89    39    39    31    70   171   167     2   104   143    33    81   134   114    90    33   103   111    19   147   132    86   101   157    15   132   139     1   143   175    52   167    45   124   145   108    30   140    47    68    85    81    32    44   148    49    81     7    60    48    55    75   178    79    27    78    71    61    22   117    56    94   107   172   168   107   178    63    58   174     2    77    54   168   161   150   126    69   168   129   117    33    66   121    84   167    51    15   163    10    61    79   179    95    30    51   100    96   114    93    82   127   141   145   158   110    64   171    97   121   134   180    48    56   110    92    94   120    68   143   100    16    51    47    46   176   101   100    76   140    54    81    37   123    60   166     5   171   139    77   138   179    88    24     5    35    90    71   116   176   137    37   176   174    78   135   108    25   160    28   125     3    34    73    20   165    99   121    97    30    13    52    61    34   140   148    94   152    46   108    90    52   117    94   144   104     7    40    14   158    32    75    64    14    43     1    35   169     9   101     4    25   148    95    64   109    50     9   151    96    38   137    71    49    84    18    23    88   111    43   128   173    50    42    70   163    45    56    14   108   150   150    83    32   123   159   130   119    39   177    86    23    62   176    61   112   122    52   152   166   147    16    43    48   159    62    24   167    93    52   155    39   104   115   149    76     3   117   139   128    24    82    31    86    11   108   168    89   158   112   177    82    18   139    27   126    32    20    90   100    11   109   134   173    49   170    48    69     6    46   134   124   161   153    41   123   166    68    13     2     5   175   157    22   133   108   156   173    93    99    20    96   133    81    74   101    98    48   113    83    97   122    24    69    88   166    58   113   138     5   114    69    80    15    36   131   129   139   155   125   117   179   174    43    90    84    68    52    53   135    57   147   172    58    55    39   165   103   110    14   148   121    51   150    36    22    53   176    80    84   158     7    87   101    82   108    72    11   105    84   174   176    13   164    14   165   144    26   135    40   107   122     9    85    64   103    91    22    58    30   177 
  159   123    36    11   120    54   159    36    64    74    24   108    90   153    10    25    66     1     1     1    22    46    12   140    35   149    69    76    20    74   122    63    63    21   141   158   161   111   145   118   126   100    30    44    47   104    32    17   128    97   138    11   141    62   142    67    31   109   147    22    82    33   171    60   174   123   150   127   107    24    87    41    19    47    42    42    36    82   175   165    95   175    21   150    85    38   111   165    65   126     1   162   177    91    27   116    25    52    41   157    17    89   154   155   167   170    71    55   101   147    19   163    52   122   171   108    39    89    45    35   165    62    85    14   118    37   172    18   118    87    16   115   108   151   135   176    34    17    95   102    43    43   115   139    61    20     5   166    18   112   124    58   164   112   167    16    31    18   107    92   150    81   112   109    67   144    89    95    92    62   173   110   147    92   179    24    38    16    29   102   171   145   111   139    19   149    35    56   159    86    94    19    83   151   144   158   178   114   179    85    42   179   149    93   110   108   112   129    19    85   146    27    14    73   106    54    95   153    24     5    13   169    88    48    73   153   108   109    19    81   122    67   125    64    21   144    27     9    28    85    43   157    21    84    58   131     7    31    34    70   137    89    89   165    15    61    67    91   104    59   128    70    72   178   177   170    19   134    39     4   135    54    14    25   109    56   129   134   144    82    26   117     3   165   154    24    51   175    30    54    40    78   122    73    48   160    42    59   170    11    45    91    38    39   147    97   111    47   109    49    32   174   119    96   100     2   173   117   106   136   135    60   108   115    98   157   114    89    89   150   107    91    13   176   174    77    86   107    78    85    26     3   148    64   172   143   106    45    93    84   141    85    96   175   180    18    87    41    13    94    85    22     6   103    39   114   178    27    10   111    56    38   175   123    59    38   177    65   152    89   150    79    99    93    24   174   153    43    61   136    69   113    12   174   152    23   111    89    75   118   110    54    41    58    72    31    39    29   162     5   170    43   158   177   107    90   118    41   127    64   163    68   128    55    23    25    14    72   175    67   179   141    49    93    43    17    96   141    23    86     7    93   145    92   141    10   106    82    35    79    99    49   114   176    57    31   116    58    22    78   160    60   123   103   119   109    59   150   153   153    51   113   152   129   132    10    51   115    44    54   145    21   142    70    76    54   128    89    19   165    17   125    86    92   157    23    46   121    61    16   121    51    67    27   127     4   116    92    67    76   143   180    90   147   148    51    33    15    18    55   152    30   123    19    31   153   137    19     9   155   109   171     7    42    46   142   103    88   116    15 
  155    40    79    83   158    47    91    51   142   134    44    50   169    39    44   140    35   158   163    32    50    55   139   143   136    81   143    14   141    17   128   136     3   171   152    23   131   137    59   132    88   164   165    75     5    19    67    50    88    82   124   138    98    81    25   111    89     5     1    74   113   125    24     4    72   146    84   162   138   155   118   104    83   129   153    37   135   100   148   137    84    40    74   173   132     2   167    86   117   138    49    84     1   101    68    30    38   167    21   180   173    15   139   148   175   176   172    16    10   116   135    86    99    96    45   169    42   108   154   145    29    43    87    40    61    18    18     8    55    62     1   121    20   160    68    75    63   135    98    99    46    40   123    10    54    41    11   133   177   147    87    28     6    12    74   142    23    76   169    91   101   155   156    93    51   170    86    50    44   120   160    73    13    99   142    47   107   154   165    83    55   169   176   105    86    97   164    17    67    54    19    24   124    62     6   154     6   111   166    17   154    59   151   112    12    48    89    41    35   106   158    51    62   162    42   143    24   152    96   150    56   138    12    53    87   162    57     3    79   107   162   109    62    37     1   121   156    89    12   135    90   176   176   167   169   140   159   168    37   156    79    96   143    67    12   124    82   165    50     2    18    80    51     5   110    80   145    21    75   145    32    62   180   158   143   136     7   161    59   175   148    93    84   172   179    10   116    60   164     6   126    13   138    76   146    28    76    64    38   115   176    80     3    48    53   112    22    35    46    89   109    26    71    28    49    66    15   177   156    58     8    34     2    95   139   152   111   137    78    19    96    59    33    49    38    22    15    20   106   161    35    80   141    29    46    72   148   163   179    27   155    15    37    67    56   154     4   171   110   166   121    91    73   115    18   159     4   157   101    71    68   151     1   113    13     7   115   125   138   148    71     6    13    81    88    26   158   148    51    68   113   173   101    48   105   140   133   147    64    36    85    39   163    29   141    85   173   163   165    46   156   135   117    83     1    25    83    52   174    23    11   175    82    46   136   106   119   157   139    42   145   141   121   136   143   149     7   156   166   172    44    11   132    83    38    75    48   115   100   157   176    79    22   163   158    88   103    68   171    16   141    58    51    29    34   121   159    78   167    92    20    85    82    30   110    35   170   171    90    58   118   151    53    56   143   135    43   129   113     4    60    18    92   150   144    33    15   152   168   122    18   118   109   137    43    96   104   129    78   165    55    34    23    30     5     3    85    72    11   180   154    48   106    30    52   151    58    83    90   174   141   120    30    93   166   123   151   107   163    77 
   23   165   158   133    44    35    94   119    94    43   140    13    18    21   122   132   107   121   131    21    12    88    46   178   160    18   162   123   165   118   168    39   153   135   178   134    41   106   157   136   144    26    27    93    15    23    61    77    57   169    73   119   105   123    49    25   112    75   168   101   134    55    30   113    35   177   117   136     9    23    74    15    65    94   139    82   111   144    55   149    24    29    18   162    34    23    23     6   152    94    16   121    51   124    14   135   134   171    40    44    62   128    87    92    16    21   155   127    49    26   169   169   171   165   123   155    18    10   135   135   155   106   114   131    12   152   104   146   171    30     9   107     2     3   128   109   108   100    34    97    35    88   113    74   158    58   171    30   110   107     6    89   111   161   142    65   129    56    17    66   150   135   161   144   157    10    20   174    50    95   141   130    29   144    65   180    86   111     2     9   155   150   104   129   178    88    16    29   114   111   120    22    64   156   180    34   166   163   113     1    41   116   178    90    43    93   174    51   168    84    66    29   158   168    80    29    79   149    97   139    29   106    44    94   142   136    93    79   164   174    89    19     5    41    57   147    77    21    76   164   134    99     5    11   168   127    91   130   147    72    78   161   175    82    41    16    85   118    28    86    75   179   145    77    98    46    62   152   146   178    13   180    11   179   138     8    67   173    97   168   122    39   172   140    61   146    37   110    54    79    79   117   144   178   162     5   175   118    94    73   141    36     3   171    59    32    57    60    80   144   141    53   135   155   158    97    97     7    23   112    69    99    37     4   108   172   160     5   146     8    77    94    37     4   116    86   155   108    28    86   144    54    94   113   137    53   128    61    16    43   112   162    90   117    33   108    93   113     7    96    83   144    25    89   134    43     8    38    41    55   112   153   157    44   154    52    73   167    55   106   151    88   151    73   162   168   171    68    88    40    60   158    31    20    57    42    58   117   147     8    24   128    98   146    30   158   133     3     5   139    94    23    34   156   120   167    32   137   172   128    12   111   147    99   175   118   103   124   162   132   106    89    24    73    75    59   173    77   178    44   137    29   179    77    21   140   129   172   132   104    57   130    95    78    78   179    80   161    68   163    43   116   159   168   151   122   125   141   124    42   152    85   180   140    70     7    17   101     7    52    68   168   124   169    48   151   171   154   162   177    79   108    56   154    58    15   170    10   177   168    85    91   151     4     5    56    93    70   148    76   135    50     6    48   151    54    99    74   110   148   143    45    59   162    20   114    72    17   103   134    23    31   177   145   175   134   145   139    48    59 
 0.00  0.30  0.36  0.32  0.37  0.31 
 0.30  0.00  0.27  0.23  0.40  0.26 
 0.36  0.27  0.00  0.24  0.23  0.35 
 0.32  0.23  0.24  0.00  0.26  0.20 
 0.37  0.40  0.23  0.26  0.00  0.20 
 0.31  0.26  0.35  0.20  0.20  0.00 
