10 12
2
      2948
      2892
  2.9  26.4  71.2   2.4
  4.4  42.9  39.5   2.3
  3.5  39.0  37.6   1.7
  1.7  46.8  65.9   2.0
  3.0  19.4  21.3   2.0
  4.1  45.6  66.2   2.2
  1.2  30.7  25.0   1.8
  1.8  20.0  82.9   2.0
  4.4  38.2  87.6   2.2
  4.7  36.4  29.2   1.7
  2.3  22.6  89.5   2.0
  3.3  35.3  66.6   1.5
  3.6  22.8  17.3   2.3
  4.9  48.9  89.6   2.5
  3.4  33.1  94.4   2.1
  1.5  27.8  38.3   2.0
  3.8  39.3  27.0   1.8
  1.1  30.9  71.6   1.9
  3.4  42.0  80.7   2.1
  4.9  13.3  48.3   1.6
  0.2   0.4   0.2   0.4   0.3   0.3   0.3   0.4   0.2   0.4   0.2   0.3   0.2   0.4   0.3   0.3   0.4   0.4   0.3   0.4 
   16   170   111     5   118   160    46    16    57    24   171    30    95    83    40    72   173    37    61    17 
  174    49    95    69    21     5   101   141    58   106    12    11    25   117   176   156   119   114    51   126 
   73    36   111   150   106   140    11   165     2   100   148   114    61   170    79    18   156   161   104   128 
  150     2    17     5   157    12   100    19    35   141     6    21    17    98   149   180   149    59   109   121 
   25    20    18    63   166    23   103   105   118   146    46   149   115   126    45   105    51    10   176   115 
   30   112    84    10    31    91   129   129    68     3    16    19   116    32    56    30    96     5    22   149 
   18    61    29    80   122   139   164    52   162    90   146   133    86    86   180   170   107   112    42   158 
  120     4   171    40    11   148    78    11    74    42    15    99   157   124    12    25   107   106    79    56 
   68    71    70    14    89   120   162    58   103    99    69    89   159    82   120    30    11    52   118    79 
  176   104   159    42    41   163    53   143   150    96   102    75   102    19    20    14   121    54    97   132 
  136    40    79   114    25    67   179   179    62   154    12    39     9    78    64   122    73   162     8    96 
   84    33     9   118    87   138    70    19   109    13   139    53    47   177    43    75   112    17   142    55 
 0.00  0.23 
 0.23  0.00 
