60 12
6
     18262
     17509
     17701
     16013
     18355
     17878
  2.3  38.2   5.7   2.2
  3.5  29.1  39.4   1.7
  2.8  23.1  46.7   2.4
  4.1  22.4  37.9   2.4
  2.0  35.6  55.5   1.7
  3.3  27.8  42.9   2.3
  4.1  22.0  40.9   2.1
  2.8  28.8  15.4   1.9
  2.9  16.9  34.5   2.3
  2.4  46.7  66.8   1.7
  3.8  21.1  21.8   1.6
  1.7  16.4  62.9   2.4
  1.6  19.1  26.2   1.9
  4.9  39.9  73.7   1.9
  2.9  31.5  86.7   1.6
  2.5  29.6  36.9   2.2
  4.5  23.7  17.4   1.8
  4.4  48.3  17.4   1.5
  2.7  10.9  85.0   2.2
  3.4  14.3  89.1   2.3
  4.8  13.8  65.9   1.6
  1.3  20.1  52.2   1.6
  4.6  42.5  79.2   1.9
  2.0  35.9  77.5   1.7
  4.6  38.1  41.2   2.0
  1.0  39.4  24.7   2.2
  4.3  21.8  59.4   2.2
  1.9  16.4  26.9   2.1
  2.2  15.6  69.2   2.2
  4.4  32.3  89.2   2.3
  1.2  34.3  77.0   1.7
  3.4  47.0  52.3   1.6
  1.1  47.7  50.7   1.5
  4.8  14.5  83.3   2.4
  1.9  29.2  63.3   2.4
  3.2  15.5  72.1   1.6
  2.6  20.8  34.1   2.0
  4.2  49.7  83.1   1.6
  1.1  40.0  40.8   2.5
  2.8  15.0  91.8   1.5
  2.6  33.8  86.7   1.8
  3.0  17.2  23.3   1.7
  4.8  47.9  66.5   1.9
  1.6  18.2  48.3   2.4
  1.2  12.9  30.1   1.9
  2.1  30.6  70.0   1.6
  2.0  27.7  35.8   1.6
  2.8  16.1   6.7   1.7
  2.4  18.6  65.1   2.3
  4.5  27.6  74.9   1.6
  5.0  31.5  57.9   1.6
  4.5  20.6  80.9   1.9
  3.4  30.2  93.7   1.7
  2.7  49.0  81.2   1.9
  3.3  11.5  22.3   2.1
  1.2  18.0  72.3   1.5
  4.1  27.2  73.4   1.6
  3.8  13.5  83.0   2.3
  4.5  15.6  50.1   2.0
  4.8  39.9  27.9   2.4
  2.7  33.1  92.4   2.4
  1.2  49.2  89.2   1.5
  1.4  21.0  19.7   2.2
  3.8  32.8  63.8   2.0
  2.5  40.2  70.1   1.7
  4.1  49.6  81.4   1.5
  2.8  34.6  33.0   1.7
  4.0  14.2  28.7   1.7
  1.5  24.5  76.4   2.3
  4.0  43.1  70.7   1.7
  1.3  18.2  83.9   1.9
  2.4  41.4  26.9   2.4
  3.9  29.1  81.7   1.6
  2.5  26.3   8.0   1.7
  3.4  37.6  18.6   1.9
  2.9  46.6  79.3   1.9
  4.8  19.6  52.0   2.0
  1.8  12.6  22.9   1.9
  4.1  37.8  12.8   2.1
  5.0  24.1  72.1   2.4
  2.8  29.7  87.0   2.3
  3.1  30.4  78.4   2.2
  2.5  19.4  29.3   2.0
  2.9  36.8  17.3   2.0
  3.4  40.4  79.7   2.0
  1.8  41.9  16.0   2.5
  4.5  34.5  82.3   2.4
  2.0  37.2  75.9   2.1
  1.9  40.2  67.0   1.6
  5.0  13.9  73.1   1.6
  4.9  42.4  62.9   1.8
  3.0  35.7  20.8   2.2
  3.9  47.8  87.9   2.4
  3.0  27.2  11.7   2.4
  4.5  41.8  74.4   2.4
  1.1  20.6  49.4   1.6
  4.4  16.5  47.9   1.7
  3.9  25.4  77.1   1.5
  4.2  14.4  33.7   1.8
  1.8  45.7  22.0   1.7
  3.7  23.8  41.3   2.0
  1.8  33.7  33.0   1.5
  1.4  36.2  29.5   2.3
  1.7  28.8  58.0   2.4
  3.0  14.9  23.5   2.1
  3.0  35.3  41.6   2.3
  3.9  26.0  20.7   2.4
  1.1  13.3  90.8   2.2
  2.8  36.5  43.1   1.8
  1.5  29.9  66.9   2.3
  2.0  20.5  44.9   2.4
  3.0  14.9  48.8   1.7
  2.2  42.1  18.4   2.2
  3.3  24.4  16.2   2.4
  1.6  23.8  34.1   1.9
  1.9  41.0  47.1   1.5
  3.4  35.3  28.8   2.3
  3.7  27.6  76.2   1.5
  4.0  15.5  16.0   2.5
  2.0  42.8  68.6   2.4
  2.0  16.8  88.8   2.0
  1.9  35.4  34.5   1.9
  1.5  42.5  44.3   2.0
  4.3  45.4  68.4   2.4
  3.9  15.6  72.6   2.4
  4.3  48.6  12.9   2.1
  1.8  16.7  60.8   1.9
  3.0  43.5  47.7   2.1
  3.2  18.7  88.2   2.5
  4.7  18.2  71.2   2.3
  3.1  33.5  65.3   2.2
  3.4  48.0  94.3   1.9
  1.9  10.6  28.5   1.9
  4.6  41.2  75.8   1.9
  1.5  25.7   7.9   1.9
  4.4  39.2  66.4   1.5
  1.8  14.2   5.5   1.8
  4.8  25.4  69.9   2.2
  1.6  30.4   7.6   2.0
  3.4  49.9  57.5   1.9
  3.1  16.4  57.7   1.5
  1.9  43.0   9.7   1.7
  4.9  39.8  32.9   1.7
  4.3  41.0  47.7   1.6
  1.5  15.3  60.7   2.0
  2.7  18.4  34.8   2.3
  4.2  45.5  53.7   2.0
  3.5  48.4  76.4   2.5
  4.2  21.3  42.2   1.9
  2.2  25.2  14.5   2.2
  1.2  18.8   5.9   1.9
  2.0  39.9  44.6   2.4
  4.4  30.3  11.5   1.6
  2.4  35.3  26.9   1.9
  4.7  28.6  62.6   2.5
  1.8  13.9  73.8   1.6
  1.0  19.5  52.1   2.0
  3.3  14.3  89.6   1.7
  4.9  45.8  61.8   2.1
  1.8  19.4  29.8   2.1
  4.5  48.5  69.6   1.6
  2.2  32.8  20.6   2.5
  3.6  41.5  78.8   1.7
  4.0  26.6  43.3   1.9
  1.4  42.1  68.2   2.3
  1.1  44.6  51.2   2.1
  3.2  35.9  16.3   1.8
  2.8  44.3  69.7   1.9
  1.5  22.9  25.0   1.9
  1.5  25.4  44.3   2.2
  3.4  41.9  15.0   1.7
  1.9  29.0  19.5   2.1
  3.5  41.3  35.3   2.4
  4.7  29.7  24.3   2.1
  1.8  30.7  28.1   2.4
  3.8  33.1  70.5   2.5
  3.5  31.1  30.7   1.8
  1.1  35.2  15.5   1.7
  2.2  31.8  74.8   2.4
  2.4  14.3  27.8   2.0
  2.8  18.4  86.8   2.1
  1.3  28.2  40.0   1.7
  2.3  49.0  13.2   2.5
  1.2  40.8  66.1   2.5
  4.4  37.4  85.0   2.4
  3.6  21.4  35.3   2.3
  4.0  39.4  16.1   2.2
  2.2  11.3  43.5   2.5
  1.2  11.6  77.0   2.1
  1.4  34.8  86.1   2.1
  1.2  19.4  24.4   2.1
  1.3  32.9  91.5   2.4
  3.7  30.1  68.6   1.8
  4.6  42.7  57.3   1.8
  1.1  41.5  13.1   1.8
  3.4  12.9  16.0   2.5
  4.0  14.8  75.2   2.4
  4.5  30.4  62.8   1.9
  1.3  49.4  26.3   1.6
  3.2  49.3  42.8   2.0
  2.1  27.7  79.4   1.7
  3.1  45.5  72.5   2.5
  2.9  43.9  71.8   2.3
  3.2  26.4  44.7   2.4
  2.4  31.3  55.8   1.9
  1.7  49.6  65.1   1.7
  3.3  18.6   8.1   2.4
  2.2  14.3  22.1   1.9
  1.3  23.2  78.4   1.7
  1.3  14.0  74.3   1.5
  2.8  45.2  67.2   1.8
  4.1  30.3  86.0   1.8
  3.5  28.6  46.2   2.5
  2.0  17.6  28.8   1.9
  1.8  39.9  42.6   1.6
  2.5  49.9  53.1   2.0
  2.7  24.2  37.7   1.7
  1.9  11.9  34.2   1.6
  2.9  22.8  92.9   2.2
  2.5  41.9  35.1   2.1
  3.1  33.7  90.9   1.7
  4.8  34.4  38.1   1.5
  1.6  13.6  28.0   1.5
  3.0  13.8  59.6   2.3
  1.7  25.4  81.2   2.1
  3.1  25.6  71.8   1.5
  1.3  19.3  92.1   2.3
  3.2  24.9  52.1   1.7
  1.3  46.4  67.9   2.4
  2.2  16.7   9.2   1.9
  2.9  12.4  65.9   1.7
  1.4  43.6  29.2   1.6
  2.1  45.6  13.3   2.5
  1.6  28.4  43.1   1.6
  3.4  11.9  22.0   2.1
  4.8  33.3   5.9   2.5
  2.6  39.9  82.7   2.4
  4.8  21.4  13.5   2.1
  2.1  46.3   7.9   1.5
  2.3  21.4  90.2   2.2
  3.6  36.3  38.4   2.4
  1.3  46.9  78.8   1.8
  3.4  13.7  45.6   1.5
  1.8  45.4  66.0   1.5
  2.1  31.6  10.8   1.9
  2.6  36.3  36.0   2.1
  4.8  41.1  10.6   1.9
  1.2  13.8   6.0   1.9
  3.9  10.6  92.0   2.2
  3.2  42.9  41.5   1.8
  1.7  24.0  64.3   1.9
  2.7  46.4  85.0   2.4
  1.6  47.4  52.2   1.6
  4.6  39.1   8.4   2.1
  3.1  19.2  46.7   2.1
  3.3  30.2   9.2   2.5
  1.5  27.5  62.7   2.4
  1.3  38.5  52.9   1.7
  3.7  18.6  82.2   2.3
  1.7  46.5  42.0   1.7
  3.8  28.5  61.1   2.1
  3.5  38.7  41.0   1.9
  2.4  19.6  66.0   2.4
  2.3  28.3  63.1   1.8
  3.6  31.7  39.4   1.8
  3.4  45.8  37.4   1.9
  2.2  17.2  54.9   1.7
  4.9  18.5  13.6   1.9
  4.1  20.3  41.9   2.0
  3.5  31.8  88.8   1.9
  4.5  49.8  68.9   2.2
  2.3  44.6  85.1   1.6
  3.6  45.2  39.5   2.5
  3.7  48.9  59.9   1.6
  1.1  37.3  71.7   2.2
  4.9  27.0  68.3   2.1
  1.6  30.4  67.8   1.6
  1.8  35.4  37.2   1.9
  4.5  13.1  85.1   2.3
  2.2  28.2  34.8   1.9
  4.9  35.5  71.4   2.1
  1.6  22.2  24.7   1.8
  4.2  10.5  25.6   2.0
  4.4  26.5  39.8   1.8
  2.4  12.2  76.6   2.4
  2.3  45.3  58.4   2.2
  3.9  39.9  50.3   2.4
  1.4  10.5  82.8   1.8
  3.3  16.3   7.1   2.3
  1.2  19.2  28.7   1.9
  4.9  48.2  13.8   2.0
  2.4  41.2  46.8   1.9
  2.1  25.6  18.2   2.4
  4.3  36.1  43.1   1.8
  4.1  37.2  77.2   1.8
  1.1  11.4  70.5   1.8
  4.7  37.6   8.8   1.8
  4.0  41.1  50.6   1.9
  3.6  39.8  92.5   1.8
  2.1  49.4  65.9   2.3
  1.4  11.2  25.8   2.0
  1.2  37.5  75.2   2.3
  3.4  28.7  45.9   2.5
  3.9  24.8  63.5   2.4
  1.5  29.5  74.7   2.0
  1.9  13.2  26.5   2.0
  4.2  31.1  15.4   1.6
  2.7  34.5  79.7   1.9
  2.5  46.1  13.7   2.5
  1.7  45.7   8.7   2.3
  4.5  12.7  13.5   1.7
  4.2  44.0  76.5   2.0
  4.0  40.0  62.0   1.6
  2.1  30.7  10.2   2.3
  2.7  32.5  84.0   1.8
  2.2  48.5  41.0   2.0
  4.1  28.2  62.3   2.2
  3.0  16.0  21.6   2.4
  2.0  24.9  35.9   1.5
  4.1  20.4  22.9   2.3
  1.9  13.7  85.6   2.3
  2.8  28.9   7.4   1.9
  2.2  39.7  18.0   1.6
  2.6  31.7  43.6   2.4
  4.5  17.9  61.4   2.5
  3.7  19.4  88.2   1.8
  1.6  40.4  77.4   2.1
  2.2  15.2   5.8   2.4
  4.6  10.2  63.6   2.2
  3.9  50.0  69.7   2.5
  1.7  25.3   6.9   1.7
  1.6  35.3  54.0   2.1
  2.0  27.9  11.6   1.7
  1.8  37.9  19.5   1.5
  2.0  24.7  37.4   2.1
  3.7  32.8  18.2   1.6
  3.5  20.5  45.5   1.6
  4.0  40.8  21.4   1.7
  2.6  24.5  28.8   2.4
  2.9  48.7  43.0   1.8
  2.2  24.6  49.2   2.5
  2.5  34.7  48.5   1.6
  3.6  36.8  32.0   2.2
  4.2  25.2  45.0   2.2
  2.6  21.0  11.8   2.1
  1.7  17.4  48.2   2.3
  2.6  23.9  66.7   1.7
  4.9  49.7  60.9   1.9
  2.4  44.8  20.1   1.7
  3.1  29.2   6.0   1.7
  4.7  12.7   8.0   1.7
  2.8  30.8   9.6   2.2
  2.1  34.9  21.6   1.9
  4.3  23.4  71.4   2.3
  4.8  10.4  71.4   2.0
  3.8  44.0  50.8   2.1
  2.4  41.0  81.3   2.2
  1.7  33.7  74.7   2.1
  2.7  22.4  54.5   1.6
  4.8  48.5  71.0   2.3
  0.2   0.3   0.3   0.3   0.3   0.2   0.3   0.2   0.4   0.3   0.4   0.3   0.3   0.2   0.3   0.3   0.2   0.4   0.2   0.4   0.2   0.3   0.2   0.2   0.2   0.2   0.2   0.2   0.4   0.2   0.2   0.3   0.3   0.3   0.2   0.4   0.3   0.3   0.2   0.4   0.4   0.3   0.3   0.3   0.2   0.2   0.3   0.4   0.3   0.4   0.3   0.4   0.2   0.2   0.4   0.4   0.3   0.3   0.2   0.4   0.4   0.3   0.4   0.3   0.4   0.2   0.3   0.3   0.2   0.4   0.4   0.3   0.3   0.4   0.3   0.3   0.4   0.3   0.3   0.3   0.4   0.4   0.3   0.4   0.3   0.3   0.2   0.4   0.3   0.4   0.3   0.3   0.3   0.2   0.3   0.4   0.3   0.2   0.3   0.2   0.3   0.4   0.3   0.3   0.3   0.3   0.4   0.3   0.4   0.2   0.3   0.2   0.2   0.3   0.2   0.3   0.4   0.3   0.2   0.3   0.2   0.2   0.3   0.3   0.2   0.4   0.3   0.3   0.3   0.3   0.4   0.3   0.2   0.3   0.2   0.2   0.4   0.4   0.4   0.3   0.2   0.3   0.4   0.3   0.2   0.4   0.3   0.2   0.3   0.2   0.3   0.4   0.2   0.3   0.2   0.3   0.3   0.3   0.2   0.4   0.4   0.4   0.4   0.3   0.3   0.3   0.2   0.3   0.3   0.3   0.2   0.3   0.3   0.2   0.2   0.4   0.3   0.3   0.4   0.3   0.3   0.4   0.3   0.4   0.4   0.2   0.3   0.3   0.2   0.3   0.3   0.3   0.2   0.2   0.2   0.3   0.3   0.3   0.2   0.3   0.2   0.3   0.2   0.3   0.3   0.4   0.3   0.3   0.3   0.3   0.4   0.2   0.3   0.4   0.3   0.2   0.3   0.3   0.2   0.4   0.4   0.4   0.3   0.3   0.2   0.3   0.3   0.2   0.3   0.3   0.3   0.4   0.4   0.4   0.3   0.4   0.4   0.3   0.2   0.3   0.4   0.3   0.3   0.2   0.3   0.4   0.3   0.3   0.3   0.3   0.3   0.3   0.2   0.4   0.3   0.3   0.4   0.4   0.4   0.3   0.2   0.3   0.2   0.3   0.4   0.3   0.3   0.3   0.3   0.4   0.3   0.3   0.3   0.4   0.4   0.4   0.4   0.3   0.2   0.3   0.3   0.3   0.3   0.3   0.3   0.3   0.4   0.4   0.4   0.3   0.2   0.2   0.4   0.4   0.2   0.3   0.4   0.3   0.4   0.3   0.3   0.2   0.2   0.3   0.2   0.3   0.2   0.2   0.3   0.3   0.4   0.2   0.4   0.4   0.4   0.3   0.4   0.4   0.2   0.3   0.3   0.2   0.3   0.4   0.4   0.2   0.2   0.3   0.4   0.3   0.3   0.2   0.4   0.4   0.3   0.3   0.3   0.4   0.2   0.3   0.2   0.4   0.2   0.3   0.4   0.3   0.4   0.4   0.3   0.3   0.2   0.3   0.4   0.3   0.2   0.3   0.3   0.4   0.4   0.3 
  110    43    12    48    78    72   148     5   160    20    96   130   171    66   145    59   129   109    17    49   118    46     6   171    20   120   106    16    80   100    35     3   131    56   102   100   106   180    49   172   137    58    91    59    58   109    91   105    48   120    41   151   151    78    53    68   147    23   140   172   101   160    99    25   179    72    76     1    69    84    90    65   121   113    16    88   174    85   174    29    54   180    87    62    40    91   115   145   167    26   180   151   110   144    98    61    96   164    33    41   117     2    91   102    50   116    61    90    65    10   159    92    94    54    49    75    19    12    10     6   125   143    21    95    36   100    60   124   176    46   178    26   117   170   171    83    56   125   119    38     4    17   160    46    65   167    34    93    91    87    26   170   174    77   142   110    22    19    35   166    68     7   135   175    40     4    92    96   130    25    63    91   121    11   159     5   110   132    91    99    45    83   130   113   165    10    60    49    38   137   178    64   124   112   121    21   137    21   112   100   178   141   169   156   170    29   168    51    40    31    26   129    17   132    75    35    90    81    86    98    90    95    38   176   144    85   123    24     4   128   112   153    27   104    65    75   140    17   156    76   119     5   107   154    12    50   113    22   167   123   116    59   138    86   158   143    11    62    33   135   119   160   168    59   107    19    99    86     6    62    66    42   144   123    69    24    37   144    56    53   156   104   104    23   130     4    91   119     3   120    47   160    85    11   149    30    63   164   176     7    67   141     6   136    84    92   124   136    51    55   163     5    20   128   150   140    50   101    12    77   163    74    62   174    90   164   165    93   153    32    13    85   135   158   139   104   134   124    65    40    24    35    10   170     5   107    42    34   103   167     7    63   118    15    40    75   123    75    50    63 
   73    32     2   164    84   107   153    43   170    99    51   144   104    62   175   129   131    25    83    89   167    24    70    83    88    74    31   127    24    33   126    66   122   179   116   173    16    23    72    44   123   155    30   109    88   144   142    83   135    93    31    80    39    80   141   144    84    67   173   111    28    65    47   103    53    88   143    13    88    34   140    31   111   110    91    63   138    19    78   174    99   142    59    21   125   145   176    33    86    22   171    48    42    73   166    94    54   108   108    87   156    21    29     6    71   179   115    26    88   143   128     8   139   130   100   135    32    10    95   180   130    24    16   174    35   152   109   103    67    50   143    45    16    74    14   120   118   133   131   104   175    16    64   142   170    61   111    54   150    95   101   174    17   110   162   167   167   109    79   138   125    57    85    98    40   136    22   175   176    14    72    53    47    84   130    91   114    58   153   152   113   146   170    34   161    69    65    79   161    72   150    48    25   112   117    58    77    33    35   129    88     2    13    95    44   148    31    70   159    74   140    83   175   117    49   145    46   105    48   179    81     1     2    37   121    88    28   141    99   145   161    88    62   122   163    74    54   126   114    44   146   145    87    67   106   172    40    58    48   104    44    83   172    22    34   101    12    12   180    72   122    16     4    89    50   143   129    48    31    88   157    53    43    12   122    83    76   131     5    39   159   173    83    63   155    91    98   137    50   120    89   178    56   168     5   141    11   113     5   110   115   122   155    51    48    43   132   108    86    56   123   101   156    39   145   143    95    37   135    59   169   151    37    71    10     3    17   113   161   105     8    40   126    84    91   132    47   150    59   138    79   171   163   159    37    57    36    21   110   160    91   106   164    84    20    72   175    88   145    99 
   58    17    48    31    94   113   148    65   158    33    85    39    90    76    55    51   124   152   124     3    44    49   147    97    81   120    24   153    45    48   114   177    97    44    41    68    86    99    14   165   130    56   149    90    85    22   135     4    72   151   113    16    50   179   172   118    57   172   115    10    55   142    81   161    60     7    34   117   168   100    12   123    40    73    37    41   157   153    78     8    78    64   134    89    54   127   119    66    77    63    66   137   146    81   120     8    25   119   129    27    81     8    26   141    48   146    19    80    52    70   175   171     1    29   178   114    89    96   109    80    44   132    73   165   152   101   156   170    73   155   177   107   146    31    56   146   122    99   146    62   100    53   140    67    50    36   172   177   138   101    42     2    30     7   105     5   170    81    28   122    95    53   130    92   113     8    35   117    15    56    12   102   135    30    79    68   120   175    28    11    56    15   140    92   130     9   165    89    33   162    31   174     7   156   142   116   106   162   180    24    96    40    79    19    51    28   153    30   121    68    88    20    39    35   128     8    39    63    95   118    55   158   126    62   167    49    51    22   152   132     2    86   116    98    30   168    77    22   160   119   126     9   102   154   124    15    75    65    55     5     3    90   110   171    98    75   125    24    79   149    11   108    13    93   170   179    14   113   164   142    23    54   105   138   165    83    22    48    40   173    60   138   155   154    32    64    55     4   156    76    82     6   173   176    64   109   139   122    30   152   131    94   163    50   120   129    46   101    77   121   171   106   133   178   109   155   141    98    38    52   118   153    64    20    54    90   118    63   179     6    32    13    49    56   168    33     4    42   170    26    98   165    60    64   125   158    78    98    56   105   151     8   158   160     7    17    74   125    56    40 
    2   142    98     6    27   179    27    71   158   137    36    27    99   158    60   135    38    58   165    95   128   175   127   146    84    71    60   122    54    31    89     6   148   130     4   104    23    25   177   125   103   180   150    56   175   108    41   114    96   172    42    98    57   116   123    41    95    36   124   163   133    52   118   113   109    89    83    21   155   174     5    31    46   112   104   172    51    81    93   115   115    55   155    37   108   165   139    36   178    35    21    87   128    88    89   171   113   143     2   150   161   104    77   138    56    94    92   173    69    36    61    14   109    27    82   108    63     8    17   145    41    91    11     1    70   115   140   176   171    93   114   133   109    27   109    84   101   113   174    75    22    16   150   163   116    85   156   176   149   100    23    64   171    78   124    94    52    34    39   161   140    53   152    69   166   129    78   143    16   135   163    37   152    60    14   168     4   168    71   117   146    69    94    99    36    21   101   108   138   142    62   126   150   169    19   120   170    89   150     2   157     6   153   121   140    52    49    43   160    29    20   124   148    10   129   134    92   107   174   155    35   135   161   114   119    86   176   118   117   143    39    77   142   164    35   141     3    43   149    87    76   134   148    78   129   176   107   163    43    28   136    99   127    40    22    33   155   134    12   168    16    83    64   108     3    95   155    46   102   128    50    33   176   167    47     1     1    70    99    18   130   117    21    45    16    36   141    87    76    13   100    49    48    80    88   180   169    43    89   180    48    75    77    73    97   151    81    23    87    46   142    73    67    87   108    52   158    81   150   173   105    94    20    36   140    88   147    96   156    68    40   154   178   128   123    18   151    59    79    88   133    23    39   118   103   127   179   159   138   157    35   163     1   179     9    36   140    82   112   163 
   96   137    67    44   163    33    10    32   136   140   177    78    50    41    84    67   153    78   111   105    84   157   111     9    80   150    36   149   175   118    63   107   116    10   103   141   132    55    92   138    72   156   127    44    61   169   173    42   177   120    66    29   139   104   125    30   101    61   146   171   140    59    66   124    37    86   148   142    97    33   126    63   113    20   107    92    58   159    66   131    51    87    51    43    49    11     8    79     3     5    40   111    59   116   131    94   132    30   108   121     4    79   165   174    37    45   150   170    35   139    64   105     3    83   175    71   148    60    52   155    25    73    20    55   112    88   178    31    13    46    12   165    96   169    74    64   161   126   133    31   100   163    50   113   162   115   152   140   128   175    63    86    81   107   134    68   155   133    80   101   171    36    59    78    68    68    41   103   127   151    99     1    39    56    91   161    44    95    71    32    31    14    19    67   164   176   175    48    80    88   140    77   154    94   175    55    88   159    33   172   148   145    58    95    82   138    80   174   106   136    80   111   136   119   107   172    69    74    28    13   147   156    87    42   169   126    51    42   123   176   178    45     4   152   122    23   120   113   133   111    93    43   123    95    33   138   174   131    50   171     5   101   116    11     6   127   128   117   113   172   169    43     6   149    16   134   174    30   133   129   175     1    58    28    32   139    91   132   162    97    93    11   115    66   145    90    43    26    82    15   119   178   132   164   135   153    84    83    22   103    46     4   117   104   104   121    85    34    68    49    80    80   162    82   119   122   107    19    63   145     9    63    95    79    41    97   157    40    74   112    10   166    87    62   139    82   174    75   127   132    25   143    10   149   131   172    19   132    13    76    54    68   103    48   165   138    21    63   132   174 
  153   169    26    30    92    20    11    71    61   151    33    88    52    55     4   114   156   122    57   160    76    72    58    86   129   155    84     2    21   130   109   169   149   119    39    59    89    30    44    22    21    15    48    34    21   153   173   134   164   176    89    39    46   175    68   104    30    36    20    95   130   112    99    42    77   116    41   116    68     5     6    55    44   122    75    27    40    82    30     1   139   174    27    50   155   101   156   174    71   117   164    26   168   169    73    72    64    88   110    81   178   125   167    82   108     4    70    59    47   127     6    20   114     2    37    37    43    67   130    13    22   179    19   115   158   131    82    51    89   104     9    95   157   145     3   153    49    88    17   103   122    71    17    83    79   140   164    70   170   152     1    27   100   149   111    97    85   170     7    21    34    22    86    84    29    66    56   171   126   159   104    42   113   115    88    13    60    62   170   136    82    37    43   165    10   117    47    15   120    89   100    61    17    70    49    21    71    27   107    56   157    73   125    20    23   142   103    11   159    82    82    66    29   173   155   110   154    52    86    90     2   152    58   168    80    64   147   132   143   104    77   135    35   114    55    97    81   120    53   133   153    91    91    17    53   175    67    99    75    60    46   163    11    61    93   167   134   104     6    52    25   103     8   114   117     3    50   106   134    65    47    84    73    18    91   126    72    74   134   166    31   137   151   156   156    69    93    49    81     4   126   127   131    54    97   166   134   120   120    16   169    98   134   138    20   111   112   165     7    42   158    55    39    30   152    77    43    89   177    80   127   135    64    29   156   144    46     5   116    31    44    59    87    62    73    40    98   171   159   163    96    83     6   134   152    96    26   122    68   176   104    38    58     4   163    43    93   159   180   180 
  123    97    12    41    57     4   179    99   143    74    38    22    53   159    63    60    73    93    58    25    36    41   133    55   136    93    67   124   162    65     1   178    11   146    57    46    38    10   126    62    86    84    57    73    16    81   128    22    70   175    54    43    68    56   160   103    62    40   125    52   158    13    16   107   118   160   109    46   172    70   163    41    57    21   177    48    94   110   167    80    91   124   136     2   170   117    69    71   142    22    84   180    72   155    55   145   140    28    31    44   100    42   161    89    40    45   150   116    12    10    87    49   146   155    62    76    92   122    50    35    50    62    66    22     7   180    18   177    14   128    90   176   140   138    66   170    49     2    90    69   154    99   120    70   104   132    20    52    16   111     6   125    57    35    16    72   146   106    95    17   119    83    45   119   159   164    32   165   104   138    88    29    89     9    73   124   170    89    94   147    56    35    51   110   156   139    63    57    87   121   140    89   122    11    49   111    11     4   171    44    77    97   132   160    81     5   143   168    51    94   155    84    14    83    20   100    35    26    26    56   170    30   164   134   175    89    36   149   103    97   112   158    10     3   114   150   169    39   137   123   159   157   117    50   137   106     8    94    15   134    72   164    52    66   174    47    93    86   113    85   116    17    40   130    91   119    12   134   166    69   133   171    74   134   180   123   169   160   140    91    43    86   166    64   133   180   150     7    10    59    58   163   129    94   142   179    18     2   173    71    20    72    21    89    63   106   106    39    70    75    33    26    22   134    32    91    25   111    78   145   176   179   173   144   145   132    42    96    71    64   149   124   177   157    50    43   169   177   115   111    23   177    97   142   128    41   172   159    52    73   165   159   141    75   137    27    24    45   113   147 
   19   110   114    12   120   163   167    16   147     8   169   173   159   156    19   158   115   109   140    39   169    54   152     6   154   115    87   119    99    24    65    19   156    30    24    11    65   168   166    44    33    60   107    47    74     6   148   174   169   160    24    98   180   154    82   170   123    14   149    75   150    91   159    84    75   147    49    10   123   147    48    58   104   177    26   150    24    85    95    44    90    48    57    15   163    28   118   163    31   180    30   104   107   144   147   138    35    35   105   111    46    56    93   160    81    92   112    68    94    35    87    28    12     3    21    42   180    23    24   132   178   166   103   118   126   170    51    34    34    80    40   160   150    24     3    14    21   112   157   102   175    24    60   166   121     8   144    87    58   119   163   128   114   172    76    56   168    59   104    95     5   171   165   117     1   142    42   120    68   135    57    39   153   120    11   139   163    44   110    11   171    13    90    27    81   164   128    94     7    89   164   121   148   104    70    54    86    97    43   175    77   150    26    53   122    50   175   165    48    81   138   156    98    52     9   127    61    34   169    17   176   125     3    97   142    76   160     5    37   162    26   114   173    38    46    61     2   143   138    94    36    31   163    13    40    25    49   137    62   167   148   161     1   177    69    13   156   153   100   114    62    84    22   143    31    46    86     2   160    52   103   122     1   102   148    55   103   137    60    77    49   163    64   171   105     3   132    44    51    30   174    55   102   143    74   103   116   179   145   127   159    65   127    46    46    65    27    40   166    91     1    87    82    89   135   131    45    30    94   116    66   149   138    74    66   107   156     2   140   180    68    80    89   129    70   122    50    62    99   119   166    52    85    62   150    60    91   178   146   139    99    70    63    38    25    12    61   162    16   131 
   83    58   168   132    99   116     7   131   155   105   111   149    29   150    41    36    87    58   166    23    84   128   121     5   118   154    57   107   100    86    11    57   177    69   133    82   127   174   172    40   176   126   123    66    25   148    83    39   168    87   178   117     5    63   162    76   150    89   125     8    75   169    91    54    93    44    19   143   167   152   132    12   129    18   154    58   119   173    48    37   122   144   132    79   131    78    99   169   169    75    46   115   154    28    47    70    72    40   180    64    27    92    96   144    78   147    55   145    74    72   117    58    68   133     7   134    79     5   120    32   171     9    61   124    36    61    32   176   126    72    89    45    60    55   109     3   149    77   177    72    26   155   139   120    31    81    87   131   171   137   138   121    62    68   138   147    64   124    94   141    79    58   162    20    64    68   154    91   120   162     2   103   145   113    53    21    56   153    80   106    77   152   131   113    83    63    81   100   156   150   117   146   116   165    19   131   173    42   144    58    38   128    12    98    18     1    50    76    56   117    51     1    37   155   103   164    98   168    83    27     6    63    73    46   117    37    85   155    91     7    15   166   118    82    38    22   132     4   103    11    38   138   136   136    14   129   158     1   151   140     7    86   138   160   114    76    87    69   158   111    58    14    77    76   127    74    19    26    40   124    33   129   135   114    45     1    82   164     5    73    11   152    31   137    95    46   104     4   162   122    36   147    10    80    20   169    74     7    67    73   170   114    16    23   174     5    28    42   120   131   157    82    79    21    41   100    84   136   157    49    21   122   154     3    83    10   135   144   143    62   170   154     9    90    52   172   134   164    12    27   138   136    84    29   165    55    80    92   172    65     7    35    50   163   179    39   172    80    26    13 
   12    47    20    59   179    24   165   143   110    55    24   134   154   114    94    40   141   126    61   137    10   134   127   173    45    20    22   123    11    20   106    87   161   165    60   124   120    33   168    55   102    41   100   129   168   168   138    84    12   104    72   132    57   162   171    15     1    45    77   124    39    20   146   118    42   170   170   112    14    38    29   154    70   113   113    42     1    32   171   122    32    88    18   140    94    94    99   180   168   162    42    43    87   143    35   161    10   129    46    16   111   137     3   177   155   105   166   174    43     7   149    85   154   144    96    38    66    14   108   126   100   136    96     5   166    66    73    42    47    33   142    14   139    81   106    22   114    55   145   132    55    11    25    82   180    96    66   147   105    22   108    69    27   132   122   160     7   112   155     4   158    38    35   134    63    97     8    24    42   126    22    72    39   123    70   102   123   156   133    95    54    73   133    81   161    30   156   119    27    92   130    55    35   163   104   110   136   169    29   148    62    47    48    94    94    25   109    48    42   111    50    66   153    47   135    76   138   131   102    74   114   109   158    21   134   178    74    13   132    90    18   160   153    77    26   111    86   175    49   165   120     2   173     8   176     8    72    34    53   145    75    36   110   116   164   153    85   179   101   179    22    75   127    40    48    66   100   141   124   148    56   151   168    52    90     8     6     3    13     4    48   117   158   123    81    14   166    79   123   123   104    50    29    12    88     5    87    61   143    59    49    69   129    82     9    19    83   153   136   117   154   160    60    85    35    99     3   142    88   149   177    39   116   121    63    18   113    41    44    57   135   104    45   118    21   101    41   115    58    65   137    40   158    93    22   107    37    34    76   177    98    47    99   119    57   161    69   153    86    52 
  175    38   128    48    99    18   103   135   164    78   126    13   132   135    85    83    89    43     8    27   116   111     9   152   114   146    24    61   179    56    53   162    25    91   102   113   102   122    24   102    36   130    97   171    77   174    55   154    17   130   135    95    93    83    44    94   178   173   138    32    74   162   117   162    65   105    15   166    88   177   165   156   161    65    79   168     5    57    67    28    95    51    61    66   169    76   165    85    55    87    84   123   130   136   142   121   159    53   178   154   136   159    60    34    85   148   168    42    76   172   161   119   179    36     3   134     8    30     9    80   171   180    97   121   103     1   168    62   143    48   114    60    24   108    58   163   157    90    35    77    98   154   166   113   123     1   171    31    45    35    86    93    39    20   180    73    12   102     5   146    48   139    11    19    12   101    13   121    44    11    91   117   175   142    26   123    57   131    54    79    46    23   120    39   156    75    65    92   175     2    35   156   136   143   137     7    89    98    60   112    22    97    23    63    76    37    76    71    11    53   169    94   173     8   147   165     2   121     6   162   107    23   170    48   143    60   168   152    42   131    89    50   103    97   143   151    83    90    58   116    31   110    96   103   134    57    40    66   141     3    78    81   109     9   109     8   168    11   169    90    98   129    54   133    14   121    65    28    59    23   158   163    99   104   150    58   136   165    24   108    66   173    87    65     6    83   173   152    18    75   139   117   127    97    37    40   112    78    30     1    78   101   117   177    23   109    92   138    75    31   134    99   125   144   172    94    77    27    68    98    60    19     2   119    65    88    39   125   151   159   179   144    28    48   162     4     8    21    61   167   140    93   104    65    83   116   180    38    54   143    67    75     9    45    49    30     1    63    62    27 
  112    96    50    81   170    36   179   170    56    12    78   104   108   150    51   114    88    40    64   152    64    31   106   153    67    78    42    53    21    55   145    29   173    36   122    65     7    95   127    85    24    70    17    83    27    79     9    84   170   122    39    78   122    12   113   155    77    16   155   131     4    77    82   123    49    81    42   166   126   113   121    87   133    46    10    95   169    47   138    60    22    42   132    85   134    85    92   165    36    66    85   147    95    39   115   139    11    17    42    78   178    77   164   178     6    74   132   131   162    40   120   151    28    21   152   123    59    92    64    26    79   144   135   171    74    10   114   177   169   132   108   120    92   160    53    32    94   127    12    28   122   153   116   167   126    35     4   124   137   104   129   139    19    16     8   164    91   176   122    58    31    16    19   153    60   162   123   112    27     2    96   117   128    93   110    75   101    24    73    81   179   136    18   109    19    11   118     7   141   133   134     2    63    81   124   122    33   104   172    36    58   104   104   156    90   175    89     8   112    67    76    13    93    48    93   170   111    97   105    10   156    41    58    85   142    76    80    13   175   152    27   127     4    60     8    81    60   106    40   120   107   105    14   112    70   116     3    12   177    80   130    67   107    22    24    58   149   145    19     3    13   177   107    59   130    74    73    84    71   124    73   133    50   180   119    76    24    14   165    35    40   168   180   160   134   143     9   130    18   157    65    18   111   166    48   109   172    57    26    90   119    62    64    76    96     9   168    85    99   124    51   141    87   179    32    21    20   110    86    98     6   171   172    66   179    63    17   154    59   102     6   164   155   103    49    16    92    10   112   126   139    38    26   113   131     3   129    93     4   177   111   160    56   128    56    79   161   163    14    46 
 0.00  0.33  0.33  0.34  0.26  0.37 
 0.33  0.00  0.31  0.40  0.30  0.28 
 0.33  0.31  0.00  0.24  0.39  0.29 
 0.34  0.40  0.24  0.00  0.26  0.34 
 0.26  0.30  0.39  0.26  0.00  0.33 
 0.37  0.28  0.29  0.34  0.33  0.00 
