10 12
15
      3679
      3174
      2495
      2643
      3122
      2920
      3585
      2886
      2892
      2284
      2909
      2875
      3226
      2442
      3136
  5.0  43.1  61.6   2.3
  4.8  11.6  14.5   1.6
  3.9  43.5  14.4   1.6
  3.6  27.5   6.8   2.2
  3.6  12.3  49.4   1.9
  3.7  25.7  24.8   2.3
  1.9  12.8  31.2   2.3
  3.1  23.6  39.6   1.6
  2.9  30.3  78.0   2.3
  4.4  11.2  15.4   2.4
  3.5  12.1  89.9   1.8
  2.6  46.3  36.2   1.6
  1.5  31.3  20.7   2.1
  5.0  37.1  24.8   2.4
  3.9  29.4  46.0   2.4
  3.2  23.1  62.0   1.9
  4.5  47.4  93.0   1.8
  3.5  19.2  10.3   1.8
  2.5  45.6  79.2   2.4
  1.2  12.5  46.4   1.8
  2.8  10.6  13.7   1.9
  1.8  34.3  16.3   2.4
  5.0  45.2  19.8   1.8
  1.2  39.2  79.0   1.6
  2.1  39.3  19.9   2.2
  3.1  46.5  38.2   1.6
  2.6  39.0  42.3   1.7
  1.0  38.3  75.2   2.3
  2.4  36.7  63.0   2.4
  1.2  36.0   6.1   1.5
  3.9  36.3  85.0   2.4
  3.2  42.1  57.2   2.1
  1.8  26.3   7.5   2.0
  2.3  25.7  10.1   1.9
  2.3  39.8  30.8   1.6
  2.1  25.5  94.5   2.5
  2.4  20.1  13.1   2.1
  1.2  19.3  20.2   2.5
  3.9  35.9  82.5   1.5
  2.7  47.3  17.5   1.5
  4.6  24.5  68.5   2.1
  3.4  47.4  77.9   2.2
  2.2  46.9  79.0   1.6
  4.5  37.2  25.7   1.9
  1.8  38.5  44.5   2.2
  4.3  35.0  81.8   1.8
  4.5  12.8  32.2   2.3
  1.5  22.7  42.5   1.6
  2.2  20.4  15.3   1.7
  2.4  21.6  56.2   2.1
  2.3  34.2   6.0   2.3
  4.1  15.1  79.5   1.8
  4.6  20.0  35.1   1.6
  1.9  14.7  54.5   1.6
  2.7  27.2  56.6   2.5
  3.4  35.7  24.3   1.6
  3.3  16.9  23.2   1.7
  3.8  21.8  92.3   1.8
  1.7  25.6  62.1   2.2
  1.0  47.0  19.5   2.2
  4.9  48.2   7.1   1.6
  4.1  22.1  67.8   2.1
  3.3  21.4  44.9   1.7
  4.1  42.4  66.7   2.4
  4.2  10.2  25.6   2.4
  1.8  48.6  43.8   1.5
  4.0  33.6  29.9   1.6
  2.9  18.7  32.5   1.8
  4.1  30.5  44.6   1.8
  2.1  42.7  14.6   2.0
  3.3  41.3  10.6   2.4
  1.2  19.6  57.2   1.7
  4.5  45.4  74.3   2.2
  3.4  15.8  17.4   1.6
  4.8  41.5  86.2   1.7
  1.4  26.9  65.6   1.9
  2.8  31.8   8.7   2.2
  1.0  23.4  20.6   1.5
  1.3  19.5  74.8   1.6
  3.6  42.6  57.1   1.9
  3.0  35.8  14.1   2.1
  2.8  24.0  10.0   1.8
  1.1  17.8  30.8   2.4
  2.9  28.2  58.0   2.1
  2.4  39.1  76.3   1.8
  3.1  49.1  85.6   1.9
  4.9  43.9  30.6   2.1
  2.1  45.7   8.7   2.2
  3.8  41.0   5.4   1.8
  2.6  27.8  90.0   2.2
  2.5  37.8  75.2   1.7
  1.1  48.8  62.0   2.5
  1.5  17.4  49.7   2.4
  1.6  30.8  32.8   1.9
  4.6  36.5  53.0   2.3
  1.9  15.0  52.5   1.5
  1.4  34.6  23.7   1.9
  1.3  19.2  81.6   2.1
  3.2  44.2  44.1   1.8
  2.0  31.5  44.3   1.7
  2.5  15.7  15.4   1.5
  3.3  38.3  60.9   1.7
  4.4  12.4  71.3   2.3
  1.2  13.6  40.3   1.9
  2.0  34.7  42.5   2.1
  3.0  17.4  21.4   2.0
  1.9  26.9  20.8   2.2
  4.4  26.2  80.2   1.7
  1.7  18.0  27.9   1.9
  4.3  19.0  81.5   1.8
  2.9  43.7  53.6   1.6
  3.3  33.5   9.6   2.0
  1.6  10.7  47.6   2.0
  1.2  43.2  11.6   1.9
  4.3  49.6  14.4   2.1
  4.3  19.7  63.9   1.5
  3.4  31.7  76.2   2.4
  1.5  49.5  94.4   2.3
  3.6  28.7  91.1   2.0
  2.6  26.6  69.5   1.7
  2.1  32.3  94.5   2.3
  5.0  43.6  50.1   1.7
  1.3  36.4  89.6   2.5
  2.3  10.6  64.7   2.0
  3.1  31.4  11.8   1.6
  1.2  40.5  73.9   2.0
  2.8  37.3  44.5   1.6
  4.6  33.2   6.6   1.5
  4.4  40.7  16.1   1.8
  4.6  45.0  13.6   1.7
  1.2  12.3  34.3   2.3
  2.9  46.2  69.2   2.2
  1.2  11.7  60.6   2.1
  2.0  11.0  33.6   2.4
  1.3  16.1  31.8   2.2
  2.7  12.4  14.4   1.9
  1.7  48.7  59.0   1.9
  4.9  13.1  63.5   2.2
  2.0  20.8  57.0   2.1
  3.8  46.9  51.4   1.6
  3.4  18.2  65.3   2.1
  3.3  29.1   6.0   1.9
  2.3  33.6  84.0   1.7
  4.3  18.6  54.4   2.1
  3.4  10.3  70.6   2.0
  2.1  46.0  11.1   2.1
  2.0  17.6   9.7   2.4
  3.3  13.5  48.8   1.6
  4.8  14.3  39.8   1.7
  2.4  19.6  69.2   1.9
  0.2   0.4   0.2   0.4   0.3   0.3   0.3   0.4   0.2   0.4   0.2   0.3   0.2   0.4   0.3   0.3   0.4   0.4   0.3   0.4   0.4   0.3   0.3   0.4   0.4   0.3   0.2   0.3   0.2   0.3   0.4   0.2   0.3   0.3   0.4   0.4   0.3   0.2   0.3   0.4   0.3   0.3   0.3   0.3   0.3   0.2   0.3   0.2   0.3   0.4   0.3   0.3   0.3   0.4   0.3   0.4   0.2   0.3   0.2   0.3   0.3   0.3   0.3   0.3   0.4   0.4   0.3   0.3   0.3   0.3   0.3   0.3   0.2   0.4   0.4   0.4   0.3   0.2   0.3   0.3   0.4   0.4   0.2   0.3   0.2   0.3   0.3   0.3   0.2   0.2   0.2   0.3   0.4   0.3   0.3   0.4   0.4   0.3   0.4   0.2   0.2   0.4   0.3   0.2   0.3   0.4   0.3   0.2   0.3   0.2   0.4   0.2   0.3   0.3   0.2   0.3   0.4   0.2   0.3   0.2   0.4   0.3   0.3   0.3   0.2   0.2   0.3   0.4   0.3   0.3   0.2   0.2   0.2   0.3   0.4   0.4   0.3   0.3   0.3   0.3   0.3   0.2   0.3   0.4   0.3   0.4   0.2   0.4   0.2   0.3 
  167    73    41   176   133   141    55    70   122   179    51   119   130   163   178    96   109    81    23     1   148   144   152     9    94    41    40   139   115    41   103   178   140    95   161     6    10    57   144    19   163    54    76    49    53   127   137     8   173    99   129   177   136   140    91   108    64    67   157   140    22    67   104   169   167    19    76    23    98    31    99     3    27    15    88    61    21    38    14    60    94    38   149    74   120   176    46   155    80   163    23   114   132    49   118   178   116    29    90   160    69   141    52    33   153    89   165    95     1    41    31    72    78   128    83   135    97   131     3    58    12    48    36    16    51   129   149    82   104   148   158    52   172    23   169    35    35   105   156   158    99    21   132    61   138    47   179   145    43    56 
   10    67     3   179   169   117    35   159    15    44   167    39   180   103   163    28    39   174   153   143    11   153    73   144    56    14   123    55    53    14   170    88    94    63    76    53   158    92     5    45   159   102   175    24    91   143   157   100   172   151    28   143   117    88    63    53    98    94    47   172    32    55   115   102   132   159   180   164    98   119   169    77     9   119    39   133    66   105   144    56    30    94   113    13   166   128    72     6    50   149    46    15    16    43    93    20    95    21    25   172   151   116    63    61   125    76    85    22     9   163     1    82   125   138    35    69    38    57    77   133   147     5   146   164    82    97   109    64    67   119     4    28    30    25   138    67   149    48   146   163    49   178    30    99    70    30    53    90    16   127 
  145    71   115    57    50    16   151    44   136   166   108   167    49   108   158    34   167   149    40    45   142   108    67   137   140   171   129    79    90   153   136    71   177    67    93   109    19    18   121    78   156    56   154   165    12   104   141    73    29    60    45    55   140   139   161   130   102   144    83   160   111   175    64    18    77     3    38    31   159    55    16    78   171    42     7    24    45    11   143    60   111    70     4    60   111   170   125    85    88   145    60    65    60    67    18   138    11   139   107    91    71    20    86   155   103    28   127    48    85    20   111   106    54    78   143    91   105    43    50    65   174   171    77   133    22     2    77    74    56   140    14   167    73    61   141   129    43    61   135   123    64    19   171    96   120     7     5    26   111   166 
  116   134   153    87    61    78    63    17    76    89   124   144    47   152    38    92   125     3   158    60   156   162    27   160   171    43    48   157   139   149    15   110    75   154    81    66    37   104   167    56   122    44     2   126   104   147    19    90    22     8    61   141   142   130    86   126    64    49    97   142   141   104    88   138    67    82    45    81    10    50   150    14   156   110   135    15    18   173    33    77   160   140    28    26    13   130    24    10    97   106   155    17    96    77    84    24    60   120    57   147   112    54   174   120    28   100   146    71   172   163   180    55   110    86    23     5    73   119   138   103    78    39    18    20    64   141    96    31   160    20   154   134   122     1     8   155    96   146   107    60   171   146    19     5    99   119   166   123     8    54 
  148   163    16    24    19   149    42    74   124   104   110    49    37    77    97   101    75    33   145   164    38   146    69     8    94    53    90   105    94    33   158    81   164   118    70    34    54   105   140   118   157    45   113   141    76    96    11     4     6    90     5    12    85   150    47   171    25    21    99   109    77    18   167    18    35    12    55   138   180   138   101    21    22   178   174    88   170     5   106   127    70   171   159   179   126     9   173    82   129    37    33   111    96    77   150   123    91    88   149   137   153    63    46   173    78   160   169    26   143    49     9   117    18    16   105    70   132   179   151   178    23   152   131    98    45    16   145    24    54   140    88    56    99    87    71    54   109    56    32    56    40    21   134   131   141    51    77   157   137   107 
  177   101   180   179     1    81   130   137   101     9    89   151   161     9     4    13   167   178    36   111   122    19   166   135   148    26   161   127   144   164   111   134    30   112   101   149   127   146   144    25    62    35    99   132    18    35   167    27    72    38    41   149   133    79    87    47   115    68    75   136    69   131    43    14    79   121   180    98   126    87    22   131    88    70    78    48   180   132    16   145    56    19   142   121    30   121   148    60   143    66    17   149   101   162    90   167    61    49    29   165    36   104   122   148   149    56    53    61    89    15    88   122    96    17    99    23    29   168   119    37   178    61    31   138     9     5   164    61    21   180   132    46   160   111    25    68    30    75   157    59    17   121    40   170    97    53   168   178    94   177 
  180     9    96    69   159    85    53   171     4    32   173   122   105    17    42     3    19    36    79    99   160   147    80    17    35   153    98    18    80    85   124    16    81    52   107   141   169   138    52     8    42   127    20   122   135    78   158    27   113    95    93    13   161     8    63    74    47    60    11     5   123   155    73   151     3    26     9    50    86   109   110   108    81    44     7    20   132   125   176   122    32    71   116   123   107    93   100   111   164    32     9   173    47   167   120    86   155    46    91   126    51    97    65    15   154   104   163   126    36   109    39    64   166   131     5    96    66    56   133   146   172   174   167    94    38    16    53    34    14   159    79    56   101   153    44    15    65   136    62   151    37    26    66    90   131   112    88    29   139   124 
  111   148    62    73   173    14    54   172    72   132    65    42     5   138   160    70    82   165   166     4    91    14   156    55    48   140   149   125   130    40     6   130    19    69    10   108    67   109    82   104    77   143    19    31   150   157    82   111    39    62    92    55    62    51    71    68    62    43    99   137    20    50    41     3   177    97    36   137    46   107   125     2    78    94   105   153    53    31    24   101    14    74    58   101   152   179    14   169   102   136    70   144    35    83    79   153   136    96   127   119    23    52    80    97     9    98   152   168    69   130    41   128    92    28   161    89     8   108   171    27    69    61    63   124   178    41   159   147   121   152   107    52    86   101   162    13   102    75   177    11   104   108   152   148    83    78   176   150   105    47 
    5   152   177    81    88    13   132   169   144    18   111    20     4    10     6   104   158    41   119    35   157    19   101    72    44   142   159    48    14    47    32    58   165    21   135   129    42   112    96   164    44     7    30   105    60   135   110   166    25     2   176   111    37   108   162   119    99    91   168   170   172    60   156   149   119    36    88   173    39    84   163    91   134    43   128   112    19   104   141    86    80     6   119    79   153   163   109   148   138   126    75   106   133    35    44   131   104    49    80    82   129   157   137   150   179   144    65   133    24    25    45   114    16   112    36   149    41    35     1    89   170   126   162    71    17    55   138   165    27    77    71    29   146    90   106   113   172   113   171    48   133    42   133    42    15    75   124   106    80   133 
   55    44    91    58    79    58    59   142    37   128   121    27   175    90   142   153   123   176     5    31    23    76    50    60    26    97   180    46    47    31    47    80    70   153   138    95   144   136   112   180   121   109   160    97   120   146    38   110    44    13    42   112   178    28   151    81    69    71    99    80    59   116    28   130   150   110   153    42     2   112   134   104   155    19   145    28    66   127   132   108    38   154   115    38   158    78   180   180   109   102    41   147   136   123   118    36    99   133    96   136   138   117   122    49    45    72   169   177   134   106    26   125   158    47    45    91   142    92   136   102   149   137    39    27    44    70     9    12    57   150    62    49   169    56    75    31     7   152   158     2    44   180   150   136   125    67    59    60    17    62 
   15    32   160   132   132   108     5    28   155    57    48    37    25   112   157    74     4   157   141    11   105   119   159    67   111    24   160     4    94   170   125    97   167   106   129    42   120   158   170    38    88    30   140    62    23   114   141   133    67    20    97    91   142    60    93    16    44    49    20    75   129   177   157    73     9   144   111    68   180    57    29   169   120   160    45   120   172   153   109    97   109    92   172    50   147    71   111    31    32    53   144   118   105    52   162    85    61    24   112    40    39   169   102     2    90    81   171    10    47    28   104   102    65   171   119    58   133    12   131   139    63   166   101   163   177    93    91    69    69    89     9   175   123     8    39    20    13    18    42    52   134   139   112    86    68   109    44    63   132    69 
   10     9   169   161   147   104     1   112    12   155    89    41    12    22   152   154   132   148    59    24    71   125   141   173   159    87    91   161    94     6    28    43    11    33    99   145    18    78    27     1   119   149    51   119    65    94   107     5   124    83   134    88    74   141    23     8    41    97   133    50   137    49    85   144    91    37    72    81    45    60    61   175   173    90   170     8   129   137   101    28    89     7    37    73    73     6   133   111   111    39    59    90    94    83   177    44   159    73   153    27   153    13   153    50   135   172     2    20   115   156    92    92   120     5    48    34    50   109   103    97   173    38   129   150    75   145    16   101   102    90   158    90   153    32    57    16   109   117     5    94    21    82    99   140    63    29    12    62     1    81 
 0.00  0.20  0.33  0.22  0.27  0.27  0.22  0.23  0.22  0.32  0.21  0.40  0.36  0.29  0.25 
 0.20  0.00  0.22  0.27  0.25  0.24  0.37  0.23  0.34  0.34  0.29  0.21  0.31  0.32  0.21 
 0.33  0.22  0.00  0.22  0.22  0.27  0.27  0.35  0.27  0.36  0.37  0.36  0.30  0.39  0.34 
 0.22  0.27  0.22  0.00  0.21  0.32  0.21  0.33  0.37  0.36  0.23  0.36  0.28  0.22  0.40 
 0.27  0.25  0.22  0.21  0.00  0.37  0.33  0.20  0.27  0.36  0.32  0.37  0.29  0.37  0.24 
 0.27  0.24  0.27  0.32  0.37  0.00  0.34  0.33  0.30  0.24  0.36  0.38  0.21  0.29  0.24 
 0.22  0.37  0.27  0.21  0.33  0.34  0.00  0.25  0.30  0.39  0.29  0.27  0.22  0.23  0.28 
 0.23  0.23  0.35  0.33  0.20  0.33  0.25  0.00  0.29  0.22  0.31  0.28  0.31  0.24  0.25 
 0.22  0.34  0.27  0.37  0.27  0.30  0.30  0.29  0.00  0.37  0.26  0.30  0.38  0.33  0.26 
 0.32  0.34  0.36  0.36  0.36  0.24  0.39  0.22  0.37  0.00  0.34  0.25  0.36  0.33  0.34 
 0.21  0.29  0.37  0.23  0.32  0.36  0.29  0.31  0.26  0.34  0.00  0.21  0.39  0.22  0.21 
 0.40  0.21  0.36  0.36  0.37  0.38  0.27  0.28  0.30  0.25  0.21  0.00  0.29  0.25  0.25 
 0.36  0.31  0.30  0.28  0.29  0.21  0.22  0.31  0.38  0.36  0.39  0.29  0.00  0.28  0.24 
 0.29  0.32  0.39  0.22  0.37  0.29  0.23  0.24  0.33  0.33  0.22  0.25  0.28  0.00  0.26 
 0.25  0.21  0.34  0.40  0.24  0.24  0.28  0.25  0.26  0.34  0.21  0.25  0.24  0.26  0.00 
