60 12
4
     17308
     17792
     15707
     17237
  1.1  30.7  91.5   2.3
  2.1  46.6  28.7   1.9
  2.3  37.8   5.2   2.3
  4.4  29.1  92.8   1.6
  4.8  49.5  32.1   1.9
  3.3  31.7  85.0   2.3
  1.9  45.5  42.1   2.1
  3.0  29.0  22.8   2.3
  1.9  26.9  43.7   1.9
  4.3  41.5   6.0   1.8
  1.0  33.9  54.8   1.8
  1.4  11.0  16.4   2.3
  1.1  32.9  77.9   2.2
  3.3  12.2  17.0   1.9
  2.6  21.9  62.3   2.1
  3.4  17.5  46.3   1.7
  3.5  21.1  58.8   2.1
  2.6  11.3  61.5   2.3
  3.1  38.0  80.4   2.4
  4.7  42.2  71.6   2.0
  1.6  20.3  77.4   2.2
  4.6  11.4  94.4   1.9
  3.4  17.3  26.4   2.0
  4.8  13.3  89.1   2.4
  1.0  15.7  35.0   2.3
  1.1  45.0  25.7   2.4
  2.3  37.9  32.2   2.3
  4.5  21.6  85.5   2.4
  3.7  33.8  23.0   1.7
  1.9  10.1   6.9   2.1
  3.4  17.1  48.7   1.9
  1.3  14.1  28.2   1.9
  3.3  12.9  73.4   2.1
  3.0  14.2  66.3   1.6
  4.3  43.0  31.3   1.7
  3.8  41.4  30.5   2.3
  2.0  19.6  13.5   2.1
  1.1  12.4  50.2   1.9
  1.8  39.4  37.6   1.6
  3.6  34.4   7.2   1.6
  4.8  38.2  16.0   2.4
  4.2  11.7  13.4   2.4
  4.1  39.7  58.3   2.1
  2.4  17.4  86.4   1.7
  1.5  11.4  20.5   1.8
  4.0  34.1  85.4   2.1
  3.8  45.6  45.0   1.9
  2.1  37.1  48.8   2.2
  2.3  26.9  65.1   1.8
  3.6  10.9  36.2   1.5
  2.0  29.2  29.7   2.5
  1.3  24.2  36.3   2.3
  3.4  45.4  66.1   1.6
  4.6  14.7  89.3   2.3
  1.8  49.6  19.3   1.7
  2.6  37.8  78.6   2.3
  3.5  12.4  36.8   2.2
  1.8  46.4  19.9   2.3
  3.5  19.1  63.3   1.9
  1.5  11.2  18.1   2.0
  3.7  19.9  47.5   2.5
  4.1  30.5  39.2   1.8
  3.5  14.4  35.0   2.2
  1.3  33.7  27.7   1.9
  3.0  28.0  68.3   1.5
  5.0  15.7  73.2   2.4
  1.1  34.6  17.6   2.3
  3.9  38.9  35.7   2.2
  4.0  19.0  69.1   1.6
  1.9  23.0  67.2   1.9
  1.9  40.0  51.4   1.7
  2.8  30.0  89.4   2.3
  4.2  29.2  67.5   2.2
  3.6  28.7  18.5   1.5
  2.9  16.2  92.3   1.7
  4.6  23.6  74.0   2.0
  3.2  32.3  84.6   2.3
  3.9  44.1  71.5   2.1
  1.4  23.3  52.2   1.6
  3.0  37.7  93.4   2.1
  3.1  21.0  43.4   2.2
  4.0  37.0  80.6   1.5
  1.1  30.6  33.2   2.2
  1.3  48.0  18.6   2.0
  4.2  14.2  69.4   1.8
  4.1  23.5  65.1   2.0
  3.1  30.2  41.3   2.0
  3.5  46.1  33.2   2.2
  2.1  28.0  49.8   2.4
  2.2  42.3  57.6   2.4
  2.7  10.8  69.1   2.3
  1.2  48.7  65.9   2.5
  3.2  41.5  88.9   1.5
  3.2  30.8   6.4   2.0
  2.2  31.3  72.7   2.4
  2.8  37.7  26.1   2.0
  2.2  16.1   8.2   2.2
  3.5  24.6  19.0   1.9
  1.1  46.1  20.0   1.8
  3.9  37.1  42.8   2.1
  2.9  40.6  21.1   1.6
  4.6  23.6  40.6   1.8
  1.3  38.4  40.5   1.8
  2.7  15.9  67.2   2.3
  4.9  23.1  44.1   2.3
  1.8  47.5  38.5   1.7
  1.7  12.2  22.2   1.8
  4.6  19.8  79.1   1.9
  2.9  34.6  55.9   1.9
  2.0  28.3  68.4   2.0
  2.0  26.5  57.8   1.7
  4.1  47.5  17.5   2.3
  1.5  29.1  20.3   2.1
  3.7  10.3  42.5   2.4
  2.4  49.0  39.1   1.8
  1.4  13.2  90.7   2.1
  3.0  36.3  71.0   1.5
  4.4  25.9   9.9   1.6
  3.6  20.0  93.4   1.8
  4.6  46.7  32.2   2.4
  4.4  14.1  38.9   2.2
  3.4  10.2  23.8   1.6
  2.0  32.0   5.2   1.8
  3.5  28.2  92.4   1.5
  4.8  14.6  61.7   2.1
  3.5  44.3  16.0   1.9
  3.6  28.9  13.7   2.3
  1.3  47.5  29.3   2.3
  1.4  24.4  70.9   1.8
  3.6  41.4  81.4   2.3
  3.5  31.0  35.0   2.0
  3.5  29.9   9.1   2.3
  4.1  40.2  17.1   1.7
  1.2  19.4  86.7   2.4
  4.4  12.9  52.6   2.0
  1.4  43.0  50.9   2.4
  1.7  15.1  53.6   2.5
  1.0  49.5  53.0   1.8
  5.0  13.4  25.4   2.0
  1.8  10.5   6.6   2.4
  3.1  10.5  12.6   2.2
  1.6  20.6  21.2   1.6
  2.1  26.8  42.0   2.4
  2.1  16.9  58.9   2.0
  3.8  15.4  66.3   2.4
  3.1  38.0  88.1   1.9
  2.2  37.0  17.6   2.3
  2.8  33.6  85.9   1.7
  3.1  35.2  52.8   1.9
  1.7  27.6  91.7   2.1
  1.5  30.5  40.7   2.0
  2.8  48.1  48.2   1.8
  5.0  12.7  47.6   1.9
  1.6  35.9  93.3   2.1
  2.7  38.5  81.4   1.9
  1.3  40.0  17.8   1.8
  1.6  25.8  91.5   2.4
  1.5  47.6  44.6   2.1
  3.4  39.6  55.6   2.2
  2.0  29.3  58.2   1.6
  1.4  37.8  48.1   1.8
  2.2  46.8  39.1   2.4
  1.9  39.9  18.1   2.5
  1.5  48.7  76.3   2.4
  3.5  48.7  33.4   2.3
  4.2  37.8  35.5   2.2
  3.5  11.0  12.9   2.2
  2.6  15.5  20.0   1.5
  2.8  13.0  39.0   2.0
  2.2  28.7  74.0   1.9
  1.1  27.2  28.0   1.9
  1.8  29.7  44.7   2.2
  3.5  42.0  40.5   1.8
  2.3  48.8  75.8   2.1
  2.9  13.6  34.9   2.1
  3.6  13.3  14.2   2.1
  1.2  26.5  16.1   2.2
  2.7  33.3  55.5   2.3
  1.5  25.2  65.8   2.4
  3.2  45.6  40.1   1.9
  1.2  22.8  37.1   2.1
  4.4  16.9  46.1   2.4
  2.6  39.9  33.0   2.3
  1.3  23.0  35.6   1.8
  4.7  28.7  85.2   2.0
  2.3  21.7  94.8   2.4
  2.8  46.7  86.7   2.4
  4.7  29.1  62.8   1.7
  1.8  49.3  30.7   1.9
  2.2  32.7  60.6   2.2
  1.5  39.6  11.1   1.7
  1.2  45.4  53.9   2.1
  2.0  42.7  73.3   1.5
  2.5  24.5  68.5   1.9
  2.2  11.3  81.8   1.5
  4.6  33.2  12.0   1.7
  2.1  40.3  41.2   1.9
  3.6  16.3  65.2   2.2
  1.2  32.8  55.9   1.8
  1.0  12.5  26.3   1.9
  3.3  49.3  64.8   2.0
  1.3  21.4  84.2   1.8
  3.5  33.8  62.2   2.0
  2.7  41.9  11.1   1.8
  3.9  16.2  52.7   1.6
  4.9  25.5  35.2   2.0
  4.1  17.2  10.4   1.7
  1.9  31.7  57.8   2.2
  2.7  11.7  31.4   1.6
  2.1  22.9  26.7   1.6
  2.0  16.9  11.0   2.0
  1.3  34.8  69.0   2.4
  4.6  38.9  90.9   1.6
  3.9  22.6   8.2   2.5
  2.5  13.0  22.6   2.0
  2.6  16.0  18.7   1.6
  2.2  47.7  17.7   2.3
  4.2  25.8  24.7   2.1
  1.9  18.5  32.9   1.9
  2.9  48.2  83.3   2.0
  1.6  31.5  81.8   2.0
  1.1  11.2  60.6   2.5
  2.0  42.0  68.7   2.2
  4.7  12.3  15.5   2.1
  4.7  35.5  88.0   2.0
  4.5  49.1  28.6   1.9
  4.4  48.9  45.9   1.9
  4.2  46.8  76.4   1.5
  4.2  14.3  75.2   1.8
  4.2  11.4  14.4   2.1
  4.6  15.0  45.7   2.4
  2.2  40.9  68.4   2.0
  2.7  18.1  71.1   2.0
  2.4  19.2  73.0   2.4
  4.4  12.3  41.4   1.8
  1.8  43.4  86.7   1.6
  4.4  26.4  56.9   1.5
  1.5  27.8  88.1   2.4
  2.3  28.6  52.8   1.8
  3.7  11.3  95.0   2.5
  0.2   0.4   0.3   0.2   0.2   0.3   0.3   0.3   0.3   0.4   0.3   0.3   0.4   0.4   0.2   0.4   0.4   0.3   0.3   0.4   0.3   0.3   0.3   0.4   0.3   0.3   0.3   0.3   0.3   0.4   0.3   0.3   0.3   0.3   0.4   0.4   0.3   0.4   0.2   0.4   0.3   0.3   0.2   0.3   0.3   0.3   0.4   0.2   0.4   0.3   0.2   0.3   0.3   0.4   0.2   0.4   0.2   0.4   0.4   0.2   0.4   0.4   0.2   0.4   0.2   0.3   0.4   0.2   0.3   0.4   0.3   0.4   0.3   0.4   0.4   0.3   0.3   0.3   0.4   0.3   0.3   0.2   0.4   0.3   0.2   0.4   0.2   0.3   0.4   0.4   0.3   0.3   0.3   0.3   0.3   0.3   0.2   0.3   0.3   0.3   0.2   0.2   0.2   0.2   0.3   0.4   0.3   0.3   0.4   0.3   0.3   0.3   0.3   0.4   0.4   0.4   0.2   0.4   0.4   0.3   0.3   0.3   0.3   0.4   0.3   0.3   0.2   0.3   0.2   0.2   0.2   0.3   0.4   0.3   0.3   0.3   0.4   0.3   0.3   0.3   0.4   0.3   0.3   0.2   0.4   0.3   0.3   0.2   0.4   0.2   0.3   0.2   0.3   0.3   0.4   0.4   0.3   0.3   0.3   0.4   0.2   0.4   0.2   0.4   0.3   0.3   0.2   0.3   0.3   0.3   0.3   0.3   0.4   0.2   0.3   0.4   0.3   0.3   0.3   0.3   0.4   0.3   0.3   0.3   0.3   0.4   0.3   0.3   0.2   0.4   0.3   0.3   0.3   0.2   0.3   0.3   0.4   0.3   0.4   0.3   0.3   0.3   0.3   0.3   0.3   0.4   0.2   0.2   0.3   0.4   0.2   0.3   0.2   0.3   0.3   0.2   0.4   0.2   0.3   0.2   0.4   0.4   0.2   0.2   0.2   0.2   0.3   0.3   0.2   0.4   0.2   0.3   0.4   0.2   0.3   0.3   0.2   0.3   0.3   0.3 
   80   179    19    50    83   154     9    38    20   165   120   136   122   175   108   164    81   164   130   136    25    71   123    83     4    11   127   150   117    56   172    53    62   103    86    68   170    42    73   135    88    11   151    25     3    89    12    73   165     2    45   116    99    47   109    76   120    31    61   123   143   153    70   140    74    48   117    85     8   151    88   109    71    88   160    33    12   128    97   146   118    91    54    41    54   134    14    95    28     6    53    78   179    22    38   119   152   115   144   111   113   112    78    27   119    46    67   128    65    99   180   110    69    20    23   175    94    91   132    18   121   170     2   120    95   168   120    66    42    50    73   170    81    37   174   160    99    82   147    80   169     1   132   173    83    84    95    39   137    25    27    70    80     8   150    19   102    94   101   173   100    75   164   117   157    93   179   116   117   138     1     5    63   104   112    71   152   174    35   115    52   102   157   158   141    54   125   111    35   180    92    76   125   151    24    72    58    58    28    31   157    25   109   167   150    21    31   146    40   176   135   113   131    39   116   142    43   152   110   117    30   174   101   125    66   100   128   132   108    82     6    53   151   124   169    32    94    17   107   170 
   83    23     7    74    69    10    56   176   149   163    93    86   100    73   150   111   160    23   144    80   101    91   109    62   139   137    12    37    68   122    74    28     9   124   130    12    61    66     8    98    71   159    70   180   164   156    24   143    72   114   116   117    61    31   168   129    86    49    20   128   107    19    98    13    65    31   177    14    36    51   138   142     4    30    65    32   142    94   118   130    37   104    97   141   160    83   132    55    17    24    44    38   150   175     1   177    15    49    28   165   116   160    70   120   119    35    12    48   158     4    70    12    86     9    29    36    66    48   104   175    82    33   172   142   143    68     6   153   123   165    59   103   142   175   174    34   162    80   134   159    53    68   112   119    20     6    79   126   171   125   109   163   166    59    16   172   160   175    41    33    31    88   140    91   138   158   135   161     8   123    90   159   118   177   101   117    31    35    73   162     1    11   164    72   126   137   144   129    91    70    67   114   153    73    44    42    71    46    32   144    64   157    40    19   118   160     1    13    14    88    81   100    75   112   176   159    99    97    99   177   131   147    28    63    33    69    84     6   111   148    11    35   144   145     8     1   147    86     3   128 
  128    16    68    76    62   100    59    74    32   129    55    54    23    20    78   159   149   168    37   123   139   127    75   151    37    26     2     5   169   141    96    58   131    94   102   109    30     2   156    14   147   104    92   117    16     5   157    63    64   136   114    37    49   127    61    93   106   154    94    40    89    88    29   144    58   108   170    86   169    35   104   148    55    55   108   114   169    37    23   129   170    68    46   176   131   140    10    49    51    81   123    97   130    54   171    64   150    84    53    71    75    88   180    64   105   164    39    78    52    84     4    52   122   165    63    75   172   156    40   149    29    43    91   104    66   132    99   105   146   160   146    76    20   138    46    51     8    81    40   133    33   137   151   135    29    69   138    44   103    51    49   164    20    61   157   161    99    99    62   102    11   169   151    53    87    68   103    66   125    29   165   119   176   170   111     1   176   136   110    25   142    74    13    75    32     9    48    62    75    73     9    74   154    18    41   142    83    44   175    14    25    34    15    59     9   118    67   103    53   147    36    43    21   149   151    57     6    15   147    13    12   122    90   152     2   123   114    87    71   171    15   160    62    14   151    94   122    81    95   170 
   72    16   147    11   136   134    57    55   103    63    89    32   114    46     2   136    94   173    60    52    26    19    90   154   135    33    41    39    23   152   155    62    38   152   161     1    61   111    94    66   112    59   162   120   153   128    50    43    43   168    41   127    39   125   137    85    56    54   122    12   129   173    64   126   104   112    12    49    77    54    23    86    35   178    89   154    19    44   133    20     1    33   172   162   119   152    21   154   149    83   131   129   165    51   154   116   165    40     2   162   113    70    65   176    18    77   175   123   131   125     5   122     4    19    79   144    27    85   180    22   167    43   121    49    80   135    20    39    90   176    49    34    57    22    30    51   131   126    36   133    55   123    69    92    94    60   141    43   134   106   136   100   179    81    97    58   105    94    17   110     7    84   119    63    41    81    87   124   158    20    42   116    25    70   129    91   173   143   148    78    59    17    26   174   112    76    30    78    11   143    53   116   141    74     9   165    32   148    54   111    29    10   168   152    27   162    62    85    92    80    70   142   100   141    51    92    91   140   143    74   108    10   149   106    71   175   177   146    90    31    18    70    56   153    84    44    68   159   119    45 
  138   126    73    21    27    55    40   113    30   141    31    18    63    54   152   136   163    49    75   141    21   171   148    76   116    11   102    52   122   118   113    61    28    47   174    19    88    89   162   175   154     6   111    96    61    96   150   158   139    96    64    64    40   160   162    15    90    10   146   132    15   174    71    86   104   116   134    76    41    96   172   122    74   175   162   102   136    33   169    83   171    81    95   154   125    90    47   103    40    44    39   155    83   122    10    98     2   166   122   157     5   116    37    30   112    43    48   121   162   115   115    32    58    15   139   116   101    71    15    28    46    83   143   178   117   170    28   170   129   141   117    72    52    46    60    46   169   148   115   134   177     7   100    77    54   177    29     1    63    19    60    21     2    37   118    74    24   153    93    50    12    25    66    68    41   156   131   178     4   166   132    68   166     3    20   109   118   169    53    37     7    44    43   122    49   158    90    23     7   152    43    86    36    30    60     7    62   167   114    23   180    70    93    38    29   148   115   125   132    84   139   176    73    55    19    28    88    58   158     7   155   111    58    87    15   130   173    19   118   114    33   118    10     1    36   137    43    30    84     8 
  124   135   106    20    42    75    35   180    58     2   124    76    32    93    75    49   166   116   112    65    79    50   106     7    51   125   178    78   152   175   151   104    36   168    46    26   179    95   113    45   143   157    70   168   146   160    67   122    72   141   127   105    44   132    94    83    57   136    34    96    70    13    57   154     4    53     3   155    99    38    70    68    69   176   113    54    86   148     9    44    24    45   109    64    29     4   102    24    70   114   143    12    73    97    61    76   126    99   165   169   167   177    18   103    91   141   128    34   112   160    24   173    40   159    18   101    34    54   116    63   138   127    93    84    92   167   155    19    83   138   100    15    68    26    27   148    42    73    98   137    38    87    60   118   155    21    62   179    14    68    49   144     2    20   171    65   144    70    39   140   129    23   133    46   168    61   115   166    69   164     5    28   132    59   176   120    18   114    52    31    42    70    46   123   165    39   173   109    19   178    45    99   135    61    16    82   141   102   164    76    83    75    33   138    37   171   114    59    91   126   155   124    81    32     4    69   176   159   121    90    43     1    90    20   125    99   125   180   176    31   104    59    92    39   164    73    11   178     1    90 
   20    71   114    51    93   163    66   139    32   126   169    57   127    20    28   151    20   168   169    19    71   139    12   172    24    80    48    83   102    83   154     2     3   168   159    48    82     5   118   147    76   172    34   100    10   169   127    94   161   107     1   142    61    42    52    87    66   156   170   144    57   157    62   167   148    29   114   154    39    26   118    31   174    64   150   167    95     8    41   111    27   104   129   166    40    93   180   152    13    38   118   170    82    35    86   154   168    96    60   154    59   114    18   128   119    77   120   111    90   107    85   142   113   167    90    17   142    51   113    31    26    98   114   156    10   153   120    94    36    93   142    31   136    66    13     1   145   103   138   143   112   163    29    47    28   103   127   151    10    23    14    71   160   162   104   160   169   154    78   122    19   109    11    48    75   151    55    25   180   117    14    62    27    82   180    65    74    67    69     1   115    57    97   114   161    35   139   140    97   108   108    47    39    93    38    78    28    31   154    11   105   179   144   106    63    84    44   122    12    14    27    91     6    84    29    75     9    54   124   111   179    56    71    33    91    93   159     2    22   110    49   135   176   112    15    87   138   112    93    67 
  121    13   152   126    79    13    19     9   180   151   139    67    97   156   140    26   134    72   146    28    98   163    67    25    78   149    70    41    84    17   171    31    62    16   159    62    44    48    59    72   161   102   162   108    25   177    22    94    13    49     1   174    92    72    40   153    15   149   172    65    66    16    15   171    68    24    16   154    98   136   135   139   159    69    34    27   170   139    47    73    60    35   162   147     4   107   104   109   170   126    42    30   108    39    84   136    25    86   116   130   159    10   175    97   177    22   125    81    19    14   145    13     4    71    91    68    25    74   113   147    53   137   106    63    95    21   134     5    47    39   157   100    51   164   174    35    58   167    29   122   104    34   114    24   133   107   138    49    28     6    57   101    13   142   129    26   180    31   170     3   140    27    86   122    81   164    61   134   145   105   116    44   107    66    53   166     7    99   153    31    87    78   147    31   115    79     5   107   101   127     9   133   108    83    39     3     8    23     7    77   165     9   105    51   135    44   146   106    71    47   100     2   137    63    60   173   157    71   155   167    70     7    12   125   129   148    11    60   120   108    14   155    62   117    93   132   178   123    94    62 
   37     1    88    75   100   146    36    80   167    41   147   178   141   164    29    58   168    64    29     8    37    12   143    60    33    83   123   131   143    90   135    99    70   129    77    46   108   141     1   168   118    26   164   113   146   140   171    31    65    84    10   104    93    15   179   171   142    40    65    32    76   102   106    59   154    26   142   173   179    41    64    75   115    79    88    61    79    55   162    67    76   158    97   155    84   134   149    83   104    98     1   125   172    52    25    37    12   140     3   159   170   155    40   123    93   145     4    80    53     6   111   116    23   133    99    79    20   120     9    32   172   179   122   102   103   156   169     8    21    87   178    61    19    97    65   114   147    14    86    47    84    47   114   148   115   151   128     3   103   132     1    50    36   116    53   146    11    39   160    56    67     3   123   158   139    58   106     8    66   116   155   167   109    41    20    14     2    71   101   165    39   116   171   145   128    31    55    64    49   144    97   127    60   139   179   130    95   112     3    35   106   114    31   136   115    23    86    35   104   177     3    48    96   134    18   115    76    90   165     8   137   148    93   166    13   117    68   128   116    60   162    96    83   107   102   133     7   116    26    22 
  115    99    57   114    73    47    98    39   148    11   136   142    18    25    18    84    96    79    60   167    57    93   163   152   178   176    37    69   124   114   102   117    58   128   157    14   153    65    18    57    38    31    91    20   166    24   149     1    16   148     7    53    44   121    80    67    64   130   161    35    58   163    72   105    89   125    15   172    12    64   172    76   171    20    29   150   118    78   104   180   123    37   109     8   122    62    21   164    74    18   125   137   150    20   125   123    83    53    84   108   119   149    19    49   127     6    37    89   144    62    99    61     2    25   140    28     9   108    86   166   134    13   157   109    57    10    82    65   110    46   108    97   160    15    33   103   171   103   153   130    15    35    15    55   137    17   157   142   119   134   120   174    45   135   105    38   106    82    62   130    42    29    16    86    78   135   114    94   118    18   170   166    27   128   173    57    46   121    93     1    34   117   160   169   114   168   157   157    57    89     7    16    42    16    53   114    87   138    39   131   173    66    79    22   163    35    36    38   115   166   158    51    47   110   130    50   102    62    32   180    49    42     1   178   129   125   110    22   111   117    86   126   173     3    61    29   164    20   173    34 
  106   178   112     4   155    89   139    24   119    61    28    90   125   166   134   114    11   159    66   128   164    61    15   165    72    11    87   164   155    29    51    64    25   127    54   170   147    39   150   167    28    16    68   112    46    86   160    84    56   158    98   159   179    63   132    94    88    80    84   144    92    53   158    57   131   114     6    29    82     8    46    67    46   104   138   109    20    94   145   179    24   136   168   100   131   145    22   157   176    78   113    70   142    18    96   132   148   129    20    75   169    39    41   115   127   145    38   133     5   170    47   110    27    52    80   169    20    98    55   174     6    85   104   119    41    41   110   107    99    66    69    74    72     6    98   118   159   142   141    55   119   175    60    37   133   127   145    39    29   135    85    56    26    89   176    30    50    58    75    18   119    47   132   155   177   113    13    68   128   132    97    33   154    65    65   144    22    91    23   147     3    57   133    20   134   139    62     3    27   143    31     3    55    18    59   138   165   145    17   171   133    87   154    65   118    23    72   159   102   163    30     3    33   170    38   152    66   174    63    37    62   126   103    68    20   150    14    90    87    85    85   119   133    70    40   174    94    34   141   151 
   48   171    98   115    79    28     8    31   105    31   143   175    98   125   178   128   148   120    29    97   141   174    88   162    36    46    26   105    73    59    60    21    91    54   131   176   177    85    81   114    81    57    93    94    41   144   155   161    25    97    55    12    29   102    46   133   173    25     6   139    74    59   139    84   160   138   125    70   141    72    37   171    28   156    41   109   159   130    12   113    30    86   104    65   142    10   157   162     7    13   101   166   124   113    40   109    85    15    33   106    88   101    22     4     1    96    68    74   107   171   108    33    96   174    36    87   101   115   150   142    38   132    63    39   104    55   133   118     9   118   178    58   118    69    74    19   133    91    17   120   100   146   157   113    61   150    80   132    40   178   136    26   113    24    16   126   104    60   165   110    58   120     6   177   169    98    64    11   122    95   106   105    43    21   117   147   118   147    34    76    61     6    64    58   177   157   128   171    43    33   118   129     9    83    56   133    19    63    56   121   120    88    86    45   102    20     4   165    68   121   174    63   169    92    13   156   122     8   124    39   124    70   157   130   125    30   105   145    34   113    93    74   165     2   122   121   165    19   125    30 
 0.00  0.33  0.21  0.38 
 0.33  0.00  0.32  0.34 
 0.21  0.32  0.00  0.24 
 0.38  0.34  0.24  0.00 
